Index	X	Y	Precision	SEM	PSF	First_Frame	N_detections	Photons	Intensity	Frames_missing	Channel
892	16431	22173.8	18.8	0	195.9	38	1	870	0	0	1
1305	16250.4	22387	12.4	0	188	58	1	1374	0	0	1
1446	16336.1	21995	20.4	0	191.6	65	1	715	0	0	1
1521	16312.5	22048.5	18.3	0	180	68	1	811	0	0	1
1531	16313.7	22091	19	0	170	69	1	590	0	0	1
2299	16618.3	21721.8	20.1	0	188.2	113	1	747	0	0	1
2331	16619.4	21671.3	12.9	0	165.6	114	1	1164	0	0	1
2391	16615.7	21670.7	14.7	0	167.1	118	1	901	0	0	1
2401	16673.7	21658.9	24.9	0	181.2	119	1	560	0	0	1
3611	16278.6	22128.6	27	0	179.3	189	1	365	0	0	1
4667	16282.6	21982.5	10.1	0	175	251	1	1048	0	0	1
4735	16253.5	21934.3	19.7	0	146.2	255	1	294	0	0	1
4750	16292.6	21976.1	18.4	0	159.2	256	1	362	0	0	1
4952	16446.9	22134.9	22.6	0	175.5	270	1	313	0	0	1
4969	16460.6	22195.4	17.2	0	182.8	271	1	531	0	0	1
5489	16251.8	22212.2	11.2	0	167	305	1	922	0	0	1
5622	16227.1	22124	15	0	164.8	315	1	546	0	0	1
6071	16265.4	22142.8	29.6	0	147.4	346	1	191	0	0	1
6107	16221.7	22125.6	31.8	0	182.1	349	1	265	0	0	1
7160	16266.9	22165.3	26.5	0	151.9	428	1	237	0	0	1
8077	16280.9	22190.3	14.1	0	162.7	491	1	572	0	0	1
8191	16248.5	21784.5	29.7	0	146.2	500	1	205	0	0	1
8221	16281.7	21786.6	15.6	0	160.2	501	1	689	0	0	1
8232	16267	21767.4	12.3	0	140.3	502	1	689	0	0	1
8361	16245.7	21930	18.7	0	191.6	512	1	562	0	0	1
8409	16236.4	21975.4	16.4	0	177	516	1	595	0	0	1
8421	16290	21960	20	0	173.4	517	1	446	0	0	1
8432	16261.9	21985.7	19.8	0	168.7	518	1	386	0	0	1
9186	16275.3	22127.3	18.5	0	153.4	574	1	463	0	0	1
10393	16268.9	21985.4	19.3	0	178.5	666	1	475	0	0	1
10608	16909.7	22151.8	20.3	0	153.8	682	1	330	0	0	1
10676	16920.5	22125.5	10.4	0	165.5	686	1	822	0	0	1
11043	16305.7	22191.2	18.7	0	152.8	715	1	463	0	0	1
11602	16200.1	22121.2	24.3	0	175.6	759	1	436	0	0	1
11619	16204.1	22150.6	28.5	0	171	760	1	402	0	0	1
11649	16277.1	22100.6	15.8	0	150.2	762	1	378	0	0	1
14608	16573.6	21489.5	17.6	0	181.1	992	1	482	0	0	1
14627	16549.5	21503.5	16.3	0	195.2	993	1	839	0	0	1
15400	16297.1	22026	21.1	0	191	1052	1	401	0	0	1
15410	16303.7	21987.5	23.5	0	157.4	1053	1	277	0	0	1
16230	16378.2	21793.3	11.5	0	144.2	1114	1	703	0	0	1
16472	16562	21970.4	14.2	0	139.1	1132	1	369	0	0	1
17515	16547.1	21544	16.8	0	185	1214	1	584	0	0	1
17528	16547.4	21519.1	19.5	0	197.8	1215	1	483	0	0	1
19482	16505.2	21776.5	12.2	0	145.6	1365	1	594	0	0	1
19806	16403.6	21492	22.1	0	152.2	1389	1	296	0	0	1
19890	16249.7	22126	14.3	0	148.3	1397	1	380	0	0	1
20711	16182.3	22331	18.9	0	150.4	1461	1	274	0	0	1
21894	16224.7	22131.3	16.5	0	141	1554	1	326	0	0	1
21948	16253.7	22174.4	19.6	0	139.9	1557	1	251	0	0	1
22066	16257.8	22164.6	19.6	0	158.1	1564	1	352	0	0	1
22291	16785	22319.7	25.4	0	137.2	1582	1	179	0	0	1
22430	16293.1	22204.1	9.6	0	162.8	1592	1	1051	0	0	1
23430	16181.1	22319.1	7.9	0	173.2	1672	1	1510	0	0	1
23484	16180.5	22322.3	8.5	0	170.8	1676	1	1105	0	0	1
23573	16143.3	22331.1	11.6	0	185.7	1684	1	1374	0	0	1
24685	16305.2	21661.5	17.9	0	163.2	1775	1	496	0	0	1
25567	16753.6	21762.2	21.7	0	172.8	1844	1	370	0	0	1
26372	16258.1	22200.7	18.8	0	179.8	1905	1	435	0	0	1
26595	16571.1	21567.9	18.8	0	186.8	1924	1	469	0	0	1
27049	16207.5	22222.1	29	0	198.2	1959	1	361	0	0	1
27514	16553.5	21549	20.3	0	168.1	1999	1	500	0	0	1
27938	16215	22218	19	0	182.6	2032	1	542	0	0	1
27949	16256.1	22171.3	15.6	0	164.3	2033	1	522	0	0	1
28583	16223.9	22177.7	13.2	0	168.8	2081	1	538	0	0	1
29623	16551	21490.4	11.3	0	186.2	2164	1	1017	0	0	1
30115	16333.9	21614.6	22.9	0	140.3	2203	1	251	0	0	1
30156	16335.1	21607.6	22.8	0	154.9	2207	1	259	0	0	1
30615	16567.7	21500.2	29.9	0	155.9	2240	1	206	0	0	1
31167	16255.3	22158.1	14.8	0	153.6	2283	1	427	0	0	1
31176	16503.1	22036.1	25.1	0	172.6	2284	1	336	0	0	1
31329	16292.3	22168.2	26.1	0	176.3	2296	1	329	0	0	1
31419	16508.4	22012.1	26.1	0	153.9	2303	1	217	0	0	1
32209	16251	22115.7	22.7	0	137.6	2348	1	348	0	0	1
32241	16235.3	22158	20.2	0	146.4	2349	1	421	0	0	1
33988	16911.7	22164.6	18.3	0	179.2	2422	1	594	0	0	1
35138	16370.4	21798.4	27.5	0	155.9	2471	1	250	0	0	1
35552	16433.7	21494.3	12.6	0	157.9	2488	1	910	0	0	1
35572	16411	21482.7	12.4	0	161.8	2489	1	712	0	0	1
35594	16379.7	21478.5	18.1	0	170	2490	1	619	0	0	1
35839	16478.1	22199.4	15.9	0	173.8	2501	1	504	0	0	1
36506	16794.8	21769.8	9.8	0	178.1	2531	1	2300	0	0	1
37753	16369.7	21800.4	36.8	0	116.8	2591	1	129	0	0	1
37957	16287.8	22196.2	20.2	0	178.1	2601	1	558	0	0	1
37978	16265.6	22174.7	26.5	0	164.9	2602	1	386	0	0	1
38786	16237.1	22176.2	23.3	0	163	2643	1	416	0	0	1
39662	16288.7	22155	18.1	0	153.8	2688	1	441	0	0	1
39931	16294	22179.5	19	0	158.2	2700	1	407	0	0	1
39955	16302.3	22204.6	19.4	0	154.6	2701	1	379	0	0	1
39982	16264.8	22193.3	18.1	0	149.1	2702	1	341	0	0	1
40191	16208.7	21988.8	26.6	0	141	2713	1	296	0	0	1
40260	16221.2	21996.3	27	0	175.3	2717	1	363	0	0	1
40341	16271.9	22008.8	19.7	0	170.8	2721	1	404	0	0	1
40361	16247.5	22144.6	14.7	0	158.2	2722	1	494	0	0	1
40376	16223.9	22149.7	15	0	156.1	2723	1	534	0	0	1
41353	16275.7	22161.6	31.5	0	133.7	2772	1	172	0	0	1
41374	16294.3	22174.4	23.5	0	131.2	2773	1	179	0	0	1
41866	16483.5	21833.6	27	0	193.7	2797	1	388	0	0	1
42995	16627.4	22301	23.8	0	141.4	2854	1	206	0	0	1
43069	16268.2	21957.7	17.1	0	172.1	2858	1	469	0	0	1
43211	16296.8	22003.9	22.8	0	193.2	2865	1	509	0	0	1
43266	16260.8	21985.1	21.8	0	170.9	2868	1	426	0	0	1
43342	16258.4	21993.7	25	0	177.9	2872	1	401	0	0	1
43439	16428.4	21980.1	13.4	0	193.1	2877	1	858	0	0	1
43467	16282.5	21951.6	20.5	0	165.2	2879	1	400	0	0	1
43508	16305.5	21981.4	21.5	0	175.5	2881	1	489	0	0	1
43832	16256.9	22165.6	15.3	0	149.9	2898	1	413	0	0	1
44180	16293.1	22167.2	26.3	0	158.9	2917	1	230	0	0	1
45208	16277	21886.7	11.9	0	162.2	2968	1	687	0	0	1
45314	16290.9	21644	15.2	0	139.5	2974	1	346	0	0	1
45504	16324.6	21665.2	24.3	0	145.3	2985	1	224	0	0	1
46291	16313.5	21663	17.8	0	160.2	3026	1	449	0	0	1
47449	16155	22345.8	26.5	0	188.6	3089	1	471	0	0	1
48016	16279.3	22141.7	21.5	0	168.9	3122	1	394	0	0	1
48463	16261.3	22145.4	12.9	0	167.7	3148	1	605	0	0	1
48572	16256.8	22194	18.5	0	188.6	3155	1	684	0	0	1
48588	16236.6	22153.2	17.8	0	150.7	3156	1	425	0	0	1
48600	16279.6	22225	23.8	0	148.8	3157	1	196	0	0	1
50854	16796.8	22010.7	23.3	0	169.7	3281	1	334	0	0	1
53312	16392.2	21769.7	26.6	0	157.7	3422	1	293	0	0	1
53329	16407	21792.2	19.1	0	161	3423	1	349	0	0	1
55325	16267.7	22144.1	19.9	0	160.9	3540	1	260	0	0	1
55857	16193.9	22106.3	20.4	0	153.9	3571	1	327	0	0	1
55950	16214.4	22093.3	14.3	0	165.9	3575	1	652	0	0	1
55971	16196.5	22109.4	10.9	0	149	3576	1	836	0	0	1
56017	16216.6	22093.2	23.9	0	167.5	3580	1	462	0	0	1
56445	16234.8	22123.6	18.6	0	154	3605	1	412	0	0	1
56501	16246	22149.2	18.8	0	153.9	3609	1	360	0	0	1
56624	16256.4	22122.1	12.2	0	157.1	3616	1	710	0	0	1
56832	16283.7	22162.1	21	0	153.7	3629	1	238	0	0	1
56847	16260.1	22166.1	33.5	0	148.6	3630	1	199	0	0	1
56959	16808.2	21742.3	27.7	0	176.5	3637	1	265	0	0	1
57218	16098.9	21844.5	17.3	0	188.6	3651	1	619	0	0	1
57724	16784.8	22340.5	20.8	0	180.5	3680	1	395	0	0	1
60854	16588.2	21679.8	22.9	0	146.7	3874	1	242	0	0	1
62121	16417.4	21512.5	20.6	0	147.5	3956	1	258	0	0	1
62331	16262.6	22177.4	27.2	0	132.2	3969	1	188	0	0	1
62562	16278.6	22153.1	30.4	0	158.7	3984	1	265	0	0	1
62597	16250.3	22146	22.4	0	143.3	3986	1	224	0	0	1
62733	16283.8	22153.4	17.2	0	166.3	3995	1	438	0	0	1
62803	16249.2	22206.9	15.2	0	163.1	4000	1	492	0	0	1
62928	16273.4	22178.5	6.7	0	155.5	4007	1	1572	0	0	1
62990	16385.3	21792.6	12.1	0	149.7	4012	1	658	0	0	1
62999	16364.1	21780.5	24.4	0	137	4013	1	189	0	0	1
63304	16160.6	21949.5	11.2	0	199.4	4033	1	1400	0	0	1
63665	16373.4	21788.3	11.4	0	152.4	4055	1	732	0	0	1
63703	16579.4	21504.5	15.2	0	174.8	4058	1	700	0	0	1
63871	16323.6	22135.2	10.2	0	182.8	4069	1	1584	0	0	1
63884	16301.2	22160.3	12.8	0	153.7	4070	1	512	0	0	1
63901	16283.9	22202.3	15.6	0	146.1	4071	1	352	0	0	1
64005	16292.6	21789.3	14.7	0	154.1	4078	1	445	0	0	1
64017	16308.1	21743	15.7	0	171.1	4079	1	423	0	0	1
64445	16282.4	22152.6	19	0	161.8	4108	1	341	0	0	1
66641	16439.5	22167.7	28.4	0	138	4248	1	157	0	0	1
66732	16468.7	22121.1	21.4	0	179.9	4253	1	350	0	0	1
66912	16501.2	22014.9	12.6	0	181.8	4266	1	1089	0	0	1
67029	16492.2	22023.9	11	0	161.3	4274	1	781	0	0	1
67098	16490.7	22025.2	9.5	0	185.7	4278	1	1445	0	0	1
67122	16470.7	22078.9	12.1	0	188.9	4280	1	1020	0	0	1
67192	16401.7	22062.9	6.4	0	190	4285	1	3839	0	0	1
67208	16382.3	22074.8	6.5	0	198.1	4286	1	4455	0	0	1
67346	16305.8	22114.6	8.5	0	180.5	4294	1	4346	0	0	1
67401	16411.7	22074.3	8.2	0	193.3	4297	1	2628	0	0	1
67556	16341.2	22116.7	10.2	0	184.7	4308	1	1742	0	0	1
67583	16294.6	22123.3	9.2	0	172.3	4310	1	2431	0	0	1
67670	16294.1	22126.3	7.8	0	167.4	4315	1	2217	0	0	1
67786	16235.1	22168.4	30.4	0	164	4322	1	249	0	0	1
67959	16444.9	21492.7	25.2	0	152.2	4331	1	220	0	0	1
67969	16414.4	21477.7	29	0	147	4332	1	205	0	0	1
67990	16245	22152.3	25.6	0	151.6	4333	1	296	0	0	1
68012	16203.4	22161.9	17.5	0	167.3	4334	1	440	0	0	1
68037	16215.4	22129.6	15.7	0	152.5	4335	1	369	0	0	1
68918	16331	21825.2	10.8	0	186.3	4390	1	1300	0	0	1
68932	16414.3	21823.9	15.4	0	191	4391	1	1068	0	0	1
69541	16249	21949	27.2	0	155.2	4432	1	208	0	0	1
69559	16294.8	21970.6	25	0	147	4433	1	293	0	0	1
70506	16280.9	21844.6	26.2	0	143.7	4498	1	193	0	0	1
71991	16499.2	21783	22	0	179.7	4593	1	288	0	0	1
73382	16594.5	21954.1	13.5	0	143.9	4684	1	511	0	0	1
73619	16283.5	21963.7	13.4	0	164.3	4699	1	659	0	0	1
73694	16265.6	22038.6	22.9	0	194.7	4704	1	884	0	0	1
74692	16249.5	22111.5	17.8	0	148.9	4770	1	363	0	0	1
74892	16307.5	21636.5	28	0	151.5	4783	1	197	0	0	1
74912	16344.4	21612.2	18.4	0	158.7	4784	1	266	0	0	1
75359	16803	22254.1	23.5	0	174.8	4813	1	340	0	0	1
75479	16502.9	21781.6	11.8	0	146.1	4822	1	546	0	0	1
75672	16325.5	21612.5	30.3	0	122.9	4836	1	156	0	0	1
75686	16213.4	22142.2	21.3	0	167.2	4837	1	257	0	0	1
75830	16745.9	22378.2	22.3	0	181	4846	1	349	0	0	1
76892	16235.6	22167.5	38.3	0	165	4920	1	185	0	0	1
76945	16263.5	22190.9	18.3	0	147.6	4924	1	321	0	0	1
76955	16291.5	22173.9	20.6	0	157.9	4925	1	320	0	0	1
76970	16279.1	22147.1	15.9	0	160.4	4926	1	361	0	0	1
77576	16413.9	21506.7	13	0	171.3	4968	1	580	0	0	1
78050	16304.2	21828.2	28.6	0	139.1	5001	1	149	0	0	1
78191	16919.5	22110.7	22.3	0	164.6	5011	1	285	0	0	1
78307	16765.4	22365.9	19.8	0	168.3	5019	1	360	0	0	1
79668	16194.8	22371	27.4	0	138.3	5109	1	174	0	0	1
80157	16451.8	22184.1	28.2	0	196.5	5142	1	361	0	0	1
80304	16060.3	21734.2	28.9	0	176.7	5152	1	319	0	0	1
80388	16033.1	21712	15.9	0	180.6	5158	1	567	0	0	1
80567	16461.6	22106.9	30.4	0	146.1	5170	1	177	0	0	1
81734	16490.6	21789.8	13.6	0	144.5	5251	1	478	0	0	1
81739	16523.7	21746.1	29.9	0	140.6	5252	1	178	0	0	1
82691	16796.9	21741	19.7	0	166.8	5318	1	368	0	0	1
82852	16267	21927.1	17.9	0	155.3	5330	1	357	0	0	1
83109	16425.7	21483.5	15.2	0	161.4	5349	1	394	0	0	1
83623	16758.7	22268.9	17.2	0	169.9	5384	1	502	0	0	1
84266	16285.1	22204.7	26.9	0	154.6	5427	1	177	0	0	1
84323	16293.4	22177.4	16.1	0	176.1	5430	1	485	0	0	1
84344	16271	22145.3	11.7	0	164.1	5431	1	660	0	0	1
86205	16189.6	21939.5	14.2	0	180.9	5551	1	599	0	0	1
86563	16637.9	21842.9	28.2	0	194.2	5576	1	325	0	0	1
87093	16671	21794.1	34.9	0	162.5	5612	1	164	0	0	1
87199	16708.2	21952.3	19.6	0	186.9	5620	1	433	0	0	1
89817	16275.8	22125.4	20	0	173.5	5797	1	342	0	0	1
91733	16270.5	22144.5	22.1	0	164.2	5916	1	330	0	0	1
91810	16311.5	21703.6	26.8	0	163.9	5921	1	338	0	0	1
91864	16298.2	21664.1	17.2	0	156.4	5924	1	425	0	0	1
91901	16317.8	21626.9	13.5	0	151.7	5926	1	475	0	0	1
92487	16200	22178.3	24.8	0	158.4	5960	1	242	0	0	1
92514	16212.9	22136.3	23.9	0	154.4	5961	1	232	0	0	1
92531	16236.9	22138.6	23.4	0	150.6	5962	1	228	0	0	1
92623	16227.5	22134.9	23.2	0	157.9	5966	1	254	0	0	1
92729	16215.3	22164.3	22	0	135.2	5972	1	219	0	0	1
92730	16222.4	22132.2	24.1	0	151.5	5973	1	214	0	0	1
92768	16237.5	22163.8	21.6	0	147.4	5975	1	208	0	0	1
93095	16276.1	22138.8	22.4	0	164	5994	1	312	0	0	1
93852	16569.5	21952.7	12	0	153.8	6038	1	535	0	0	1
93884	16582.4	21968	20.8	0	159.2	6039	1	331	0	0	1
95605	16592.3	21728.8	25.9	0	156.1	6148	1	356	0	0	1
95908	16473.3	22168.1	22.8	0	176.8	6166	1	330	0	0	1
96572	16296.2	22192.5	22.9	0	167.3	6206	1	296	0	0	1
96626	16412.5	21483.9	19.5	0	167.4	6209	1	351	0	0	1
96825	16233.2	22177	14	0	162.3	6220	1	605	0	0	1
97082	16184.8	22041.7	19.4	0	197.2	6236	1	584	0	0	1
97795	16271.9	22158.6	7.8	0	165.5	6276	1	1472	0	0	1
97874	16266.7	22147.5	13.9	0	162.3	6280	1	619	0	0	1
97885	16245.6	22145.9	12	0	154.4	6281	1	586	0	0	1
97920	16217.3	22199.7	16	0	160	6282	1	388	0	0	1
97930	16255	22176.5	16.2	0	156.8	6283	1	421	0	0	1
98498	16459.8	22151.2	18.1	0	177.6	6317	1	546	0	0	1
98568	16510.5	22210	23.4	0	199.2	6322	1	709	0	0	1
98599	16443.2	22155.9	15.7	0	176.4	6323	1	564	0	0	1
98611	16480	22117.7	11.2	0	199.8	6324	1	1438	0	0	1
98629	16463.7	22139.4	11.9	0	196.4	6325	1	1227	0	0	1
99054	16289.8	22178.1	22.9	0	144.9	6351	1	283	0	0	1
101274	16395.9	21766.8	17.3	0	148	6488	1	371	0	0	1
101294	16392	21791.1	20.7	0	179.9	6489	1	411	0	0	1
102541	16289.1	21790.9	19.1	0	139.3	6566	1	263	0	0	1
104569	16803.3	21973.9	14.2	0	180.9	6695	1	621	0	0	1
104805	16522.8	21838.3	24.5	0	123.9	6711	1	122	0	0	1
104826	16513.6	21791.3	10.4	0	140.8	6712	1	581	0	0	1
105267	16520.9	22002.9	18.7	0	173.3	6740	1	442	0	0	1
105409	16244	22172.3	16.8	0	169.2	6749	1	461	0	0	1
105452	16240.1	21807.5	16.8	0	146.7	6751	1	293	0	0	1
105464	16267.5	21796.3	19.1	0	148	6752	1	314	0	0	1
106046	16408.8	21540.3	20.4	0	168.9	6790	1	378	0	0	1
106662	16342.3	21616.9	17.3	0	161.9	6827	1	406	0	0	1
106976	16855.5	22280.9	17	0	150.5	6849	1	472	0	0	1
106999	16834.7	22296.3	12.5	0	153.8	6850	1	516	0	0	1
107108	16851.2	22284.9	36.4	0	132.7	6856	1	172	0	0	1
108988	16777.8	22356.2	18.4	0	153.8	6980	1	326	0	0	1
110113	16636.6	22269.1	10	0	154.9	7053	1	757	0	0	1
110117	16690.5	22320.7	16.2	0	185.3	7054	1	593	0	0	1
110240	16760.3	22325.7	35.2	0	165.4	7061	1	184	0	0	1
110590	16258.6	22125.4	16.4	0	154.9	7085	1	370	0	0	1
111442	16632.2	21688.3	23.1	0	129.7	7140	1	163	0	0	1
112024	16614.8	21546.5	31.3	0	198.2	7176	1	329	0	0	1
112070	16269.9	21813.4	11.1	0	141	7179	1	464	0	0	1
113077	16298.7	21654.2	23.3	0	135.7	7243	1	257	0	0	1
113439	16181.4	22141.1	14.5	0	155.5	7264	1	449	0	0	1
113451	16192.3	22113	12.4	0	161.1	7265	1	485	0	0	1
114079	16439.6	22168.2	37	0	145.8	7307	1	159	0	0	1
114159	16258.1	22180.9	13.5	0	190.3	7312	1	775	0	0	1
114184	16320.5	22196.7	26.2	0	183.3	7314	1	392	0	0	1
114497	16327	21619.2	19.2	0	151.5	7332	1	293	0	0	1
114523	16254.4	22132	14.2	0	163.3	7334	1	485	0	0	1
114527	16281.8	22134.9	22.9	0	168.9	7335	1	275	0	0	1
115142	16208.5	22039.8	22	0	178.4	7379	1	520	0	0	1
115153	16242.6	22098.4	23.9	0	129.1	7381	1	172	0	0	1
116393	16554.1	21998.8	12.8	0	174	7463	1	604	0	0	1
116539	16722.5	22312.8	10.7	0	173.7	7472	1	1091	0	0	1
116557	16742.1	22302.7	18.9	0	166.2	7473	1	418	0	0	1
116574	16508.5	21977.7	26.8	0	173.3	7474	1	317	0	0	1
118293	16222.8	22174.8	16.4	0	161.9	7588	1	440	0	0	1
118314	16234.5	22148.4	17.4	0	177.6	7589	1	450	0	0	1
119171	16274.7	22197.7	16.6	0	159.7	7644	1	345	0	0	1
119189	16256.4	22209.4	18.1	0	171	7645	1	346	0	0	1
119201	16226.2	22185.9	21.6	0	164.3	7646	1	314	0	0	1
119451	16335	21805.6	12.9	0	136.5	7661	1	412	0	0	1
119478	16339.8	21729.3	11.8	0	171.6	7663	1	796	0	0	1
119553	16321.1	21780.7	10	0	148.4	7668	1	657	0	0	1
119599	16342	21786.6	12.5	0	135.1	7670	1	423	0	0	1
120068	16239.6	22107.9	28.4	0	127.3	7702	1	131	0	0	1
121790	16250.8	21774.5	35.7	0	137.6	7818	1	188	0	0	1
121839	16346.2	21718.7	11.8	0	183	7821	1	1260	0	0	1
121921	16436.1	21606.5	13.8	0	158.7	7826	1	692	0	0	1
121959	16442.4	21634.6	18.2	0	194.4	7828	1	937	0	0	1
122399	16264.7	22193.7	31.8	0	188.9	7857	1	306	0	0	1
122910	16348.6	21678.1	26.3	0	128.8	7887	1	122	0	0	1
122922	16281.5	21639.3	15.4	0	146.3	7888	1	346	0	0	1
124577	16281.7	22148.5	15	0	159.2	7992	1	386	0	0	1
124743	16228.7	22336.5	20.9	0	156.5	8005	1	350	0	0	1
125540	16228.9	22165	15.8	0	183.3	8057	1	578	0	0	1
126144	16252.9	22157.7	21	0	170	8095	1	323	0	0	1
126488	16236.2	22178.3	34.2	0	137.6	8117	1	149	0	0	1
126672	16490.7	21562.8	18.3	0	196.5	8130	1	505	0	0	1
126958	16649.8	22279.4	10	0	147	8150	1	666	0	0	1
126987	16626.4	22261.2	19.6	0	145.2	8151	1	220	0	0	1
127730	16254.8	21946.4	32	0	115.5	8198	1	103	0	0	1
128585	16675.1	22294.6	15.5	0	191.9	8256	1	729	0	0	1
128592	16648.3	22238.2	26.1	0	192.8	8257	1	683	0	0	1
128719	16322.7	21833.4	12.7	0	149.7	8264	1	482	0	0	1
129399	16275.1	22159.3	20.6	0	159.9	8308	1	301	0	0	1
129658	16312.6	21790.1	13.3	0	153.8	8324	1	479	0	0	1
129872	16798.2	22251.7	17	0	157.2	8340	1	506	0	0	1
131580	16395.2	21496.6	20.1	0	141.8	8458	1	238	0	0	1
131598	16419.5	21482.4	26.7	0	163	8459	1	229	0	0	1
133725	16579.6	21970.2	14.2	0	157.5	8599	1	486	0	0	1
134107	16023.6	21735.9	19.5	0	193.6	8624	1	541	0	0	1
134275	16215.9	22139.6	16.1	0	159.7	8635	1	427	0	0	1
135226	16613.6	22353.5	24.5	0	183.3	8693	1	388	0	0	1
137234	16300.9	22163.6	27.4	0	146.8	8830	1	204	0	0	1
137254	16201.1	22146.8	25.7	0	165	8831	1	260	0	0	1
137451	16277.3	21932.8	32.5	0	147.6	8844	1	172	0	0	1
137945	16331.2	21642.6	14	0	151.3	8877	1	402	0	0	1
137989	16352.5	21681.7	20.3	0	172.7	8880	1	493	0	0	1
138009	16330.3	21629.2	14.2	0	157.3	8881	1	394	0	0	1
138243	16453.9	22134.9	13.9	0	132	8897	1	338	0	0	1
138355	16276.8	22171.4	20.3	0	140.1	8904	1	252	0	0	1
138406	16240.6	22146.8	12.5	0	152.4	8908	1	474	0	0	1
138503	16585.9	21521.8	11.7	0	176.3	8915	1	755	0	0	1
139377	16443.5	22146	21.4	0	195.2	8974	1	474	0	0	1
139405	16330.4	22156.5	33.7	0	179.9	8976	1	261	0	0	1
139424	16338.6	22175.5	16.8	0	175.1	8977	1	461	0	0	1
139447	16254.3	22178.5	22.3	0	140.3	8979	1	199	0	0	1
139487	16266.8	22200.2	21.7	0	148	8981	1	239	0	0	1
139626	16292.6	22162.4	22.9	0	142.4	8991	1	221	0	0	1
139658	16299.4	22225.6	26.6	0	128	8994	1	128	0	0	1
139734	16252.6	22178.4	20.5	0	152.6	9000	1	250	0	0	1
139772	16272	22203.4	20.6	0	139.8	9002	1	211	0	0	1
139880	16219.8	22157.2	26.1	0	135.8	9008	1	155	0	0	1
139934	16271.7	22162.8	17.8	0	136.2	9012	1	253	0	0	1
139973	16279.6	22207.4	22.1	0	148.8	9015	1	235	0	0	1
139984	16254.1	22190.5	12.5	0	146.4	9016	1	505	0	0	1
140180	16285.2	22200.4	24.4	0	164.8	9031	1	284	0	0	1
140271	16281.1	22173.6	21.8	0	143.8	9037	1	240	0	0	1
140395	16339.2	22198.4	19.9	0	140	9046	1	262	0	0	1
140441	16270.8	22183.3	19.5	0	141.8	9049	1	206	0	0	1
141234	16513.1	22038.1	14.7	0	185.6	9103	1	794	0	0	1
142468	16269	22137.4	14.6	0	156.8	9185	1	468	0	0	1
143002	16444.3	22143.6	20.1	0	145.2	9219	1	268	0	0	1
143987	16806.3	22246.9	13.6	0	139.5	9287	1	459	0	0	1
144017	16232.5	22122.5	24	0	167.3	9289	1	268	0	0	1
144690	16476.2	22153.1	13.6	0	163.7	9332	1	474	0	0	1
144761	16481.9	22189.3	20.2	0	179	9338	1	435	0	0	1
144842	16387.8	22151.2	29.4	0	176.6	9344	1	214	0	0	1
144862	16438	22158.3	26.6	0	175.9	9345	1	246	0	0	1
144987	16433.4	22160.3	22.4	0	173	9353	1	268	0	0	1
145038	16436.7	22105.9	23.7	0	160.9	9355	1	221	0	0	1
145771	16376.5	21911.6	29.9	0	177.4	9404	1	239	0	0	1
145818	16472.3	21882.3	25.6	0	182.8	9407	1	340	0	0	1
145968	16435.4	21950.5	26.5	0	199.7	9416	1	317	0	0	1
146831	16454.5	21575.5	26.3	0	185.6	9479	1	302	0	0	1
147935	16391.8	21586.1	10.1	0	174.2	9557	1	966	0	0	1
147946	16319.8	21612.9	15	0	151.2	9558	1	398	0	0	1
147968	16292.6	21682	18.2	0	167.2	9559	1	373	0	0	1
148002	16292.8	21642.6	15.7	0	149.7	9561	1	369	0	0	1
148028	16334.7	21643.8	14	0	131.9	9563	1	308	0	0	1
148047	16281.8	21644.4	20.7	0	149.9	9565	1	318	0	0	1
148478	16288.2	22162.9	20.7	0	153.6	9594	1	256	0	0	1
148609	16300.8	22184.6	18.9	0	173.9	9603	1	380	0	0	1
148621	16275.2	22189.4	18.9	0	166.2	9604	1	384	0	0	1
148873	16301	22087.7	43.1	0	174	9622	1	247	0	0	1
148891	16242.7	22191.6	25.1	0	163.6	9624	1	260	0	0	1
148907	16276.3	22197.1	18	0	139.9	9625	1	244	0	0	1
149049	16511.6	21987.9	18.8	0	188.2	9634	1	606	0	0	1
149512	16448.6	21559.5	24.8	0	157.2	9667	1	237	0	0	1
150577	16266.6	22147.2	28.9	0	165.8	9737	1	256	0	0	1
150780	16660.6	21637	27.7	0	144.3	9750	1	184	0	0	1
150802	16631	21652	11.9	0	149.8	9752	1	637	0	0	1
150847	16597.4	21675.2	24.3	0	146.6	9756	1	230	0	0	1
151019	16688.9	22301.8	23	0	194.5	9768	1	458	0	0	1
152489	16550	21555.3	28.8	0	153.1	9871	1	157	0	0	1
152510	16569.9	21504.6	11.2	0	172.7	9872	1	844	0	0	1
152526	16595.9	21510.4	11.8	0	162.4	9873	1	761	0	0	1
154197	16275.4	22181.6	24.7	0	106	9991	1	98	0	0	1
154553	16618.6	21485.9	15.4	0	179.2	10014	1	590	0	0	1
154935	16298.9	22202.7	26.6	0	153.7	10040	1	187	0	0	1
154950	16292.1	22135.5	23.6	0	137.2	10041	1	181	0	0	1
154957	16406	22098.6	16.6	0	180.9	10042	1	453	0	0	1
155012	16282.2	22138.5	22.9	0	134.9	10045	1	174	0	0	1
155028	16304.6	22203.9	26.6	0	142	10046	1	185	0	0	1
155104	16274.4	22158.7	22.4	0	150.3	10051	1	199	0	0	1
155231	16261.1	22147.4	10.5	0	154.1	10060	1	612	0	0	1
155267	16254.6	22194.7	24.8	0	163.1	10062	1	248	0	0	1
156256	16293.8	22218.8	23.9	0	189.3	10129	1	338	0	0	1
156364	16810.1	22294.9	7	0	171.4	10138	1	1923	0	0	1
156562	16186.3	22361.8	20.1	0	190.6	10151	1	419	0	0	1
157808	16519.7	22001.4	16.2	0	192.5	10231	1	613	0	0	1
157821	16540.4	22023.6	24.5	0	176.6	10232	1	299	0	0	1
158318	16796.1	21777.5	27	0	177.9	10266	1	229	0	0	1
158782	16656.7	22298.1	22.1	0	195.1	10297	1	406	0	0	1
159621	16270.8	22145	21.8	0	146.9	10353	1	247	0	0	1
159628	16239.6	22153.9	23.4	0	156.5	10354	1	236	0	0	1
159660	16277	22185.8	25.3	0	150.6	10355	1	216	0	0	1
159867	16791.5	22285	20.6	0	197.6	10369	1	433	0	0	1
160852	16241.5	21950.3	18.6	0	175.6	10434	1	430	0	0	1
160941	16846.6	22241.4	35.1	0	129.7	10441	1	146	0	0	1
161199	16238.9	22098.8	18.3	0	146.8	10457	1	333	0	0	1
161547	16598.1	21953.6	19.4	0	158.9	10484	1	419	0	0	1
162197	16826	22284.2	33.2	0	175.7	10530	1	214	0	0	1
162796	16301	21614.1	14.2	0	154.2	10570	1	443	0	0	1
163758	16592.6	21961.1	16.3	0	152.6	10637	1	352	0	0	1
164124	16270.4	22119.3	20	0	151	10660	1	390	0	0	1
164794	16231	22198.2	29.3	0	125.5	10705	1	102	0	0	1
165170	16856	22271.2	27.2	0	158.2	10731	1	211	0	0	1
165331	16684.1	22394.4	27.3	0	157.2	10742	1	203	0	0	1
165375	16223.8	22127.9	22.5	0	134.6	10746	1	169	0	0	1
165388	16254.6	22175.7	19.8	0	166	10747	1	391	0	0	1
165396	16286.1	22179.4	16.5	0	165.8	10748	1	363	0	0	1
165409	16194.3	22148.9	20.8	0	127	10749	1	159	0	0	1
165626	16230.2	21783.3	27.8	0	145.2	10764	1	158	0	0	1
165673	16263.3	21796.8	24.4	0	163.9	10767	1	220	0	0	1
165760	16240	22182.2	30.9	0	159.8	10772	1	221	0	0	1
166247	16199.6	22150.4	22.1	0	169.9	10804	1	284	0	0	1
166283	16238.4	22121.9	15.3	0	152.3	10806	1	405	0	0	1
167325	16298.4	22169.2	14.6	0	156.5	10880	1	414	0	0	1
167534	16367	21779.7	30.1	0	135.2	10895	1	145	0	0	1
168465	16234.5	21932.4	21	0	191.8	10959	1	463	0	0	1
169275	16628.8	22268.9	13.4	0	156.7	11014	1	582	0	0	1
169731	16530.6	21973.9	8.1	0	199.8	11044	1	1933	0	0	1
169999	16667.4	22271.1	16.3	0	192.5	11064	1	645	0	0	1
170074	16791.3	22295.5	7.4	0	183.6	11068	1	2367	0	0	1
172067	16297.7	21798.6	32.8	0	136.9	11208	1	122	0	0	1
172136	16247.4	22095.4	18.3	0	186.8	11213	1	553	0	0	1
172165	16247.1	22028.9	17	0	189.7	11216	1	652	0	0	1
172183	16233.6	22073.8	15.2	0	169.1	11217	1	379	0	0	1
172205	16265.2	22156.6	20.2	0	189.7	11219	1	379	0	0	1
172328	16305.7	21741.2	17.4	0	126.7	11227	1	222	0	0	1
172700	16281.5	21747.9	14.9	0	141.9	11256	1	370	0	0	1
172818	16259.2	21749.6	13	0	146.1	11265	1	555	0	0	1
172873	16286.9	21780.2	14.8	0	177	11271	1	619	0	0	1
173322	16357.9	21662.4	10.2	0	196.3	11303	1	1730	0	0	1
173331	16280.2	21764.6	19.4	0	168.6	11304	1	455	0	0	1
173381	16329.8	21624.3	14.5	0	162.2	11308	1	509	0	0	1
173391	16320.2	21683.9	10.8	0	158.3	11309	1	634	0	0	1
173409	16249.1	21757.1	24.3	0	139.8	11310	1	239	0	0	1
173483	16188.9	21811.5	25	0	177.2	11315	1	348	0	0	1
173492	16249.3	21805.1	36.3	0	181.2	11316	1	175	0	0	1
173595	16253	21792.9	31.7	0	141.1	11322	1	144	0	0	1
173626	16279.4	21787.3	16.4	0	150.2	11324	1	320	0	0	1
173680	16229.9	21746.4	35.3	0	124.2	11327	1	103	0	0	1
174165	16299.9	21763.3	22.3	0	123.9	11365	1	135	0	0	1
174903	16271.2	22080.6	16.4	0	191	11419	1	519	0	0	1
174908	16281.4	22031.5	21	0	167.4	11420	1	324	0	0	1
175041	16304.7	22147.1	17.6	0	176.3	11429	1	439	0	0	1
175056	16281.1	22161.1	18.4	0	167.8	11430	1	346	0	0	1
175085	16350.2	21618.8	23.1	0	144.7	11432	1	188	0	0	1
175100	16328.4	21637.8	14.6	0	164.6	11433	1	460	0	0	1
175143	16306.8	21621.3	14.1	0	147.1	11436	1	411	0	0	1
175152	16306	21666.3	20.6	0	168.8	11437	1	380	0	0	1
175269	16306.7	21843	30.8	0	120.5	11447	1	86	0	0	1
175333	16335.8	21785.7	18	0	161	11452	1	390	0	0	1
175373	16308.8	21747.4	37.9	0	149.1	11454	1	139	0	0	1
175497	16259.4	22155.2	17.4	0	161.2	11463	1	348	0	0	1
175654	16229.9	21934.3	17.5	0	184.6	11474	1	519	0	0	1
175866	16313.2	21801	42.2	0	136.3	11491	1	119	0	0	1
176729	16237.2	22180.5	16.6	0	175.3	11556	1	481	0	0	1
176849	16279.5	22138	20.9	0	166.3	11565	1	263	0	0	1
177936	16272.4	21846.8	27.5	0	157.6	11643	1	199	0	0	1
178368	16340.4	22139.5	10.5	0	159.9	11674	1	683	0	0	1
178625	16232.4	22165.6	26.8	0	187.1	11691	1	324	0	0	1
179013	16405.3	21488.7	20.5	0	171.4	11722	1	320	0	0	1
179280	15984.3	21923.4	22.9	0	194.5	11743	1	334	0	0	1
179289	16419.1	21490.1	20.2	0	158.9	11744	1	331	0	0	1
179991	16384.4	22180.4	25.8	0	198.6	11794	1	381	0	0	1
180001	16354.1	22158.2	27	0	161.1	11795	1	207	0	0	1
180287	16587.4	21971.6	17.1	0	157.3	11815	1	298	0	0	1
181824	16515.3	22005.4	26.7	0	176	11934	1	230	0	0	1
181878	16290.4	22157	22.9	0	161	11939	1	272	0	0	1
181957	16153.3	22058.9	23.1	0	192.4	11943	1	389	0	0	1
182399	16301.6	22182.5	25.8	0	150	11978	1	197	0	0	1
182417	16276.3	22205.6	17.2	0	153.8	11979	1	332	0	0	1
182680	16262.5	22156.6	24.5	0	171.2	11998	1	285	0	0	1
182973	16455.9	22181.8	9.9	0	172.2	39	2	1241	0	1	1
183285	16247.5	22115.9	3.2	0	156	90	4	8797	0	0	1
184179	16263.5	21958.8	5.7	0	161.8	252	3	1918	0	0	1
184433	16280.4	22166.9	4.7	0	164.2	302	3	3868	0	0	1
184447	16219.5	22281.5	4.3	0	169.8	306	3	4402	0	2	1
184456	16228.3	22260.2	5.2	0	172.7	308	2	2373	0	2	1
184464	16203.2	22319.4	5.7	0	166.6	309	2	1630	0	2	1
184554	16385.5	21784.2	4.5	0	167.3	326	4	3954	0	0	1
185534	16266.8	22034.8	5.4	0	171.3	513	3	2876	0	0	1
185654	16243.8	22183	11.5	0	166.6	537	2	876	0	2	1
185660	16270.9	22170.7	8	0	167	538	3	1340	0	1	1
186362	16933.5	22138.3	6.4	0	157.8	683	3	2314	0	0	1
186472	16265.3	22180.9	5.3	0	159.6	705	5	3750	0	0	1
186511	16266.2	22192.1	6.6	0	161.9	713	2	1492	0	0	1
186736	16258.1	22133.5	9.2	0	160.9	758	3	1268	0	3	1
188000	16556.1	21513.2	9.9	0	187.2	1033	2	1490	0	0	1
188182	16248.7	22117.7	8	0	158.2	1071	2	1042	0	0	1
188192	16264.2	22115.2	7.8	0	154.4	1073	2	954	0	0	1
189786	16274.9	21777.6	5.8	0	153.6	1410	2	2245	0	0	1
190490	16228.9	22164.7	6.4	0	141.3	1553	5	1380	0	2	1
190541	16234.4	22161.3	9.4	0	153.7	1560	2	655	0	0	1
191058	16174.3	22327.2	4.3	0	172	1677	8	9898	0	3	1
192338	16224.6	22186.6	8.7	0	171.6	1961	2	1110	0	0	1
192443	16746.2	22366.9	5.3	0	175.3	1985	3	4551	0	0	1
192492	16750.9	22364.6	5.9	0	181.4	1996	4	3661	0	0	1
192661	16301.4	22157.2	10	0	186.2	2034	2	1225	0	0	1
192750	16269.4	22166.7	6.9	0	172.8	2054	3	1533	0	0	1
193373	16219.2	22349.4	10.8	0	182.1	2199	2	879	0	1	1
193379	16226.4	22324.4	8.6	0	166.9	2200	2	995	0	1	1
193396	16313.7	21632.2	11	0	145.1	2204	3	610	0	0	1
193618	16246.9	22149.2	8.2	0	169.9	2259	2	1185	0	0	1
193733	16271.8	22176.3	5.4	0	160.2	2280	3	2303	0	0	1
193792	16270.9	22172.7	10	0	176.3	2292	2	714	0	1	1
193803	16261.4	22149.4	11.8	0	180	2293	2	730	0	1	1
194566	16269.1	22175.4	13	0	154.5	2418	2	675	0	0	1
194592	16925	22143.7	6.6	0	165.1	2423	2	1398	0	2	1
194651	16455.5	21553.6	11.1	0	173.1	2432	2	934	0	0	1
194698	16280.6	22169.2	8.9	0	172.1	2438	3	1382	0	0	1
194900	16928.1	22142.8	8.1	0	164.6	2467	3	1649	0	0	1
195114	16451.1	22207.5	9.9	0	173.7	2499	2	862	0	0	1
195134	16438.6	22216.8	14.3	0	190.4	2502	2	796	0	0	1
195294	16801.1	21774.5	6.3	0	183.2	2525	3	4024	0	0	1
196238	16628.2	21667.3	4.1	0	150.1	2671	5	4835	0	1	1
196516	16260.2	21955.8	8	0	164.5	2714	4	1807	0	2	1
196542	16253.1	21988.8	12.2	0	167.5	2718	2	789	0	1	1
197551	16269.4	21979.8	6.5	0	169.8	2873	6	2698	0	2	1
197637	16274.2	22165.2	6.4	0	149.6	2888	5	2457	0	2	1
197657	16276.4	22176.2	8.1	0	153.9	2893	3	1175	0	1	1
198153	16335.3	21602.9	12.3	0	138	2973	2	412	0	1	1
198165	16313	21629.9	9.3	0	132.8	2976	4	724	0	0	1
198185	16328.8	21617.1	8.2	0	140.5	2980	5	1038	0	0	1
198389	16249.7	22138.3	5.2	0	168.9	3018	2	2601	0	2	1
198393	16276.5	22170	5.4	0	166.4	3019	2	2798	0	0	1
198430	16295.5	21642	9.3	0	141.3	3024	2	745	0	0	1
198652	16929.3	22130.3	8.1	0	165.2	3060	2	1183	0	0	1
199139	16222.5	22159.4	7.7	0	160.1	3149	3	1692	0	1	1
199162	16258	22133.3	9.8	0	177.8	3153	2	1274	0	0	1
200181	16301.2	22431.6	10.1	0	180.3	3333	2	1669	0	2	1
201046	16279.8	21954.7	4	0	154.6	3483	5	4305	0	0	1
201682	16247.1	22128.6	6	0	154.6	3606	5	3652	0	1	1
201717	16259.6	22145.2	6.5	0	154.6	3612	2	1666	0	2	1
201747	16231.4	22128.7	7.1	0	165.4	3617	2	2304	0	1	1
201761	16266.8	22135.2	5.5	0	154.4	3620	4	2849	0	0	1
202184	16723.9	22342	6.7	0	158.5	3699	2	1538	0	1	1
202188	16718.5	22320	5.9	0	174	3700	2	1895	0	1	1
202554	16265.8	22150.5	6.1	0	166.8	3765	3	1733	0	2	1
203139	16609.2	21663.9	7.8	0	156.9	3875	2	1193	0	0	1
203379	15980.8	21928.4	10.5	0	176.1	3919	2	791	0	1	1
203652	16268.2	22149.2	12.9	0	150	3970	2	443	0	2	1
203784	16271.2	22170.1	4.9	0	158.2	3996	5	3790	0	1	1
203814	16272.8	22174.3	6.8	0	160.8	4002	2	3093	0	0	1
204122	16453.3	21558.2	7.5	0	182.1	4063	2	1355	0	0	1
204143	16274.9	22178.1	10.3	0	141.7	4067	2	622	0	0	1
204477	16398.6	21493.8	8.5	0	164.6	4132	2	719	0	0	1
205061	16462.8	22155.7	10.2	0	184.5	4243	2	893	0	0	1
205073	16452.2	22159.2	9.2	0	180.3	4245	2	1280	0	0	1
205108	16453.1	22160.4	13.4	0	171.2	4254	3	864	0	2	1
205144	16506.1	22064.8	8.6	0	179.2	4261	3	2907	0	2	1
205152	16468.2	22084.5	9.6	0	178.5	4263	2	2143	0	0	1
205187	16494.2	22051.5	4.8	0	177.1	4269	6	6325	0	1	1
205298	16403.6	22083.9	3.6	0	195.7	4288	2	8252	0	1	1
205376	16313.8	22123.6	5.3	0	174.8	4306	3	6284	0	1	1
205397	16270.5	22139.6	7.3	0	159	4311	2	4033	0	0	1
205421	16281	22134.2	4	0	163.8	4316	4	11260	0	0	1
205448	16249.6	22145.1	3.6	0	151.3	4320	2	3388	0	0	1
205770	16386.6	21783.7	5.6	0	151.1	4388	3	1687	0	2	1
205804	16263.7	22140.5	7.5	0	169.5	4396	2	1507	0	0	1
206345	16264.8	21823.9	8.9	0	149.5	4499	3	1202	0	0	1
206439	16263	22161.8	8.8	0	146.2	4518	2	659	0	0	1
207456	16422.2	21484.2	10.9	0	165.4	4736	2	904	0	1	1
207835	16814.2	22241.7	6.5	0	175.5	4809	4	3624	0	0	1
208344	16280.8	22170	9.6	0	155.6	4919	2	686	0	1	1
208900	16420.3	21495.3	8.8	0	166.6	5033	2	745	0	0	1
208941	16381.3	21771.2	7.2	0	166.1	5041	2	1370	0	0	1
209207	16467.8	22095.4	10.6	0	163.2	5099	2	856	0	0	1
210533	16808.4	22248.4	4.8	0	189.2	5385	2	2881	0	0	1
210722	16274	22176.3	7.9	0	166.2	5428	2	950	0	0	1
212483	16229.5	22174.4	11.5	0	165.7	5795	2	674	0	0	1
213163	16301.7	21643.3	5.1	0	158.3	5922	7	3037	0	2	1
213395	16228.1	22158.5	10.7	0	158.2	5965	3	769	0	1	1
213619	16611.1	21971.2	10.5	0	162.9	6004	2	605	0	0	1
214031	16831.3	22303	8.3	0	144.7	6079	2	937	0	0	1
214189	15988	21909.3	11.7	0	184.4	6108	2	937	0	0	1
214324	16171.8	22127.2	13.1	0	156.4	6135	2	754	0	1	1
214606	16406.4	21479.1	9.4	0	168	6191	3	978	0	0	1
215056	16240.9	22114.4	6.8	0	161.7	6274	2	1677	0	0	1
215070	16258.5	22167	6.2	0	176.8	6277	2	2972	0	0	1
215737	16577.7	21967.2	7.2	0	146.4	6409	2	963	0	0	1
216099	16284.7	21761.9	6.5	0	150.1	6480	3	1653	0	0	1
216698	16474.4	22173	9.3	0	183	6588	2	1183	0	0	1
219142	16231.8	22129	6.6	0	155.8	7083	3	1352	0	1	1
219559	16254.3	21787.5	12.8	0	142.2	7178	2	342	0	1	1
220020	16848.5	21997.2	8.9	0	160.4	7281	2	758	0	0	1
220494	16246.7	22066.8	10.4	0	176.2	7378	2	1171	0	1	1
221803	16320.6	21798	4.4	0	143	7662	6	3419	0	2	1
221888	16291.6	21966.9	8.6	0	159.3	7677	4	1236	0	0	1
222565	16281.2	21768.5	5.9	0	141.9	7817	2	1305	0	1	1
222655	16286.3	21779.6	7.6	0	147.2	7834	2	1434	0	0	1
222703	16842.5	21983.6	8.9	0	163.5	7845	2	887	0	0	1
223532	16184.5	22342.7	8.6	0	158.6	8003	2	785	0	0	1
224894	16270.9	21952.3	10	0	157.3	8271	3	885	0	2	1
224910	16259.6	21965.5	10.8	0	163.7	8273	2	645	0	0	1
225104	16245.4	22146.9	6.4	0	156.4	8311	2	1698	0	0	1
225113	16258.3	22156.6	5	0	162.2	8313	3	2886	0	0	1
225254	16809.3	22264.7	4.1	0	165.3	8341	4	3552	0	0	1
225580	16439.2	21542.4	7.5	0	169	8406	2	1846	0	0	1
226572	16235.6	22133.7	7.4	0	158.9	8633	3	1409	0	1	1
226712	16228.4	22148.1	12.3	0	177.5	8660	2	585	0	0	1
226864	16652.8	22285	8.2	0	157.4	8691	2	1088	0	0	1
227311	16839.6	21981.1	8.3	0	165.2	8784	3	1214	0	0	1
227332	16853	21983.8	7.9	0	165.5	8787	4	1741	0	0	1
227904	16235.5	22155.9	9	0	164.9	8909	3	1463	0	0	1
227952	16501.5	21787.9	5.3	0	145.5	8918	4	1634	0	0	1
228243	16276.6	22179.9	8.3	0	148.1	8980	4	984	0	3	1
228270	16262.2	22167.2	10.3	0	142.3	8985	2	472	0	1	1
228289	16274.5	22170.1	10.4	0	142.1	8989	3	655	0	1	1
228314	16240.5	22193.5	8.6	0	151.5	8993	3	787	0	1	1
228349	16289.6	22174.7	13.4	0	151.3	9001	2	398	0	2	1
228363	16256.4	22159.8	10.7	0	143.1	9003	2	434	0	1	1
228383	16271	22182	12.1	0	129	9006	2	351	0	0	1
228398	16288.8	22183.2	9.6	0	141.1	9009	2	540	0	0	1
228414	16263.1	22167.3	8.1	0	142.7	9013	4	1007	0	3	1
228443	16261.7	22202.7	12.9	0	156.7	9020	2	472	0	0	1
229887	16455.4	22174.9	8.2	0	182.3	9329	4	1479	0	4	1
229916	16463.1	22150.4	9.6	0	178.2	9337	2	1161	0	1	1
229930	16447.8	22174.5	6.4	0	181.5	9340	2	1586	0	0	1
230921	16307.8	21660.7	7.5	0	153.8	9560	3	1229	0	2	1
231140	16255.2	22169.8	11.7	0	154.6	9605	2	492	0	0	1
231232	16273.4	22173.2	12.2	0	138.1	9626	2	441	0	0	1
231788	16611.2	21669.5	5.6	0	156.3	9751	4	2195	0	1	1
231889	16580.6	21513.2	8.9	0	175.9	9777	2	914	0	0	1
233110	16279.6	22169.4	11.2	0	138.8	10044	2	365	0	2	1
233173	16285.3	22174.5	11.9	0	140.8	10058	2	419	0	2	1
233808	16316.6	21795.1	6.3	0	155.2	10199	2	1067	0	0	1
234165	16279.8	22159.1	6.5	0	160.1	10274	3	1976	0	1	1
235142	16575	21957	7.7	0	153.5	10482	2	1011	0	0	1
235774	16588.7	21933.7	10.1	0	157.1	10628	3	1134	0	1	1
235792	16569.4	21949.7	8.1	0	157.1	10630	2	914	0	1	1
235813	16573.8	21961.5	6.1	0	162.8	10633	5	2445	0	2	1
236112	16237.9	22118.4	7.8	0	161.6	10706	2	981	0	0	1
236234	16835.3	22305.9	5.3	0	145.2	10732	3	3733	0	1	1
236408	16226.5	21803	8.5	0	156.9	10765	2	772	0	0	1
236552	16637.3	22263.4	6.4	0	151.3	10796	3	1377	0	1	1
236593	16234.5	22143.2	9.7	0	162.6	10805	2	767	0	1	1
236855	16246	22165.8	7.7	0	172.8	10866	3	1313	0	0	1
236900	16274.8	22162.4	5.8	0	157.2	10879	3	1638	0	1	1
237156	16182.8	21913.9	9.6	0	174.6	10936	2	1083	0	0	1
237264	16258.7	21958.8	8	0	188.3	10958	3	1382	0	2	1
237288	16261	21917.2	11.7	0	163.9	10961	2	546	0	1	1
237530	16635.2	22271.4	4.3	0	154.7	11009	2	2091	0	0	1
237729	16502.1	21812.4	7.5	0	151.4	11057	2	1376	0	0	1
237793	16833.5	22300.5	3.6	0	149	11069	4	5358	0	0	1
238345	16264.4	21782.2	5	0	161.3	11190	4	3098	0	1	1
238422	16288.7	21760.6	4.9	0	152.3	11204	5	3522	0	1	1
238505	16303.8	21651.8	10	0	161.1	11221	2	709	0	0	1
238514	16284.3	21754.4	6	0	150.7	11223	4	1695	0	2	1
238576	16284.6	21762	6.6	0	159.6	11237	3	1799	0	0	1
238615	16278.6	21760.8	7.8	0	143.8	11249	2	1041	0	0	1
238651	16287.4	21754.2	6.2	0	152.7	11257	6	2312	0	5	1
238676	16279.2	21758.9	4.8	0	157.9	11262	2	1750	0	0	1
238714	16283.7	21763.4	5.1	0	151	11272	4	2822	0	2	1
238855	16425.8	21575.3	7.2	0	190.3	11301	2	1985	0	0	1
238906	16273	21757.6	4.2	0	154.7	11313	4	3466	0	2	1
238939	16295.4	21766.3	9.7	0	145.4	11321	2	650	0	1	1
239941	16254.5	22152.3	8.3	0	163.3	11554	2	837	0	0	1
241277	16833.7	22305.8	8.3	0	152.8	11867	2	810	0	0	1
Orientation 	1
ROI width 	1005
ROI height 	1005
ROI x1 	15970
ROI x2 	16975
ROI y1 	21460
ROI y2 	22465
1
