Index	X	Y	Precision	SEM	PSF	First_Frame	N_detections	Photons	Intensity	Frames_missing	Channel
264	20729.4	19779	8.2	0	169.9	10	1	3110	0	0	1
286	20885.4	19724.5	4.9	0	190.4	11	1	6383	0	0	1
309	20866.1	19735.7	5.2	0	177.6	12	1	5218	0	0	1
730	20449	19536.3	27.1	0	170.4	30	1	670	0	0	1
1688	21144.8	19439.4	24.4	0	154.4	79	1	341	0	0	1
3636	21064.8	19378.3	30.2	0	172.1	190	1	371	0	0	1
3864	20864.8	19034.8	35.9	0	122	202	1	266	0	0	1
6375	20448.7	19541.7	32.6	0	128	371	1	160	0	0	1
7011	20500.3	19802.1	10.6	0	160.6	416	1	782	0	0	1
7096	20474.6	19716.3	22.7	0	157.5	424	1	264	0	0	1
8648	21175	19599.9	23.3	0	182.4	534	1	473	0	0	1
10416	20584.8	19138	9.9	0	151.3	667	1	747	0	0	1
10427	20573.6	19158.8	18.4	0	154.2	668	1	435	0	0	1
10440	20545.4	19150	15.9	0	155.3	669	1	450	0	0	1
11158	20832.3	19092.3	8.8	0	161.2	723	1	1568	0	0	1
11184	20723.1	19290.9	14.6	0	192.5	725	1	1696	0	0	1
11277	20608.6	19775.1	22.1	0	154.8	734	1	306	0	0	1
11441	20618.6	19817.1	9.6	0	146.8	746	1	831	0	0	1
12180	20851.2	19089.6	37.2	0	134.5	801	1	137	0	0	1
12922	20805.7	19818.9	18.4	0	147.4	857	1	424	0	0	1
12967	20819.7	19778.4	21.8	0	158.1	860	1	385	0	0	1
13038	20802.3	19793.8	11.3	0	153.2	865	1	748	0	0	1
14277	20833.4	19692.4	15.1	0	148.5	964	1	475	0	0	1
14288	20865.3	19700.3	27.8	0	164.7	965	1	260	0	0	1
14642	21216.9	19317.4	19.3	0	135.9	994	1	358	0	0	1
14656	21198.8	19305.9	6.5	0	149.5	995	1	1756	0	0	1
15066	20726.1	19494.2	29	0	167.3	1028	1	263	0	0	1
15307	20510.1	19534.1	35.7	0	191.9	1045	1	285	0	0	1
15323	20477.1	19537.8	30	0	110.8	1046	1	104	0	0	1
16400	20719.1	19587.7	16.1	0	178.5	1127	1	588	0	0	1
16442	20774.3	19601.1	17.1	0	168.8	1130	1	494	0	0	1
16767	20855.1	19048.5	13.4	0	143.6	1154	1	551	0	0	1
16829	20750.9	19567.6	19.3	0	173.9	1159	1	468	0	0	1
16993	20744.2	19567.9	18.3	0	176.3	1172	1	553	0	0	1
17013	20709.7	19562.4	31.6	0	149	1174	1	215	0	0	1
17047	20751.8	19526.9	24.2	0	166.4	1176	1	328	0	0	1
17286	20420.4	19501.9	35.2	0	191.5	1196	1	335	0	0	1
18233	20440.3	19538.1	18.8	0	158.5	1270	1	422	0	0	1
18852	20808.6	19698.8	13.9	0	149.6	1314	1	447	0	0	1
20412	21151.1	19069	15	0	164.1	1438	1	702	0	0	1
21226	20648.9	19374.9	23.3	0	187.9	1501	1	346	0	0	1
21249	20665.6	19341.7	19.7	0	183.3	1502	1	396	0	0	1
27279	20516.9	19807.1	14.8	0	157.3	1982	1	481	0	0	1
27698	21096.9	19382.9	22	0	194	2014	1	521	0	0	1
27717	21107.7	19362.3	18.8	0	197	2015	1	743	0	0	1
29257	20698.8	19340.7	24.1	0	177.7	2137	1	375	0	0	1
29275	20663	19340.7	13.9	0	164.8	2138	1	550	0	0	1
30229	20365.3	19359.2	37.6	0	188.4	2213	1	233	0	0	1
30342	20298.4	19479.5	16.4	0	158.3	2220	1	459	0	0	1
30356	20291.3	19446.3	23	0	190	2222	1	346	0	0	1
30511	21017.5	19642.3	19.2	0	165.3	2232	1	486	0	0	1
31704	21029.8	19714.3	14.8	0	193.9	2323	1	995	0	0	1
32638	20443.7	19530.7	22.6	0	148.8	2365	1	277	0	0	1
32975	20487.5	19451.9	26.1	0	184.2	2377	1	895	0	0	1
32994	20426.1	19411.7	36.7	0	180	2378	1	585	0	0	1
33150	20516.9	19444.3	15.7	0	143.6	2385	1	542	0	0	1
33738	20625.2	19355.7	20	0	170.7	2410	1	559	0	0	1
33856	20676.6	19370.1	9.8	0	146.2	2415	1	892	0	0	1
33885	20632.2	19341.3	15.4	0	181.5	2417	1	550	0	0	1
33991	20684.7	19281.4	18.7	0	146	2422	1	370	0	0	1
34014	20670.8	19297.2	19.6	0	150.4	2423	1	423	0	0	1
34391	20688	19299.2	16.1	0	148	2440	1	374	0	0	1
34950	20724.4	19318.2	30.6	0	142.1	2463	1	318	0	0	1
34977	20673	19323.5	27.2	0	128.7	2464	1	317	0	0	1
35145	20735.3	19388.1	29.8	0	136.1	2471	1	330	0	0	1
35197	20735.1	19310.8	36.5	0	156.3	2474	1	272	0	0	1
35284	20687.7	19359.9	22.1	0	146.9	2477	1	288	0	0	1
35521	20739.3	19461.5	20.9	0	189	2487	1	711	0	0	1
35802	20844.5	18951.8	23.4	0	186.5	2499	1	502	0	0	1
36600	20694.3	19305.9	21.8	0	162.8	2535	1	469	0	0	1
37458	21202.1	19302.3	10	0	157.2	2576	1	1205	0	0	1
37673	20809.8	18913.2	24.5	0	191.7	2587	1	367	0	0	1
38779	20293.2	19465.2	23	0	156.8	2643	1	248	0	0	1
38811	20322.7	19460.2	17.7	0	149.8	2644	1	407	0	0	1
38832	20301.7	19512.6	14.8	0	147.1	2645	1	457	0	0	1
39144	20653.5	19351.1	19.3	0	158.2	2661	1	396	0	0	1
39165	20654.3	19320.5	18.6	0	140.2	2662	1	318	0	0	1
39191	21267.5	19330.1	25.4	0	156.7	2664	1	375	0	0	1
39216	21211.6	19307.3	20.6	0	154.4	2665	1	451	0	0	1
39422	20658.3	19814.8	12.8	0	141.3	2677	1	468	0	0	1
39844	20809.5	19685.5	17.4	0	142.1	2696	1	371	0	0	1
39861	20784.7	19675.8	27.4	0	136.8	2697	1	192	0	0	1
40755	21203.3	19254.9	25.4	0	183.3	2743	1	380	0	0	1
41609	20453.7	19459.9	20.2	0	160	2783	1	404	0	0	1
41629	20470.7	19490.9	31.3	0	134.4	2785	1	186	0	0	1
41651	20519.9	19459.5	24.1	0	139.4	2786	1	211	0	0	1
41800	20682.2	19379.1	22.7	0	142.6	2794	1	326	0	0	1
41987	20769.2	19702.4	25.1	0	142.9	2803	1	300	0	0	1
42006	20808.2	19700.4	28.2	0	141.1	2804	1	230	0	0	1
42475	20444.1	19562.3	23.5	0	177	2828	1	299	0	0	1
42585	20622.3	19410.7	20.7	0	169	2833	1	411	0	0	1
42910	20713.7	19306.8	17.7	0	182.9	2849	1	615	0	0	1
44520	21191	19307.7	24	0	140.6	2933	1	221	0	0	1
45468	20794.1	19042.9	31	0	186.8	2983	1	301	0	0	1
45677	20667.9	19320	30.7	0	158.7	2994	1	216	0	0	1
45740	20681.2	19368.5	22.6	0	156.6	2997	1	253	0	0	1
45852	20732.7	19579.9	24.4	0	159.6	3002	1	372	0	0	1
45874	20757.4	19564.3	22.3	0	164.5	3003	1	344	0	0	1
45895	20775.5	19581.8	18.6	0	178	3004	1	483	0	0	1
45984	20767.9	19552.2	32.3	0	159.5	3009	1	198	0	0	1
46121	20479.1	19039	28.3	0	172.6	3017	1	339	0	0	1
46804	21229.5	19312.7	22.8	0	145.5	3054	1	250	0	0	1
47063	21201.5	19333.7	16.4	0	126.3	3067	1	312	0	0	1
47204	21171.3	19111.9	21.9	0	140.1	3075	1	271	0	0	1
47268	21211.2	19202.8	14.9	0	183.3	3078	1	776	0	0	1
47299	21191	19193.2	13	0	183.9	3080	1	1023	0	0	1
47365	20830.5	19664.2	24	0	140	3084	1	279	0	0	1
47382	20770.3	19689.5	17.7	0	145.5	3085	1	352	0	0	1
48362	20827.2	19693.2	17.6	0	154.3	3141	1	431	0	0	1
48824	20434.3	19455.3	22.9	0	190.1	3168	1	387	0	0	1
48840	20478.2	19490.9	20.2	0	170.1	3169	1	336	0	0	1
48859	20457.2	19474.6	32.3	0	151.5	3170	1	218	0	0	1
49637	20850.7	19708.7	18.1	0	160.8	3213	1	371	0	0	1
49661	20821.9	19668.3	21.4	0	126.5	3214	1	284	0	0	1
49913	20470.3	19598.8	9.3	0	164.3	3227	1	1080	0	0	1
49945	20630.8	19777.7	13.7	0	170.2	3230	1	693	0	0	1
50058	20652.8	19816.6	11.2	0	147.3	3236	1	583	0	0	1
50068	20630.1	19826.2	24	0	134.1	3237	1	217	0	0	1
50270	20831.6	19687.4	19.7	0	128.1	3248	1	222	0	0	1
50662	20639.1	19395.1	20	0	149.5	3271	1	262	0	0	1
50838	20667.8	19805.9	22.3	0	150	3280	1	275	0	0	1
51086	20816.4	19656.4	14.4	0	146.7	3293	1	469	0	0	1
51111	20785.2	19605.5	24.4	0	162.8	3295	1	261	0	0	1
51182	20787.6	19583.1	35	0	137.4	3299	1	146	0	0	1
51297	20803.1	19704.2	18	0	160.6	3304	1	476	0	0	1
51340	20813.4	19642.2	18.8	0	172.5	3307	1	536	0	0	1
51943	20645	19772.2	21.8	0	153.3	3344	1	531	0	0	1
52018	20697.6	19361.7	15.4	0	169.1	3348	1	548	0	0	1
52067	20651	19336.7	15.6	0	180.3	3351	1	637	0	0	1
52134	20659.4	19768.1	15.9	0	151.8	3355	1	373	0	0	1
52509	21229.3	19307.4	31.7	0	164.1	3377	1	240	0	0	1
52611	20428.8	19546.8	27.8	0	189.9	3383	1	360	0	0	1
52734	20447.9	19487.8	28.1	0	199.2	3390	1	337	0	0	1
53689	20834.4	18981.5	21.7	0	184	3444	1	403	0	0	1
53930	20970.8	19619.8	28.9	0	192.7	3457	1	360	0	0	1
54233	20811.5	19027.6	22.4	0	174.8	3473	1	448	0	0	1
54497	20605.6	19822.1	19.7	0	156.9	3488	1	309	0	0	1
54567	20660.8	19790.4	38.1	0	111.6	3493	1	118	0	0	1
56759	20810.2	19690.2	15.7	0	143.8	3624	1	379	0	0	1
56882	21217.1	19298.6	26.3	0	133	3632	1	212	0	0	1
56897	21250.1	19308	40.2	0	141.9	3633	1	185	0	0	1
56914	21230.9	19315.8	31.7	0	138.1	3634	1	158	0	0	1
56932	21195.1	19276.8	22.9	0	146.1	3635	1	250	0	0	1
59120	21192.7	19280.5	21.1	0	157.4	3765	1	416	0	0	1
59217	21197.5	19328.7	28.5	0	145.1	3771	1	232	0	0	1
59523	20647.7	19785.5	12.9	0	139.2	3790	1	415	0	0	1
59531	20620	19781.8	22.9	0	147.3	3791	1	232	0	0	1
61280	20659.6	19355.4	21.4	0	154.1	3903	1	260	0	0	1
61813	20601.6	19805.2	23	0	153.8	3936	1	334	0	0	1
62102	20638.9	19353.7	28.8	0	158.5	3955	1	235	0	0	1
62448	21135.1	19118.7	24.7	0	144.1	3977	1	219	0	0	1
62472	21177.8	19126.6	14.9	0	142.7	3978	1	438	0	0	1
62522	21171.3	19103	14.7	0	149.2	3981	1	446	0	0	1
62586	21143.5	19120.5	15.4	0	135.4	3985	1	372	0	0	1
62608	21193	19242	10.4	0	160.2	3986	1	810	0	0	1
63092	21240.5	19247	12.5	0	174.5	4020	1	838	0	0	1
63805	20454.7	19529.3	26.3	0	149.2	4065	1	192	0	0	1
63825	20448.8	19574.1	14.3	0	153.2	4066	1	461	0	0	1
63838	20458.9	19551.1	18.3	0	148.9	4067	1	494	0	0	1
64285	20724.9	19300.9	21.4	0	136.9	4096	1	222	0	0	1
64302	20705.6	19312.5	19.1	0	166.5	4097	1	426	0	0	1
64760	20865	19050.6	18.4	0	143.8	4128	1	276	0	0	1
66772	20480.8	19473.7	20.6	0	173.2	4256	1	390	0	0	1
66850	21029.4	19642.2	28	0	145	4262	1	249	0	0	1
68782	20325.2	19458	15.9	0	167.2	4382	1	513	0	0	1
68986	21179.5	19318.7	12.3	0	132.5	4395	1	458	0	0	1
69915	21165.1	19141.8	12.6	0	187	4459	1	1004	0	0	1
69962	21162.7	19093.9	11.8	0	152.4	4462	1	579	0	0	1
71684	21001.4	19637.5	30.7	0	166.1	4572	1	366	0	0	1
71697	20936.7	19635.8	40.4	0	134.3	4573	1	158	0	0	1
71799	20621.7	19789.5	18.1	0	162.2	4580	1	404	0	0	1
72023	20988.4	19651.6	27.4	0	151.3	4595	1	257	0	0	1
72210	20447.6	19455.7	24.2	0	155.9	4608	1	241	0	0	1
72745	20362.2	19250.1	29.4	0	195.6	4642	1	396	0	0	1
77655	20829.8	19736.6	12.1	0	143	4972	1	555	0	0	1
77671	20842.3	19717.3	17.8	0	151.5	4973	1	386	0	0	1
77719	21003.1	19642	31.8	0	110.7	4978	1	98	0	0	1
77768	20959.3	19650.1	16	0	177.5	4981	1	668	0	0	1
78108	20836.5	19697.3	14.3	0	170.3	5005	1	510	0	0	1
78412	21105.4	19323.1	34.7	0	193.7	5027	1	260	0	0	1
78458	21077	19340	13.2	0	160.1	5029	1	603	0	0	1
78520	20431	19588	19.7	0	129	5033	1	218	0	0	1
78795	20661.8	19783.6	28.9	0	117.9	5054	1	118	0	0	1
79546	20688.6	19363.3	24.2	0	166.7	5101	1	357	0	0	1
80364	20334.5	19255.9	21	0	176.1	5156	1	457	0	0	1
80716	20703	19391.6	18.9	0	179.2	5180	1	354	0	0	1
80979	20763.2	19565.6	26.7	0	186.3	5199	1	327	0	0	1
81882	20842.7	19693.2	19.6	0	157.9	5260	1	372	0	0	1
83199	20793.1	19703.4	17.6	0	134.8	5356	1	326	0	0	1
83269	20830.5	19670	17.9	0	159	5361	1	431	0	0	1
84202	20668.6	19295.2	24.3	0	145.6	5422	1	216	0	0	1
84564	20848.8	19688.4	20.1	0	149.9	5446	1	300	0	0	1
85184	20612.3	19784.3	20.1	0	152.5	5486	1	334	0	0	1
85199	20577.9	19736.8	28.1	0	195.9	5487	1	492	0	0	1
85270	21244.4	19332.8	17.1	0	176.9	5492	1	569	0	0	1
85289	21233.2	19284.3	13	0	195.2	5493	1	778	0	0	1
86005	20806.3	19690.6	26.8	0	136.3	5540	1	190	0	0	1
86311	20656.1	19340.3	18.9	0	168.8	5559	1	392	0	0	1
86330	20640	19327.2	22.6	0	184.4	5560	1	502	0	0	1
87679	20579.7	19766.1	19.4	0	189.6	5654	1	572	0	0	1
88043	20704.1	19327.1	14.7	0	159.7	5676	1	472	0	0	1
90246	21163	19120.7	23.4	0	139.8	5826	1	170	0	0	1
90595	20946.8	19651.2	11.2	0	164.7	5848	1	1048	0	0	1
91283	21087.5	19343.6	15.4	0	159.2	5890	1	540	0	0	1
91462	20835.9	19085.6	13.8	0	137.6	5900	1	396	0	0	1
91929	20809.3	19697.2	28.6	0	147.1	5928	1	184	0	0	1
93843	21155.2	19097.6	7.1	0	139.9	6038	1	1121	0	0	1
95164	20820.5	19173.2	18.9	0	179.9	6121	1	358	0	0	1
95191	20442.7	19543.6	19.9	0	156.3	6123	1	360	0	0	1
95439	20776.6	19887.4	16.9	0	181.3	6138	1	593	0	0	1
95576	20797.8	19810.4	14.9	0	157.9	6146	1	696	0	0	1
95583	20798.6	19784.3	16.6	0	149.6	6147	1	361	0	0	1
95734	20790.5	19785.9	12.9	0	140.5	6156	1	454	0	0	1
96869	20477.6	19449.4	25.7	0	142.1	6223	1	173	0	0	1
96985	20819	19049.8	19.5	0	148.9	6230	1	284	0	0	1
100127	20832.4	19686.6	20.2	0	170.9	6421	1	421	0	0	1
100136	20815.5	19710.1	16.5	0	149.7	6422	1	365	0	0	1
100161	20855.5	19668.6	18.9	0	152	6423	1	338	0	0	1
101242	20985.9	19706.5	16.7	0	183.2	6486	1	682	0	0	1
101316	20637.4	19816.3	14.8	0	148	6491	1	527	0	0	1
101350	20647.1	19835.1	12.1	0	142.3	6493	1	524	0	0	1
101984	20656.2	19365.2	24.9	0	157.6	6532	1	344	0	0	1
101994	20671.1	19351.6	25.3	0	165.7	6533	1	435	0	0	1
102898	21083.9	19322.6	19.9	0	182.6	6588	1	549	0	0	1
103109	20795.5	19657	21	0	168.6	6601	1	428	0	0	1
103222	20640.6	19309.8	21.1	0	192.1	6607	1	571	0	0	1
103238	20664.1	19270	33.6	0	182.2	6608	1	308	0	0	1
103949	20701	19342.7	19.3	0	170.4	6655	1	410	0	0	1
103972	20635.7	19312.9	31.6	0	166.7	6657	1	249	0	0	1
104171	20831.5	19679.8	20.1	0	151.2	6670	1	331	0	0	1
105243	20826.1	18988.3	44.1	0	115.1	6739	1	125	0	0	1
105342	20628.3	19835.2	22.5	0	139.1	6745	1	270	0	0	1
105364	20615.1	19784.9	18.9	0	155.9	6746	1	403	0	0	1
105719	20827.2	19651.5	22.9	0	177.1	6769	1	366	0	0	1
106588	20664.7	19324	19.4	0	157.7	6822	1	308	0	0	1
107159	20649.9	19334.5	24.7	0	181.2	6859	1	299	0	0	1
107339	20709.3	19340	15.8	0	155.1	6871	1	415	0	0	1
108774	21226.3	19293.6	11.9	0	175.3	6968	1	767	0	0	1
108824	21236.8	19317.1	14.5	0	188.7	6970	1	813	0	0	1
109036	20386.5	19534.9	25.6	0	158.6	6983	1	240	0	0	1
109046	20466.7	19558.6	21.2	0	149.9	6984	1	316	0	0	1
109083	20652.5	19338.4	24.4	0	178	6986	1	310	0	0	1
109353	21018.2	19635.4	36.7	0	175.6	7004	1	234	0	0	1
110079	20292.8	19448.6	23.7	0	180.5	7051	1	345	0	0	1
110096	20315.6	19511.8	21.4	0	171.3	7052	1	428	0	0	1
110107	20312.6	19474.4	22	0	166.6	7053	1	393	0	0	1
110347	20616.3	19790.2	18.8	0	146	7068	1	381	0	0	1
110618	21253	19217.9	28.3	0	126.7	7087	1	144	0	0	1
110843	20816.5	19719.5	19	0	156.7	7102	1	354	0	0	1
112707	20933.6	19691.6	12.9	0	184.8	7219	1	957	0	0	1
112721	20908.2	19709.3	9.7	0	176.6	7220	1	1060	0	0	1
112731	20858.5	19696.7	20.6	0	193.8	7221	1	711	0	0	1
112750	20663.8	19344.7	25.7	0	157.5	7222	1	294	0	0	1
114461	20679.5	19312.3	34	0	131.6	7329	1	149	0	0	1
115199	20417.1	19085.6	14.3	0	199.9	7384	1	926	0	0	1
116167	20970.7	19661.1	14.4	0	154.1	7447	1	541	0	0	1
116901	20505.3	18998.8	31.2	0	188.6	7496	1	228	0	0	1
117700	20639.3	19354.2	18.2	0	195.1	7551	1	585	0	0	1
117776	20633.1	19326	21.4	0	183.8	7555	1	492	0	0	1
118506	20831.3	19670.3	18.9	0	161.6	7601	1	431	0	0	1
118520	20770.3	19666	22	0	130.1	7602	1	195	0	0	1
118848	20621.4	19350.3	22.3	0	169.5	7624	1	328	0	0	1
119168	20966.8	19604.9	29.2	0	150.6	7644	1	220	0	0	1
119223	20993.7	19648.7	13.9	0	156.8	7647	1	649	0	0	1
120653	20989.8	19684.7	15.9	0	164.6	7738	1	463	0	0	1
122353	21220.7	19344.5	23.6	0	185.4	7854	1	385	0	0	1
122364	21242.4	19423.3	41.7	0	174.6	7855	1	179	0	0	1
123470	20575.8	19167.7	19.7	0	176.1	7925	1	420	0	0	1
124734	20696.7	19308.9	28.3	0	152.9	8004	1	194	0	0	1
125022	20991.8	19678.8	16.4	0	148.7	8023	1	436	0	0	1
125035	21222.6	19273.3	25.1	0	173.7	8024	1	271	0	0	1
126029	21004.1	19661.4	21.6	0	156.2	8088	1	329	0	0	1
126583	21188.6	19328.8	20.5	0	133.1	8124	1	269	0	0	1
127609	20718.5	19366.8	29.2	0	110.1	8191	1	87	0	0	1
128291	20794	19816.5	16.2	0	164.7	8236	1	441	0	0	1
128525	20398.4	19111.5	16.4	0	199.3	8253	1	804	0	0	1
128785	21195.1	19254.5	16	0	187.2	8270	1	588	0	0	1
128811	21189.5	19288.2	13.1	0	163	8271	1	555	0	0	1
128825	21201.9	19318.8	14.2	0	143.1	8272	1	415	0	0	1
129136	20644.2	19345.9	18.3	0	175.3	8292	1	419	0	0	1
129592	20843.1	19725.1	17.2	0	146.6	8320	1	378	0	0	1
129632	20840.1	19697.1	25.6	0	171	8322	1	319	0	0	1
129989	20806.4	19752	21	0	152.3	8348	1	250	0	0	1
131022	20870.4	18944.9	30.3	0	189.7	8419	1	312	0	0	1
132248	20666.2	19804.5	32.2	0	148.1	8502	1	149	0	0	1
133435	20625.4	19394.7	23.1	0	173	8581	1	302	0	0	1
133465	20429.8	19501.9	32.7	0	155.1	8583	1	213	0	0	1
133548	20510	19494	29.7	0	190.7	8588	1	342	0	0	1
134583	20812.6	19683.4	17.1	0	140.8	8656	1	359	0	0	1
135782	21144.9	19106.2	17.4	0	132.7	8732	1	267	0	0	1
136041	20434	19589.9	19.6	0	147.3	8748	1	295	0	0	1
136434	20992.8	19657.9	13.3	0	154.8	8776	1	561	0	0	1
136447	20972.8	19662.7	18.9	0	152.7	8777	1	381	0	0	1
136898	20663.7	19320.5	32.2	0	183.7	8807	1	276	0	0	1
137461	20608.5	19818.1	23.5	0	138	8845	1	221	0	0	1
137490	20645	19806.3	15.1	0	157.9	8846	1	428	0	0	1
137497	20727	19769.7	14.5	0	169.3	8847	1	550	0	0	1
137513	20833.4	19702.1	19.5	0	130.8	8848	1	205	0	0	1
137526	20828.1	19642.2	31.2	0	173.9	8849	1	374	0	0	1
138430	20702.8	19261.4	27.5	0	169.6	8910	1	245	0	0	1
138458	20704	19333	16.8	0	149.9	8911	1	389	0	0	1
139636	20773.4	19784.4	12.4	0	150.9	8992	1	540	0	0	1
139646	20782.4	19805.8	14	0	161.4	8993	1	568	0	0	1
140096	20643.2	19831.9	31.2	0	120.7	9025	1	131	0	0	1
140165	20426.7	19557.1	9.2	0	160.8	9030	1	1202	0	0	1
140349	21087.4	19349.7	13.5	0	164.6	9042	1	604	0	0	1
140665	20639.2	19803	14.1	0	139.9	9064	1	425	0	0	1
140680	20647.6	19841.8	15.1	0	131.7	9065	1	307	0	0	1
140733	20598.8	19787.4	19.5	0	153.2	9069	1	256	0	0	1
140884	20617.4	19795.7	13.4	0	160	9080	1	536	0	0	1
140918	20600.5	19752.3	32.1	0	151.6	9081	1	157	0	0	1
141107	20678.2	19803.3	16.1	0	139.8	9094	1	302	0	0	1
141485	21010.1	19642.3	28.9	0	174.7	9119	1	271	0	0	1
141601	20487.8	19499.2	9.8	0	157.8	9128	1	890	0	0	1
142071	20630.1	19399.6	20.6	0	165.6	9157	1	347	0	0	1
142085	20665.2	19378.8	28.4	0	173.7	9158	1	325	0	0	1
142377	20750.8	19781.3	25.4	0	150.3	9179	1	494	0	0	1
142399	20768.6	19770.2	11.1	0	142.8	9180	1	580	0	0	1
143888	20819.3	19196.8	31.6	0	192	9280	1	289	0	0	1
144203	20635.9	19811.8	22.2	0	167.8	9301	1	296	0	0	1
144226	20610.9	19805	18.5	0	155.9	9302	1	347	0	0	1
144422	20763.5	19238.9	19.7	0	196.8	9314	1	586	0	0	1
144498	20561.4	19431.7	22.5	0	183.7	9319	1	488	0	0	1
144562	20703	19300.6	26.3	0	143.6	9323	1	192	0	0	1
144615	20704.7	19297.7	22.4	0	160.4	9327	1	258	0	0	1
144919	20634.5	19821.8	16	0	146.4	9348	1	372	0	0	1
144926	20627	19793.9	22	0	133.3	9349	1	189	0	0	1
145167	21087.7	19326.9	19.6	0	178.5	9363	1	517	0	0	1
145562	20858.7	18928.8	18.7	0	197.2	9387	1	585	0	0	1
145685	21127.3	19059.8	35.7	0	192	9397	1	270	0	0	1
146556	20661	19799.6	13.6	0	136.6	9458	1	366	0	0	1
146566	20643.8	19819.2	14.4	0	154.7	9459	1	492	0	0	1
146580	20872.8	18912.6	19.9	0	175.9	9460	1	400	0	0	1
146806	20685.5	19334.7	15.2	0	188.3	9478	1	588	0	0	1
147229	20669.8	19298.1	33.1	0	186.5	9509	1	253	0	0	1
147280	20632.9	19308.5	22.8	0	154.8	9512	1	253	0	0	1
148826	20712.3	19363.5	21.1	0	166.7	9619	1	373	0	0	1
149313	20635.6	19337.5	28.8	0	141.4	9654	1	181	0	0	1
149341	20656.3	19329.1	14.6	0	153.3	9655	1	422	0	0	1
149354	20634.4	19364.7	17.8	0	179.4	9656	1	507	0	0	1
149390	20682.5	19319.5	17.7	0	137.9	9658	1	323	0	0	1
149428	20692.1	19369.4	24.6	0	153.2	9661	1	339	0	0	1
149509	20860.7	19741.6	12.8	0	150.2	9667	1	609	0	0	1
149518	20825.5	19686.3	27.3	0	150.2	9668	1	263	0	0	1
150042	20666.9	19349.8	16.6	0	141.8	9701	1	312	0	0	1
150486	20950.4	19654.5	26	0	185.3	9731	1	348	0	0	1
150500	20979.6	19656.6	12.5	0	147.9	9732	1	552	0	0	1
150540	20884.2	19620.6	29.2	0	143.3	9734	1	147	0	0	1
150649	21076.7	19352	15.5	0	149.4	9742	1	509	0	0	1
150715	20636.2	19345.5	18.2	0	176.2	9746	1	459	0	0	1
150738	20624.2	19388.8	30.8	0	188.8	9748	1	308	0	0	1
151149	20830.4	19696.5	26.3	0	129	9776	1	148	0	0	1
151428	20850.2	19717	20.3	0	174.4	9797	1	386	0	0	1
152334	21251.1	19260.9	18	0	160.3	9859	1	376	0	0	1
152944	20435.3	19544.9	24	0	156.9	9902	1	293	0	0	1
153389	20496.5	19037.9	30.2	0	186.5	9933	1	311	0	0	1
153447	20526.1	18991.4	23.6	0	188.3	9938	1	320	0	0	1
154094	20679.4	19330	12.6	0	175.5	9984	1	570	0	0	1
154122	20704.9	19314.9	19.8	0	175.3	9985	1	479	0	0	1
154140	20722.6	19297.9	19.3	0	178.2	9986	1	515	0	0	1
154152	20721.6	19326.8	16.5	0	156.7	9987	1	529	0	0	1
154334	21136.5	19164.5	28.8	0	151.4	10000	1	178	0	0	1
154456	20455.5	19441.1	37	0	165	10007	1	185	0	0	1
154483	20428.2	19434.2	27.8	0	176.1	10009	1	246	0	0	1
154649	20481.4	19554.8	21.6	0	137.5	10020	1	231	0	0	1
155797	20621.9	19747.9	19	0	148.4	10097	1	307	0	0	1
155975	20857.6	18962.5	21	0	161	10107	1	283	0	0	1
156350	20973.2	19653.4	13.8	0	152.3	10137	1	573	0	0	1
156388	21018.4	19643.7	17.4	0	174.1	10140	1	700	0	0	1
156821	20719.8	19330.5	16.5	0	152.9	10167	1	387	0	0	1
156875	20691.3	19323.1	15.7	0	150.8	10170	1	386	0	0	1
157497	20733.2	19769.7	23	0	195.7	10213	1	844	0	0	1
157528	20766.1	19790.8	33.7	0	143.6	10215	1	362	0	0	1
158231	20451.6	19484.1	30.2	0	198	10261	1	320	0	0	1
158256	20429.8	19535	31.9	0	189.3	10262	1	281	0	0	1
158384	20514.2	19474.7	31.4	0	143.5	10270	1	181	0	0	1
158980	20704.5	19329	26.8	0	141.2	10311	1	188	0	0	1
159276	20756.2	19333.7	15.8	0	152.6	10330	1	353	0	0	1
159553	20311.2	19443.8	17.4	0	170.6	10349	1	381	0	0	1
159647	20322	19489.7	9.8	0	156.2	10355	1	790	0	0	1
159722	20608.4	19345.9	24.6	0	196.5	10359	1	323	0	0	1
160047	20656.4	19383.6	24.2	0	167.9	10380	1	261	0	0	1
160153	21078.8	19346.1	12.3	0	177.3	10387	1	902	0	0	1
160472	20616.5	19779.4	20.6	0	147.4	10410	1	259	0	0	1
161093	20830.3	18922.9	18.3	0	166.8	10451	1	515	0	0	1
161196	20778.2	19757.7	20.9	0	147.5	10456	1	295	0	0	1
161810	20678.9	19388.7	33.4	0	128.4	10501	1	117	0	0	1
161817	20623	19377.8	24	0	148.7	10502	1	236	0	0	1
162645	20467.7	19491.1	20	0	172.3	10560	1	392	0	0	1
162663	20436.2	19475.5	26.6	0	155.3	10561	1	224	0	0	1
163091	20683.2	19329.8	20.9	0	154.6	10589	1	267	0	0	1
163127	20463.2	19500	28.2	0	164.9	10592	1	245	0	0	1
163728	20979	19675.2	10.6	0	154.8	10635	1	779	0	0	1
164678	20846.1	19678.7	22.1	0	160.2	10697	1	400	0	0	1
165122	20682.9	19393.4	29.5	0	187.2	10728	1	262	0	0	1
165335	21216.5	19272.1	15.5	0	184	10742	1	730	0	0	1
165404	20434.5	19499.1	20.5	0	156	10749	1	226	0	0	1
165417	20450.3	19428.7	20.9	0	138.1	10750	1	187	0	0	1
165433	20474.6	19482.1	8.9	0	151.3	10751	1	926	0	0	1
165983	21171.4	19595	23.7	0	181.1	10787	1	401	0	0	1
165987	20830.9	19682.4	15.1	0	134	10788	1	315	0	0	1
166260	20998.8	19644.4	11.8	0	156.6	10805	1	660	0	0	1
166678	20614.1	19815.4	19.9	0	140.9	10835	1	258	0	0	1
166698	20638.8	19810.2	17.2	0	160.6	10836	1	380	0	0	1
166762	20830.9	19692.5	36.7	0	145.5	10841	1	179	0	0	1
167128	20578	19152.7	35.5	0	144	10866	1	216	0	0	1
168264	20662.7	19328.2	15.8	0	150.5	10945	1	370	0	0	1
168269	20652.4	19287.1	24.6	0	190.5	10946	1	392	0	0	1
168296	20679.3	19299.8	18.4	0	164.9	10947	1	395	0	0	1
168652	21226	19262.2	21.2	0	182.3	10971	1	412	0	0	1
168812	21004.4	19672.5	25.6	0	144.9	10982	1	236	0	0	1
168823	21000.1	19642.3	39.2	0	141.4	10983	1	124	0	0	1
169139	20845.4	19047.2	23	0	168.8	11005	1	305	0	0	1
169455	20826.1	19708.7	15.2	0	151.4	11027	1	433	0	0	1
170505	21067.1	19302	17.8	0	186	11098	1	669	0	0	1
170969	20992.7	19666.2	12	0	140.9	11131	1	565	0	0	1
170980	21025.6	19676.2	13.3	0	158.7	11132	1	622	0	0	1
171003	20980.6	19638.9	23.4	0	148.7	11133	1	262	0	0	1
171601	20454.5	19488.5	25.4	0	149.4	11176	1	241	0	0	1
171626	20447.3	19447.1	28.9	0	186.1	11177	1	312	0	0	1
171983	20814.8	19721.5	17.5	0	119.4	11202	1	208	0	0	1
172387	20659.5	19314.2	19.6	0	155.2	11232	1	323	0	0	1
172401	20660.3	19335	23.6	0	158.2	11233	1	287	0	0	1
173005	20615.3	19779	20.3	0	174	11281	1	372	0	0	1
173068	20642.4	19752.4	35.3	0	129.1	11285	1	132	0	0	1
173265	20977.5	19655	14.7	0	155.8	11300	1	471	0	0	1
173796	20612.6	19318.5	21.5	0	170	11336	1	295	0	0	1
173807	20671.8	19334.4	16.9	0	153.9	11337	1	361	0	0	1
174195	21222	19244.4	17.6	0	190.6	11367	1	825	0	0	1
174208	21187.4	19277.7	31.2	0	105.3	11368	1	80	0	0	1
175484	20793.3	19816	23.7	0	152	11462	1	190	0	0	1
175498	21248.9	19288.8	28.1	0	180.8	11463	1	285	0	0	1
175652	20637.5	19345.1	14.1	0	186.9	11474	1	738	0	0	1
175674	20640.5	19376.5	14.6	0	188	11476	1	765	0	0	1
176624	20685.1	19314.6	30.4	0	158.3	11547	1	194	0	0	1
177154	20800.3	19719.3	18.2	0	156.7	11585	1	393	0	0	1
177807	20633.3	19368.1	23	0	187.7	11633	1	361	0	0	1
177832	20666.5	19327.3	24.7	0	196.2	11635	1	367	0	0	1
178512	20618.7	19809.8	17.6	0	150.8	11684	1	325	0	0	1
180069	20646.7	19330.9	29.5	0	173.8	11801	1	322	0	0	1
180483	21153.3	19403.3	32.3	0	139.5	11828	1	140	0	0	1
181104	20479.5	19461.5	14.1	0	139.8	11877	1	315	0	0	1
181179	20456.1	19497.9	14.3	0	139.5	11883	1	325	0	0	1
181199	20453.3	19429.5	23.8	0	178.3	11884	1	345	0	0	1
181218	20433.9	19463.1	21.2	0	162.8	11885	1	317	0	0	1
182425	21103.5	19028.1	32.5	0	175.2	11980	1	184	0	0	1
182483	20991.5	19639	15	0	141.9	11985	1	445	0	0	1
182743	20605.1	19817.7	6.9	0	150.7	3	2	4013	0	0	1
182931	20804	19723.2	7.9	0	148.3	32	3	2081	0	0	1
183127	20575.3	19159.7	9	0	147.1	65	2	1282	0	0	1
183180	21173.7	19443.1	9.3	0	174	75	3	2173	0	1	1
183220	21178.6	19470.2	15.5	0	173.8	80	2	903	0	0	1
183233	20658.9	19339	3.6	0	143.4	83	5	6596	0	2	1
184954	20498.6	19817	4.1	0	150.4	409	5	4877	0	2	1
185057	20459.5	19611.8	14.5	0	141.7	425	2	459	0	0	1
186077	20458.3	19552.4	13.4	0	130.1	621	2	484	0	0	1
186547	20840.6	19059.9	4.6	0	150.6	719	4	4136	0	0	1
186584	20840.6	19054.7	7.6	0	154.3	728	2	1438	0	0	1
186596	20840	19085.3	9.9	0	165.1	730	3	977	0	1	1
186668	20630.5	19811.6	4.4	0	148.1	743	3	3348	0	0	1
187093	20792.6	19783.7	2.6	0	148.4	835	7	15126	0	2	1
187155	20793.7	19785.8	2.9	0	150.2	847	9	9425	0	6	1
187250	20793.2	19776.4	3.7	0	147.9	869	4	3948	0	0	1
187300	20800.4	19785.1	5.4	0	150.4	880	6	3344	0	2	1
187342	20791.6	19784.7	7.7	0	154.7	891	2	1279	0	0	1
187509	20855.6	19148.8	8.6	0	178.7	924	3	1449	0	0	1
187682	20807.9	19714.5	8.3	0	154.1	962	2	992	0	0	1
188093	20631.4	19811.1	5.1	0	145.4	1053	3	2777	0	0	1
188116	20621.9	19796.5	9.9	0	152.9	1056	2	802	0	0	1
188414	20738.4	19563.8	12.1	0	181.9	1120	2	896	0	1	1
188424	20768.3	19572.4	9.7	0	181.3	1123	2	1049	0	0	1
188441	20740.9	19572	7	0	173.1	1126	3	1682	0	3	1
188477	20755.5	19557	7.6	0	182.6	1132	3	1978	0	0	1
188727	20470	19559.2	7.6	0	162.5	1184	3	2416	0	0	1
189125	20450.2	19575.4	3.8	0	145.7	1265	3	3963	0	2	1
189930	21158.1	19083.6	11.3	0	171.3	1439	2	987	0	1	1
189944	21144.8	19082.1	9.9	0	158.3	1442	2	969	0	2	1
191071	20639.7	19821.9	4.8	0	145.4	1680	4	2892	0	0	1
191924	20448.9	19563.9	7.9	0	148.5	1872	2	1374	0	0	1
191961	20691.8	19331.7	5.7	0	155.8	1880	4	1951	0	0	1
193739	20475.2	19487.6	7.1	0	149.9	2281	4	2295	0	0	1
193762	20481.2	19473.5	8.2	0	155.4	2285	5	1859	0	0	1
193901	20641.8	19772.6	7.4	0	164.3	2315	3	1449	0	0	1
194259	20362.6	19479.6	6.6	0	167.6	2374	2	2449	0	0	1
194510	20665.8	19341.2	7.7	0	150.9	2411	3	1336	0	0	1
194539	20651	19353.6	9.5	0	165.1	2414	2	1017	0	1	1
194571	20677.8	19322	6.9	0	149.5	2419	3	1779	0	0	1
194708	20661.6	19321.1	9.1	0	175.4	2439	3	1414	0	1	1
194963	20712.7	19350.2	8.8	0	134.2	2475	4	1270	0	1	1
194988	20718.8	19362.3	5.5	0	146	2480	6	5042	0	1	1
195346	20693.6	19351.5	13.3	0	148.9	2533	2	571	0	0	1
195558	21191.4	19307.2	10.3	0	151.7	2564	2	693	0	0	1
195607	21202.9	19315.4	5.9	0	155.6	2573	4	4506	0	1	1
196022	20484.8	19444.8	12.9	0	146.7	2635	2	545	0	2	1
196030	20479.8	19470.7	9.2	0	138.8	2636	2	642	0	0	1
196328	20982.4	19641.8	10.1	0	168.8	2683	2	1035	0	0	1
196786	20489.8	19480.2	5	0	147	2754	5	2840	0	2	1
196816	20471.6	19488	7.6	0	141.7	2758	2	1074	0	13	1
196916	20455.7	19484.7	7	0	159.9	2773	2	2578	0	0	1
196935	20487.9	19484.7	6.6	0	153.6	2775	3	1756	0	1	1
196964	20490	19492.2	10.7	0	151.7	2782	2	853	0	1	1
197010	20464.3	19447.2	12.3	0	169.1	2787	2	693	0	0	1
197020	20482.7	19461.6	12.2	0	150.4	2789	2	533	0	0	1
197387	20691.9	19391.9	10.9	0	174.5	2848	2	1068	0	1	1
197408	20653.5	19415.9	10	0	163	2851	2	966	0	0	1
197920	21201.9	19307.8	4.9	0	150.3	2934	3	2249	0	0	1
198193	20849.9	19051.9	8.7	0	157.3	2981	2	754	0	0	1
198272	20693.1	19340.4	17	0	148.4	2995	2	425	0	0	1
198594	21205.1	19296.9	14.1	0	150.7	3052	2	508	0	0	1
198702	21211.5	19306.3	4.5	0	146.1	3068	3	2857	0	0	1
198747	21170.8	19141.7	10.8	0	147.3	3074	2	578	0	1	1
199064	20703.3	19362.6	6.4	0	165.3	3135	3	2474	0	0	1
199552	20446.2	19572.5	4.8	0	150.9	3223	4	2794	0	0	1
199584	20505.9	19637.4	7.9	0	183	3228	2	2541	0	0	1
199609	20650	19819.6	5.6	0	146.9	3231	2	1627	0	0	1
199875	20646.6	19817.8	7.8	0	152.8	3281	2	1316	0	0	1
199916	20676.1	19742.3	12.8	0	174.4	3288	2	828	0	0	1
199935	20800.3	19671.8	8	0	156.1	3291	3	1330	0	1	1
200030	20805.7	19658	7.8	0	153.4	3305	2	1066	0	0	1
200214	20634.6	19815.8	7.2	0	144.5	3338	3	1504	0	0	1
200285	20676.7	19346.1	9.6	0	184.3	3349	2	1401	0	0	1
200481	20458	19498.2	8.4	0	153.6	3385	4	1358	0	1	1
200874	21005.9	19643.2	10.1	0	171.6	3458	2	833	0	0	1
201077	20627	19811.3	3.4	0	145	3487	5	5056	0	1	1
201851	21207.6	19307.5	13.6	0	138.1	3636	2	396	0	1	1
202435	20616.1	19813	6.1	0	140.4	3743	4	1919	0	0	1
202558	21200.6	19306.7	2.6	0	152.2	3766	5	8778	0	0	1
202678	20643.7	19802.8	8.1	0	146.3	3788	2	808	0	0	1
202813	20629.2	19801.5	12.1	0	149.4	3812	2	509	0	0	1
203205	20805.7	19693.2	10.6	0	141.5	3887	2	667	0	0	1
203306	20468	19509.6	9.1	0	143.3	3905	2	866	0	0	1
203713	21170.2	19117.7	7.8	0	137.8	3982	3	934	0	0	1
203731	21196.6	19286.2	4	0	159.2	3987	1	2407	0	11	1
203813	21205.4	19313	4.9	0	153.5	4002	1	1713	0	9	1
204008	20612.5	19809	7.5	0	142.3	4041	3	1108	0	0	1
204082	20459.9	19491.8	8.5	0	150.8	4056	2	967	0	0	1
204100	20641.5	19791.3	13.3	0	140	4059	2	588	0	0	1
205732	20315.1	19487.8	6.2	0	156.2	4380	2	1588	0	0	1
205803	21210.1	19316.2	4.8	0	146.8	4396	4	2570	0	0	1
206145	21156.6	19112.4	6.7	0	159.4	4460	3	1798	0	1	1
206862	20473.2	19482.5	8.3	0	154.3	4609	3	1074	0	0	1
206881	20448.8	19481.1	11.1	0	159.9	4612	2	717	0	0	1
208033	21143.7	19463.8	7.1	0	149.9	4851	3	1532	0	0	1
208052	20451.8	19554.8	7.9	0	148.4	4855	3	990	0	0	1
208618	21001.4	19668.3	7.5	0	147.8	4979	2	1117	0	0	1
208729	20828.7	19685.2	6.4	0	156.8	5003	2	1356	0	0	1
208891	20445.9	19561.4	9.1	0	151.1	5031	3	985	0	1	1
209361	20668	19358.5	9.7	0	158.8	5134	2	867	0	0	1
209413	20457.2	19491.6	7.3	0	166.9	5147	2	1331	0	0	1
209419	20473.3	19473.4	6.8	0	158.2	5149	2	1374	0	0	1
209643	20652.6	19770.4	6.3	0	160.4	5196	3	2090	0	0	1
210384	20820.6	19697.5	7.9	0	144.8	5354	2	1192	0	0	1
210404	20823.2	19680.2	8.3	0	153.8	5357	4	1654	0	0	1
210676	20645.2	19371.9	9.1	0	151.2	5417	2	1823	0	0	1
210752	20837.5	19053.5	6	0	157.3	5432	3	1730	0	1	1
210898	21217.8	19265.3	10.1	0	196.5	5465	2	1882	0	0	1
211242	20825.5	19691.6	6.4	0	149.6	5535	5	2173	0	0	1
211428	20407.9	19556.3	8.3	0	160.7	5572	3	1225	0	0	1
211446	20370	19552.2	12.2	0	176.5	5575	2	818	0	0	1
211678	20652.1	19338.9	4.7	0	150	5625	3	3090	0	1	1
211686	20664.3	19328.6	3.1	0	143.3	5629	5	4888	0	0	1
211790	20601.5	19786.2	10.3	0	165.4	5653	2	1074	0	1	1
212458	20821.4	19699.7	7.8	0	130.8	5790	3	1116	0	0	1
212914	20743.5	19269.3	13.8	0	160.7	5874	2	721	0	0	1
212967	21216.5	19261.6	13.7	0	174.1	5883	2	753	0	0	1
213179	20835	19688.1	6.5	0	141.3	5924	4	1534	0	0	1
213753	21160.9	19096.3	3.3	0	144.1	6026	4	7637	0	2	1
213839	21156.9	19094.9	4.1	0	146.7	6042	5	4025	0	0	1
214318	20794.6	19793.2	8.9	0	150.6	6134	3	980	0	1	1
214392	20683.6	19894.1	7.1	0	169.5	6150	2	2259	0	1	1
214602	20616.7	19819.9	8.3	0	157.5	6191	3	1517	0	2	1
214611	20637.9	19832.5	8	0	142.8	6192	2	826	0	0	1
214633	20638.5	19796.8	10.2	0	137.6	6196	2	480	0	0	1
214773	20475	19481.8	12.2	0	157.6	6224	2	565	0	0	1
216095	20837.2	19721.4	4.2	0	147.5	6480	3	3432	0	0	1
216365	20815.7	19667.3	10.9	0	144.9	6527	2	662	0	0	1
216882	20684.7	19354.5	9.9	0	148.5	6623	2	625	0	0	1
217441	20850.5	19036.1	4.3	0	144.9	6732	5	4031	0	0	1
217973	20974.4	19641.1	9.7	0	164.3	6844	2	939	0	0	1
219177	21246.1	19277.9	12.4	0	179.7	7090	2	837	0	0	1
219437	21142	19091.3	7.7	0	158.1	7147	3	1242	0	2	1
219444	21165.8	19106.3	5.7	0	143.9	7148	4	1647	0	2	1
219650	21011.2	19664.6	9.9	0	145.8	7195	2	732	0	0	1
220324	21013.5	19662.9	6.4	0	160	7340	4	2749	0	0	1
220711	21187.8	19589.9	9.1	0	166.8	7422	2	984	0	2	1
220827	20984.6	19648.4	9.1	0	152	7448	2	835	0	0	1
221173	20660.5	19391.1	9.4	0	174.1	7530	3	1468	0	2	1
221726	20972	19661.4	9.4	0	161	7645	2	1167	0	0	1
224461	20667.1	19358.5	4	0	151.7	8181	4	4025	0	0	1
225152	20819.7	19685.9	8.8	0	171.3	8321	2	1302	0	2	1
226320	20617.4	19370.2	10.3	0	157.7	8579	2	617	0	0	1
226351	20463.6	19551.9	11.8	0	151.7	8584	2	536	0	2	1
227137	20447.4	19574	6.3	0	161.7	8746	2	1653	0	0	1
227920	20718	19310.4	8.9	0	155.7	8912	3	1138	0	0	1
228297	20796.6	19789.5	4.4	0	152.8	8990	5	2900	0	2	1
228676	20848.9	19065.7	8.7	0	156.7	9072	3	1124	0	0	1
228757	20630	19824	5.2	0	142.7	9090	4	1648	0	2	1
228944	20469.4	19488.4	5.7	0	147.2	9129	3	1653	0	0	1
229179	20798.1	19774.6	5.7	0	139.6	9181	3	1368	0	0	1
229842	20687.6	19324.4	6.8	0	167.5	9317	9	2669	0	4	1
230348	20663.7	19326	9.7	0	163	9431	2	763	0	0	1
230658	20658	19344.7	10.8	0	145.4	9510	2	584	0	0	1
230730	21183.3	19602.1	4.7	0	183.4	9525	3	4689	0	0	1
230947	20821.1	19689.5	9.5	0	160	9565	2	833	0	0	1
231251	20606.2	19801.3	12.2	0	159	9630	2	499	0	2	1
231254	20617.1	19835.5	9.6	0	160.6	9631	2	706	0	0	1
231718	20821	19710.3	5.7	0	143.4	9735	4	1533	0	0	1
231740	21100.6	19321.7	9.9	0	165.6	9740	2	841	0	0	1
231875	20810.2	19690.7	5.5	0	148.8	9774	2	1416	0	0	1
232028	21014.9	19660	10	0	158.2	9808	2	709	0	0	1
232942	20460.3	19479.2	9.9	0	167	10008	3	848	0	2	1
232957	20478.5	19502.7	9.1	0	147.6	10011	2	842	0	1	1
232969	20451	19541.7	5	0	146.4	10014	3	3265	0	0	1
232986	20436.7	19565	7.5	0	139	10017	3	1276	0	0	1
233311	20455.5	19548	11.7	0	164.8	10090	2	729	0	1	1
233322	20607.6	19795.9	9.9	0	152	10093	2	759	0	0	1
233337	20623.6	19789.4	8.4	0	151.4	10095	2	788	0	0	1
233520	20996.7	19653.7	8.7	0	159.2	10138	2	1197	0	0	1
233673	20704.3	19308.5	8.2	0	150.1	10168	2	814	0	0	1
233698	20830.3	19696.4	5.8	0	140.6	10174	5	1984	0	1	1
233850	20790.5	19778.2	6.4	0	150.9	10208	3	2028	0	1	1
233871	20777.1	19772.4	12.5	0	156.2	10212	2	1269	0	1	1
234410	20720.7	19319	7.9	0	166.4	10329	3	1335	0	1	1
234516	20308.2	19472.6	6.1	0	164.3	10350	5	3493	0	0	1
234646	20670	19353.5	11.6	0	165.8	10378	2	608	0	0	1
234675	21094.5	19332.8	6.7	0	165.9	10383	4	2900	0	0	1
235019	20795	19774.9	3.9	0	152.4	10457	5	3965	0	1	1
235212	20626.9	19353.7	13.4	0	175.4	10503	2	622	0	0	1
235431	20450.1	19510.9	5.1	0	167.3	10549	8	2963	0	2	1
235434	20463.1	19493.3	11.3	0	162.6	10550	2	559	0	2	1
235983	21116.3	19437.8	9.3	0	142.7	10674	2	620	0	0	1
236070	20847.5	19708.9	8.8	0	159.1	10695	2	894	0	0	1
236476	20659.9	19334.3	10.3	0	147.3	10780	2	543	0	0	1
236562	20852.7	19159.1	7.2	0	162.4	10797	2	1103	0	0	1
236584	21016.9	19650.9	6.4	0	163.6	10802	3	2083	0	0	1
236843	20564.5	19140.2	5.5	0	158.8	10863	3	2490	0	0	1
237216	20675.4	19318.6	9.4	0	155.4	10948	3	1087	0	0	1
237533	21146.2	19109.7	6.4	0	144.3	11010	4	1434	0	1	1
238412	20822.5	19741.3	8.4	0	142.9	11203	2	702	0	0	1
238747	20615.6	19799	6	0	151.9	11280	5	2313	0	2	1
239443	20629.6	19792.5	7.4	0	160.9	11439	3	1159	0	0	1
239555	21231.4	19258.9	7.8	0	172.3	11464	2	1317	0	0	1
239606	20657.3	19350.5	7.1	0	187.5	11477	3	2386	0	0	1
239868	20827.4	19715.6	8.7	0	142.2	11538	2	917	0	0	1
239889	21118.5	19339.2	11.7	0	159.8	11543	2	699	0	0	1
240482	20641.6	19803.7	9.6	0	135.5	11685	2	647	0	0	1
241327	20473.8	19490.9	3.3	0	147.7	11878	5	4629	0	0	1
241490	20683.2	19320.1	5.3	0	139.8	11921	8	2008	0	3	1
241515	20677.8	19291.4	12.5	0	145.7	11926	2	470	0	2	1
241667	21207.5	19306	8.5	0	159.9	11959	2	1152	0	0	1
241764	20627.8	19795.5	6.2	0	133.7	11980	3	1140	0	0	1
Orientation 	1
ROI width 	1005
ROI height 	1005
ROI x1 	20290
ROI x2 	21295
ROI y1 	18910
ROI y2 	19915
1
