Index	X	Y	Precision	SEM	PSF	First_Frame	N_detections	Photons	Intensity	Frames_missing	Channel
316	17177.9	17027.6	19.6	0	159	13	1	879	0	0	1
364	17186.6	17006.4	19.3	0	150.1	15	1	533	0	0	1
1226	17958.2	16911.4	18.1	0	138.9	54	1	826	0	0	1
3031	17333.9	16936.7	26.4	0	151.5	155	1	274	0	0	1
3784	17614.7	16433.4	13.2	0	187.9	198	1	1064	0	0	1
3800	17669	16411.6	16.3	0	175.2	199	1	652	0	0	1
4044	17556.8	16480.8	23.5	0	168.1	212	1	383	0	0	1
5122	17458.5	17244.1	22.5	0	191.1	280	1	435	0	0	1
5139	17438.3	17246.2	21	0	180.5	281	1	444	0	0	1
5161	17451.5	17286.6	29.3	0	152.8	282	1	293	0	0	1
7576	17720.1	16429.4	17.1	0	166.1	455	1	472	0	0	1
7623	17686.1	16446.7	15.7	0	192.3	459	1	594	0	0	1
8546	17289.6	16656.7	17.7	0	192.3	526	1	687	0	0	1
8653	17837.7	16875.2	14.9	0	150	534	1	431	0	0	1
9152	17973.8	16975.3	17.7	0	149.6	571	1	401	0	0	1
9406	17977.7	16845.2	9.7	0	165.8	591	1	1402	0	0	1
10241	17843.3	16920.2	11.8	0	149.2	656	1	578	0	0	1
11230	17968.2	16996.5	11.3	0	144.1	729	1	617	0	0	1
11959	17848.6	16856.2	14.9	0	168.6	786	1	687	0	0	1
11972	17870.9	16879.3	13	0	150.2	787	1	564	0	0	1
12466	17685.1	16994.6	24.1	0	135.9	823	1	189	0	0	1
12495	17707.6	16977	11.6	0	144	824	1	612	0	0	1
14103	17183.9	17156.9	14.9	0	147.1	951	1	408	0	0	1
14969	17532.8	16472.1	11.7	0	172.8	1019	1	791	0	0	1
16620	17844.2	16857.1	12.2	0	173.6	1143	1	719	0	0	1
17756	17315	16640.9	16.9	0	167.3	1233	1	482	0	0	1
18305	17947.6	16973.9	28.3	0	127	1275	1	172	0	0	1
19512	17358.2	16859.7	31.1	0	145.8	1368	1	234	0	0	1
20280	17166.7	17140.8	18.5	0	162.4	1428	1	450	0	0	1
20909	17695.1	16997.4	11.6	0	144.2	1475	1	559	0	0	1
21245	17861.5	16874.7	7	0	143.3	1501	1	1125	0	0	1
23360	17800.2	16933.7	23	0	175.5	1666	1	277	0	0	1
26599	17854.8	16900	18.1	0	128.9	1924	1	233	0	0	1
28353	17922	16931.2	13	0	182	2064	1	1098	0	0	1
28361	17943.1	16902.9	15.9	0	183.3	2065	1	495	0	0	1
29163	17874.3	16881.5	12.2	0	157.2	2128	1	538	0	0	1
30127	17297.5	16678	33	0	151.4	2204	1	194	0	0	1
32273	17870.9	16881.4	6	0	153.6	2350	1	3304	0	0	1
32393	17849.1	16861.2	17.6	0	144.7	2355	1	668	0	0	1
33747	17348.2	16934.4	16.5	0	191.7	2410	1	1298	0	0	1
35506	17768.2	17160.6	35.5	0	180.4	2487	1	280	0	0	1
35943	17620.2	16408.8	29.2	0	177.3	2506	1	338	0	0	1
36112	17704.9	16991.1	15.5	0	138.2	2514	1	427	0	0	1
36436	17837.7	16851.8	5.8	0	133.9	2528	1	1462	0	0	1
36457	17833.5	16873.4	14	0	120	2529	1	382	0	0	1
36525	17833.4	16851.9	7.2	0	133.4	2532	1	1166	0	0	1
37238	17869.2	16862.4	13	0	149.5	2565	1	557	0	0	1
39067	17166.1	16897.9	14.4	0	183.5	2657	1	788	0	0	1
39575	17137.6	16930.1	19.2	0	188.7	2684	1	770	0	0	1
40223	17185.1	17007.8	10.5	0	167.2	2714	1	975	0	0	1
40264	17864.9	16956.1	21.4	0	156.3	2717	1	271	0	0	1
40877	17280.8	16633.5	19.5	0	187.4	2749	1	589	0	0	1
42300	17852.2	16872.2	22.2	0	160.2	2818	1	372	0	0	1
42972	17946.4	16948.1	10.6	0	154.3	2852	1	1093	0	0	1
42992	17900.8	16934.2	16.1	0	144.1	2853	1	1052	0	0	1
44323	17638	16358.9	10.1	0	158.8	2924	1	1026	0	0	1
45657	18045.9	16883.6	22.2	0	173.4	2993	1	345	0	0	1
45766	17868.8	16898.7	21.5	0	149.7	2998	1	336	0	0	1
46130	17633.7	16355.8	17.5	0	155	3017	1	419	0	0	1
46491	17956.1	16937.1	12.3	0	152.3	3036	1	722	0	0	1
47047	17647	16359.6	9.8	0	175.4	3066	1	1111	0	0	1
47214	17641.6	16351.8	13.2	0	184.2	3075	1	1140	0	0	1
48112	17266.5	16637.2	11.1	0	147.8	3127	1	597	0	0	1
48126	17221.1	16630.2	25.2	0	124.2	3128	1	181	0	0	1
48624	17933.9	16942.3	33.9	0	136.3	3158	1	150	0	0	1
48657	17950	16915.3	5	0	142.1	3159	1	2133	0	0	1
48785	17615.7	16359.4	15.1	0	174.1	3165	1	885	0	0	1
48848	17837.8	16834.3	28	0	141.9	3169	1	281	0	0	1
49784	17649.5	16372.4	11	0	168.6	3220	1	975	0	0	1
50401	17254.8	16597.4	18.1	0	150.1	3255	1	324	0	0	1
51100	17658.6	16350	13.7	0	196	3294	1	966	0	0	1
51358	17662.5	16359.6	18.5	0	159.1	3308	1	435	0	0	1
51373	17637.6	16363.4	10.6	0	176.6	3309	1	1086	0	0	1
51932	17527.6	16476.2	18.7	0	176.7	3344	1	492	0	0	1
51958	17552.5	16480.2	18.3	0	177.8	3346	1	412	0	0	1
52326	17864.7	16860.2	22.3	0	146.1	3366	1	197	0	0	1
52580	17648.4	16352.8	22.5	0	188.4	3381	1	373	0	0	1
53403	17636.8	16381.6	13.2	0	167.1	3427	1	576	0	0	1
53490	17997.3	16920	26.4	0	112.5	3432	1	91	0	0	1
53543	17904.2	16904.3	6.7	0	159.4	3435	1	1649	0	0	1
53863	17674.8	16375.3	14.5	0	176.2	3453	1	592	0	0	1
53979	18013.1	16865.2	11.1	0	184.8	3460	1	1518	0	0	1
55767	17348.8	16893.1	17.6	0	155.8	3566	1	345	0	0	1
56194	17635.7	16382	12.2	0	188	3590	1	1880	0	0	1
56879	17483.4	16492.3	30.3	0	186.6	3632	1	312	0	0	1
56901	17539.4	16482.5	19.9	0	166.9	3633	1	390	0	0	1
56916	17543.8	16449.6	24.4	0	161.4	3634	1	336	0	0	1
57648	17775.6	16407.4	21.1	0	178.8	3675	1	371	0	0	1
57669	17719.5	16521.6	23.1	0	174.8	3676	1	361	0	0	1
57683	17720.3	16573.6	15.9	0	178.8	3677	1	600	0	0	1
57698	17709.8	16554.3	15.7	0	190.4	3678	1	582	0	0	1
57734	17749.2	16472	28.9	0	171.6	3681	1	302	0	0	1
57756	17791.7	16452.7	28.7	0	193.8	3682	1	352	0	0	1
60406	17961.3	16970.4	18.8	0	141.1	3847	1	321	0	0	1
60474	17947.4	16923.4	22.1	0	143.9	3851	1	272	0	0	1
60795	17700.5	16972.1	25.3	0	150.6	3870	1	385	0	0	1
61401	18011.4	16910.9	10.6	0	164.6	3910	1	1263	0	0	1
63042	17935.9	16921.7	21	0	158.9	4016	1	381	0	0	1
63648	17820.7	16855	9	0	130.3	4054	1	674	0	0	1
63810	17849.4	16858.6	12.6	0	163.6	4065	1	636	0	0	1
63819	17870.7	16878.3	21.8	0	127.9	4066	1	182	0	0	1
63906	17141.5	17049.9	32.8	0	191.8	4072	1	308	0	0	1
66118	17180.7	17142.6	21	0	182.6	4213	1	399	0	0	1
66193	17184.7	17131.9	22.6	0	178.6	4217	1	400	0	0	1
67157	17847	16859.4	17.1	0	139.7	4283	1	304	0	0	1
67479	18025.5	16841.9	7.9	0	148.6	4302	1	1468	0	0	1
67530	17554.1	16454.5	19.9	0	151	4306	1	388	0	0	1
67541	17546.5	16485.3	12.7	0	152.8	4307	1	472	0	0	1
67550	17530.2	16500.6	19	0	170	4308	1	432	0	0	1
67793	17728.9	16933.7	20.3	0	139	4322	1	222	0	0	1
67830	17699.7	16966.4	11.9	0	136.7	4323	1	467	0	0	1
69012	17523.4	16489.1	20.6	0	166.2	4397	1	369	0	0	1
71469	17179.5	17124.6	16.9	0	162.3	4557	1	419	0	0	1
71480	17182.5	17162	19.5	0	136.8	4558	1	304	0	0	1
71937	17663.9	16383.8	29.8	0	199.1	4590	1	300	0	0	1
72920	17934.1	16923.8	11.6	0	151	4654	1	603	0	0	1
73273	17855.9	16861.8	7	0	146.4	4677	1	1298	0	0	1
76153	17955	16918.3	11.2	0	164.4	4868	1	878	0	0	1
77809	17698.2	16960.2	29.7	0	170.3	4984	1	265	0	0	1
78738	17754.9	16494.8	27.5	0	139.6	5051	1	159	0	0	1
78755	17744.4	16532.7	36.8	0	151.5	5052	1	179	0	0	1
78880	17811	16476.2	20.6	0	153.6	5059	1	238	0	0	1
82230	17531.7	16467.5	25.9	0	155	5288	1	233	0	0	1
82555	17811.9	16466.1	23.6	0	194.2	5308	1	389	0	0	1
82587	17746.8	16469.4	15.1	0	187.4	5311	1	791	0	0	1
83297	17894.5	16860.3	29.8	0	160.4	5363	1	254	0	0	1
83343	17889	16880.6	32.1	0	133.2	5366	1	178	0	0	1
83744	17574.7	17051.4	26.4	0	181.5	5391	1	332	0	0	1
83823	17890.7	16957.4	24.9	0	170.6	5397	1	315	0	0	1
83961	17574.9	17064.2	30.6	0	191.6	5406	1	314	0	0	1
84031	17857.6	16875	8	0	147.4	5410	1	1199	0	0	1
85755	17357.4	16873.2	29.8	0	185	5524	1	315	0	0	1
86968	17397.8	16920.7	32	0	151.9	5603	1	207	0	0	1
88152	17865	16859	16.3	0	142.9	5683	1	292	0	0	1
91696	17733.1	16540.3	31.5	0	157.1	5915	1	183	0	0	1
93790	17837.8	16886.4	26.7	0	112.1	6034	1	116	0	0	1
94847	17145.3	16975.6	27.9	0	158	6100	1	203	0	0	1
96380	17291.3	16622.5	27.2	0	161.3	6196	1	293	0	0	1
96484	17817.2	16912.7	21.5	0	176.6	6202	1	375	0	0	1
97135	17882.4	16883.5	11.9	0	139.4	6239	1	401	0	0	1
97161	17865.8	16857.6	22.7	0	142	6240	1	190	0	0	1
97600	17453.1	17269.7	23.2	0	153.4	6266	1	246	0	0	1
97870	17164.1	17150.2	19.1	0	149	6280	1	351	0	0	1
98652	17713.1	17202	20.8	0	196.2	6327	1	439	0	0	1
98670	17648.5	17271.8	25.6	0	198	6328	1	418	0	0	1
98795	17998.7	16845.7	10.4	0	148	6335	1	737	0	0	1
98834	17699.2	17189.4	23	0	176.5	6338	1	271	0	0	1
99854	17467.7	16451.5	30.6	0	171.5	6402	1	334	0	0	1
100169	17845.9	16927.2	28.1	0	162.8	6423	1	193	0	0	1
100776	17560.2	17158.9	36.8	0	103.4	6461	1	84	0	0	1
103076	17853.6	16786.2	21.3	0	171.7	6599	1	372	0	0	1
103120	17142.4	17049.9	12.8	0	190.8	6602	1	959	0	0	1
103758	17950.6	16907	33.4	0	113.6	6642	1	111	0	0	1
106006	17177	16950.3	21.3	0	177.4	6787	1	568	0	0	1
108713	17590.8	17163.8	28.4	0	183.9	6963	1	288	0	0	1
109591	17130.4	17076.4	19	0	193.5	7021	1	737	0	0	1
109927	17829.8	16896.4	18.4	0	157.9	7041	1	432	0	0	1
109938	17816.3	16871.5	30.8	0	174.5	7042	1	244	0	0	1
110402	17815.2	16914.2	27.4	0	162.5	7072	1	236	0	0	1
110413	17849.4	16939	34.6	0	183.1	7073	1	244	0	0	1
110760	17208.3	17167.3	22.5	0	158.6	7097	1	312	0	0	1
112991	18004.6	16834.5	10.4	0	152.1	7237	1	678	0	0	1
113027	17818.9	16883	22.3	0	130.8	7240	1	306	0	0	1
113952	17106.2	17051.6	11.7	0	173.6	7298	1	934	0	0	1
115074	17269.6	16622.9	10.3	0	148.5	7373	1	750	0	0	1
115675	17747.9	16509.9	21.2	0	167.6	7415	1	376	0	0	1
115902	17900.6	16872.9	22.6	0	172.7	7429	1	260	0	0	1
116265	17955.5	16904.9	19.2	0	169.1	7453	1	356	0	0	1
116278	17954.9	16885	18.4	0	162	7454	1	336	0	0	1
116887	17764.3	16468.4	21.4	0	186.9	7495	1	437	0	0	1
119100	18027.6	16916.8	29.4	0	177.8	7639	1	193	0	0	1
120036	17879.3	16908.3	14.2	0	143	7699	1	381	0	0	1
121508	17863	16872	25.7	0	154.2	7797	1	248	0	0	1
122144	17847.1	16867.5	11.3	0	150.3	7841	1	646	0	0	1
122165	17817.7	16875.1	22.4	0	139.4	7842	1	301	0	0	1
122828	17877.4	16919.7	12.4	0	140.9	7882	1	603	0	0	1
126023	17867.2	16876.6	25.4	0	140.4	8088	1	188	0	0	1
126360	17842.6	16841.9	16.6	0	154.6	8109	1	392	0	0	1
126654	17655.7	16665.7	20.8	0	156.2	8129	1	297	0	0	1
126668	17631.4	16625.1	21.6	0	151.4	8130	1	276	0	0	1
126690	17648.6	16581.8	40.3	0	169.5	8131	1	179	0	0	1
127838	17543.1	16484.6	15.5	0	168.4	8206	1	533	0	0	1
127848	17540.5	16446.7	17.4	0	165.5	8207	1	360	0	0	1
128652	17936.3	16946	20.4	0	144.6	8260	1	217	0	0	1
130136	17821.7	16882.2	15.2	0	148.1	8357	1	335	0	0	1
131728	17151.8	17115.1	31.8	0	167.3	8468	1	208	0	0	1
132459	17233.8	16597.8	20.3	0	145.7	8515	1	296	0	0	1
134403	17982.3	16916.3	9.2	0	157.6	8644	1	954	0	0	1
134417	17956.8	16910.9	12.8	0	156.2	8645	1	627	0	0	1
136374	17957.2	16958.1	24.9	0	151.4	8772	1	238	0	0	1
136437	17536.9	16457.3	24.4	0	180.7	8776	1	328	0	0	1
137797	17175.9	17004.6	7	0	153.3	8866	1	1734	0	0	1
141788	17154.1	16924.5	27.2	0	138.4	9139	1	133	0	0	1
141887	17845.6	16911.1	25.4	0	144.9	9146	1	197	0	0	1
142454	17932.1	16930.5	21.3	0	151	9184	1	231	0	0	1
142473	17967.8	16956.8	23.9	0	134.8	9185	1	175	0	0	1
142948	17124.5	17051.3	14.3	0	192.2	9215	1	1093	0	0	1
143503	17147.6	17071.5	12	0	187.1	9254	1	984	0	0	1
143882	17465.5	17263.7	25.5	0	183.8	9280	1	329	0	0	1
143898	17431.1	17264.6	23.4	0	185.1	9281	1	326	0	0	1
145731	17132.2	17060.6	20.3	0	179.4	9401	1	368	0	0	1
145990	17252.1	16615.2	10.3	0	150.8	9418	1	692	0	0	1
146686	17170.2	17062.8	15.6	0	191.8	9468	1	668	0	0	1
146712	17145.3	17062.7	13.9	0	169.2	9470	1	512	0	0	1
147161	17285.9	16874.9	19.1	0	163.2	9503	1	344	0	0	1
150402	17951.8	16969.2	19	0	137.5	9725	1	292	0	0	1
151435	17113.4	17072	19.6	0	173.6	9798	1	430	0	0	1
151629	17849.7	16880.7	18.5	0	163.2	9811	1	396	0	0	1
153269	17316.4	16874.7	14.2	0	159.3	9925	1	481	0	0	1
155270	17174.3	16997.9	18.3	0	172.4	10062	1	516	0	0	1
155404	17307.1	16857.8	29.2	0	134.2	10070	1	162	0	0	1
155717	17871	16916.9	11.7	0	153.5	10090	1	581	0	0	1
156632	18035.8	16844	22.1	0	182	10156	1	344	0	0	1
157259	17127.6	17056.7	18.1	0	188.1	10196	1	481	0	0	1
157262	17152.4	17040.1	20.1	0	184.4	10197	1	367	0	0	1
157971	17151.5	17065.1	14.6	0	199.1	10242	1	778	0	0	1
158065	17123	17031.8	20.6	0	184.3	10248	1	543	0	0	1
159420	17979.3	16954.7	12	0	135.9	10341	1	533	0	0	1
160177	17546.1	16453.8	27.3	0	158.1	10389	1	220	0	0	1
160520	17356.5	16838.7	23.2	0	138.9	10412	1	262	0	0	1
161120	17633.8	16351.2	15.7	0	152.4	10452	1	366	0	0	1
161908	17627.7	16366.5	17.3	0	150.5	10508	1	301	0	0	1
162532	17555.1	16439.7	28.6	0	170.2	10553	1	201	0	0	1
162567	17559.4	16465	24.2	0	142.5	10555	1	174	0	0	1
162879	17126.5	17048.5	23.3	0	190.5	10575	1	483	0	0	1
164876	17862.8	16873.1	12.6	0	160.8	10710	1	625	0	0	1
165102	17338.4	16844.1	15.3	0	161.4	10726	1	420	0	0	1
165113	17319.9	16866.4	11.7	0	157.8	10727	1	614	0	0	1
165520	17116	17051.3	12.5	0	180.7	10756	1	787	0	0	1
166443	17169.1	17068.6	30.3	0	126.7	10818	1	114	0	0	1
167282	17185.8	16957.1	9.1	0	167.4	10877	1	1456	0	0	1
167604	17494.9	17317.6	22.7	0	152.4	10900	1	199	0	0	1
167628	17607	16694.3	15.1	0	165.1	10902	1	514	0	0	1
167854	17247.2	16881.8	31.5	0	149.7	10919	1	165	0	0	1
168222	17134.1	17051.5	13.6	0	178.6	10943	1	923	0	0	1
168453	17236.9	16875.9	31.6	0	196.6	10959	1	335	0	0	1
168495	17280.3	16890.7	35.5	0	154.3	10961	1	130	0	0	1
168617	17273.4	16932.8	34.4	0	156.7	10969	1	162	0	0	1
168728	17208.3	16956.1	32.8	0	105.3	10977	1	84	0	0	1
168866	17199.4	16894.6	27.1	0	127.6	10986	1	109	0	0	1
168947	17296.1	16890.3	27.5	0	158.7	10991	1	185	0	0	1
169103	17261.8	16898.3	33	0	147.4	11004	1	144	0	0	1
169129	17300.6	16905	28.4	0	159.9	11005	1	206	0	0	1
169470	17299.7	16907.6	32.6	0	143.9	11027	1	145	0	0	1
169605	17239.8	16905.9	26.5	0	145.2	11036	1	147	0	0	1
169661	17243.9	16852.9	23.3	0	153.1	11039	1	196	0	0	1
169700	17297.5	16887	14.6	0	175.5	11042	1	551	0	0	1
169710	17293.8	16860.5	18	0	164.7	11043	1	429	0	0	1
170375	17143.9	17055.9	14.3	0	197.2	11090	1	778	0	0	1
171147	17122	17053.9	11.3	0	182.3	11144	1	1063	0	0	1
174370	18007.6	16838.9	11.6	0	149.2	11381	1	600	0	0	1
174380	17991.9	16788.3	27	0	123.6	11382	1	108	0	0	1
174824	17872.2	16889.5	14	0	138.9	11414	1	373	0	0	1
174829	17846.4	16893.1	12.7	0	147	11415	1	456	0	0	1
177128	17848.9	16832.6	12.3	0	143.1	11583	1	463	0	0	1
178768	17151.1	17030.7	14.1	0	199	11701	1	1071	0	0	1
180048	17577.3	16738.7	14.4	0	158.1	11799	1	403	0	0	1
180140	17864.5	16894.1	17.1	0	151.6	11806	1	349	0	0	1
180170	17856	16875.1	10.2	0	146.3	11807	1	719	0	0	1
180629	18001.1	16826.1	10.6	0	147.8	11841	1	592	0	0	1
181325	17826.1	16843.2	13	0	139.9	11892	1	392	0	0	1
181388	17604.7	16710.4	16.6	0	161.9	11897	1	423	0	0	1
181576	17596.7	16705.8	26.6	0	137.4	11912	1	169	0	0	1
181607	17619	16684.3	28.2	0	161.8	11915	1	229	0	0	1
181969	17147.4	16996.3	26.5	0	149.2	11945	1	189	0	0	1
181995	17177.9	16980.3	16	0	155.9	11946	1	366	0	0	1
183016	17862.6	16872.6	8	0	185	48	2	3386	0	0	1
183033	17849.8	16875.5	4.7	0	177.9	50	3	7193	0	0	1
185172	17661.8	16414.6	9.6	0	170.2	448	2	809	0	1	1
185184	17695.9	16441.2	6.6	0	175.6	449	6	2700	0	2	1
185219	17659	16410.1	10.3	0	171.1	457	2	882	0	0	1
185928	18013.1	16837.8	3.4	0	145.9	592	3	6861	0	0	1
186235	17848.5	16874.3	3.3	0	153.2	657	5	10397	0	0	1
186777	18021.7	16837.2	3.1	0	148	767	5	12706	0	0	1
188657	18024.7	16850.1	6.8	0	146.1	1169	2	1638	0	0	1
188985	17297.4	16667.4	9.4	0	182.7	1234	2	1235	0	0	1
189346	17839.3	16876	9.7	0	154.2	1311	2	740	0	1	1
189350	17847	16842.1	11.5	0	151.7	1312	2	623	0	1	1
189616	17321.6	16864.7	4.7	0	150.7	1371	4	2675	0	0	1
189688	17828.3	16852.6	6.3	0	151	1386	2	1072	0	0	1
190008	17342.2	16855.9	4	0	156.6	1455	3	3803	0	0	1
190044	17696.7	16975.8	4.5	0	137.5	1462	5	5634	0	0	1
192059	17850.4	16865.1	8.2	0	150.3	1901	2	835	0	0	1
192881	17605.3	16726.2	8	0	162.9	2080	2	1482	0	0	1
194116	17858.2	16910.5	4.3	0	143.9	2351	2	2849	0	0	1
194222	17313.6	16821.8	13.2	0	147	2366	2	783	0	0	1
194463	17335.1	16838.5	4.8	0	158.3	2405	4	5511	0	1	1
195546	17861.4	16887	5.3	0	147.4	2563	3	1953	0	1	1
196286	17155.6	16919.1	5.2	0	190.4	2677	5	5404	0	0	1
196315	17173.8	16925.4	6.2	0	187.5	2682	4	3806	0	2	1
198227	17645.4	16359.3	9.4	0	173.6	2987	2	1468	0	0	1
198262	17845.9	16873.3	4.5	0	136.6	2994	4	2726	0	0	1
199731	17275.3	16617.2	6.6	0	157	3254	2	1647	0	1	1
200739	17948.3	16919.8	6.8	0	148.1	3433	2	2261	0	0	1
201128	17634.9	16353.8	6.4	0	178.3	3496	2	2224	0	0	1
202632	17967	16964.1	4.7	0	148.1	3780	2	1727	0	0	1
202902	17620	16719.1	4.3	0	149.6	3829	2	2509	0	0	1
202995	17620.3	16372.6	7.8	0	158.1	3845	2	1292	0	0	1
203881	17647.2	16374.9	6.2	0	159.9	4017	3	1967	0	0	1
204057	17840.3	16861.2	5.3	0	141.6	4052	2	3746	0	0	1
204078	17824.6	16874.4	10.6	0	123.5	4055	2	733	0	2	1
206625	17877.5	16868.5	5.7	0	151.1	4559	2	1859	0	0	1
206630	17964.7	16907.8	6.1	0	145.9	4561	2	1894	0	0	1
207593	17852.3	16867.1	6.7	0	153.5	4764	2	1409	0	2	1
207597	17856.7	16891.3	12.5	0	143.9	4765	2	376	0	2	1
208529	17851.1	16882	6.1	0	163.9	4960	3	2934	0	0	1
208992	17765.3	16510.5	11.6	0	154.9	5053	3	715	0	0	1
209420	17827.5	16845	5	0	133.2	5149	5	2715	0	0	1
209853	17167.1	17145.8	7.6	0	144.4	5240	2	1076	0	0	1
209961	17622.8	16723.3	8.7	0	165.1	5261	2	1154	0	0	1
209994	17886	16904.3	3	0	147.9	5270	4	4493	0	2	1
210436	17870.5	16869.9	4.2	0	148.9	5364	2	2464	0	0	1
210592	17924.2	16932.6	6.1	0	172	5398	2	3108	0	0	1
214761	17870	16917.3	8.5	0	153.7	6222	2	1313	0	0	1
215341	17696.7	17234.4	12.9	0	186.3	6331	2	653	0	0	1
215453	17337.1	16855.5	5.1	0	154.6	6353	3	5053	0	0	1
215480	17954.1	16922	6.7	0	140.7	6359	2	1660	0	0	1
215527	17867.6	16899.8	5.6	0	144.5	6368	2	1679	0	0	1
219945	17953.4	16916.7	5.2	0	156.4	7262	3	2582	0	0	1
220466	17249.6	16607.9	8.5	0	147.7	7372	2	937	0	1	1
220730	17837	16897	7	0	148.9	7427	2	1373	0	0	1
221860	17855.5	16877.4	4.4	0	144	7673	3	3005	0	0	1
222126	17971.5	16983	4.7	0	147.3	7725	2	2034	0	0	1
224563	17190.2	16992.4	5.8	0	149	8203	2	1584	0	0	1
225256	17940.1	16932.2	4.9	0	158.8	8341	2	1776	0	0	1
225294	17951.4	16914.5	5.4	0	154.2	8347	2	2017	0	0	1
225315	17847.8	16867.5	3.3	0	146.5	8352	5	6746	0	0	1
225948	17842.2	16865.9	3.2	0	138.7	8484	5	4501	0	0	1
230115	17855.5	16900.4	6.8	0	149.2	9380	2	1083	0	0	1
230620	17327	16863.6	8.7	0	152.5	9501	2	1080	0	0	1
231550	17966.9	16956.1	5.4	0	148.3	9696	3	2069	0	0	1
232568	17317	16855	4.6	0	159.2	9926	2	2130	0	0	1
233980	17841	16861.3	4.8	0	148.1	10236	4	2650	0	0	1
234659	17647.9	16389.1	13.6	0	167	10380	2	443	0	0	1
234859	17612.6	16733.7	12	0	160.7	10425	2	588	0	0	1
237674	17116.4	17042.4	9.8	0	191.3	11045	2	1273	0	1	1
240068	17847.5	16848.2	5.5	0	138.3	11584	3	2037	0	0	1
240620	17851.5	16846.6	4.9	0	154.1	11718	3	2261	0	0	1
241835	17848.8	16856.8	4.4	0	151.7	11999	2	1775	0	0	1
Orientation 	1
ROI width 	1005
ROI height 	1005
ROI x1 	17050
ROI x2 	18055
ROI y1 	16330
ROI y2 	17335
1
