Index	X	Y	Precision	SEM	PSF	First_Frame	N_detections	Photons	Intensity	Frames_missing	Channel
122	10276	15195.1	12.5	0	191.8	4	1	2915	0	0	1
260	9816.7	14977.4	15.7	0	155	10	1	1271	0	0	1
445	10100.6	14481.5	23.7	0	162.7	19	1	470	0	0	1
657	10510.5	14646.9	19.8	0	196.8	27	1	1030	0	0	1
984	10360.8	14923.8	18.3	0	165.2	42	1	591	0	0	1
1008	10346.8	14957.4	12.3	0	145.5	43	1	742	0	0	1
1139	10311.6	15242.7	16.7	0	145.7	50	1	900	0	0	1
1177	10341	14811.7	18.8	0	167	52	1	616	0	0	1
1340	10621	14829.4	20.7	0	162.7	60	1	586	0	0	1
1365	10124.3	14831.7	13.9	0	164.9	61	1	893	0	0	1
1465	10342.1	14797.2	20.5	0	183.4	66	1	600	0	0	1
1579	9927.8	15008.6	10	0	172	72	1	1378	0	0	1
1640	10011.1	14787.8	21	0	189.3	76	1	828	0	0	1
1947	10517.2	14923	9.4	0	186.6	93	1	1814	0	0	1
2064	10531.4	14859.6	10.4	0	178	100	1	1423	0	0	1
2097	10584.5	14917.3	17	0	170.8	102	1	565	0	0	1
2323	10356.6	14793	21.3	0	187.7	114	1	637	0	0	1
2338	10357.7	14758.6	27.6	0	166.4	115	1	472	0	0	1
2426	10190.3	14569.9	8.2	0	182.9	120	1	1877	0	0	1
2463	10353.9	14806.5	15.8	0	181.6	122	1	681	0	0	1
3495	10131.6	15024.4	15.1	0	140.5	182	1	512	0	0	1
3705	10120.5	15316.3	16.1	0	185.8	194	1	864	0	0	1
3978	10546.3	14730.6	23.4	0	189.7	208	1	652	0	0	1
4009	10121.2	15315.4	18.9	0	185.7	210	1	758	0	0	1
4284	10177.6	15294.1	10.2	0	158.4	227	1	911	0	0	1
4928	9799.9	15031.8	14	0	150.9	268	1	505	0	0	1
5038	10129.3	14433.7	22.2	0	194.7	275	1	621	0	0	1
5056	10175.2	14438.9	22.8	0	176.4	276	1	693	0	0	1
5324	10525.6	14913.2	17.2	0	175	293	1	616	0	0	1
5435	10391.4	14787.6	20.2	0	172.7	301	1	413	0	0	1
5571	10174.2	14798.9	17.6	0	172.5	310	1	577	0	0	1
5583	10122.1	14802.7	13.8	0	185.7	311	1	956	0	0	1
5680	9865.9	15067.8	13.6	0	187.7	319	1	868	0	0	1
5737	10217.7	14820.1	20.4	0	189.6	324	1	482	0	0	1
5759	10159.4	14779.7	16.2	0	187.2	325	1	688	0	0	1
5786	10190.5	14775.2	17.8	0	167.2	327	1	484	0	0	1
6037	10517.5	14899.1	28.3	0	155.7	344	1	264	0	0	1
6109	10621	15062	22.8	0	194.8	349	1	473	0	0	1
6222	10385.2	14815.5	13.9	0	193.3	357	1	893	0	0	1
6248	10003.9	14812.9	19.4	0	173.6	359	1	596	0	0	1
6314	10403.6	14915.2	24	0	169.4	366	1	388	0	0	1
6348	10484.7	14882.6	8.8	0	198.8	368	1	1777	0	0	1
6360	10508.9	14874.5	9.9	0	196.2	369	1	1442	0	0	1
6372	10523	14896.3	10.5	0	191.3	370	1	1349	0	0	1
6530	9976.8	14802.8	15.6	0	187.5	382	1	784	0	0	1
6551	10355.8	14776.9	20.8	0	169.2	384	1	404	0	0	1
6581	10332	15253.8	23.3	0	167	386	1	460	0	0	1
7116	10396.4	14795.6	22.7	0	146.1	425	1	277	0	0	1
7173	10507	14687.8	14.1	0	194.3	428	1	1376	0	0	1
7298	10064.1	15303.4	18.7	0	149.6	436	1	340	0	0	1
7922	9994.5	15017.1	8.5	0	157.2	479	1	1151	0	0	1
7936	10001.3	14870	19.2	0	193.5	480	1	626	0	0	1
8063	9975.7	14798.1	13.5	0	169.5	490	1	687	0	0	1
8499	9894.4	15024.8	13.9	0	140.3	522	1	449	0	0	1
8645	9980.7	14783.7	24.2	0	154	534	1	275	0	0	1
9043	9996.9	14797.7	14.4	0	158.1	564	1	492	0	0	1
9388	9971.5	14820.8	22.1	0	183.4	590	1	399	0	0	1
9402	9984.9	14797.5	14.7	0	144.5	591	1	433	0	0	1
9447	10633.2	14794.4	15	0	180.8	594	1	554	0	0	1
9829	10069.2	15085.6	29.3	0	167.7	625	1	280	0	0	1
10374	9981.7	14820.4	20.4	0	127	665	1	234	0	0	1
10390	9949.2	15031.1	18.6	0	161.9	666	1	442	0	0	1
10446	10049.5	15055.9	13.6	0	178.2	669	1	954	0	0	1
10475	10067.9	15109.4	12.3	0	144.1	671	1	617	0	0	1
11203	10463.8	14605.5	10	0	149.7	727	1	791	0	0	1
11374	10597.5	15225.7	10.8	0	167.6	741	1	941	0	0	1
11381	10603.7	15205.6	19.2	0	140.3	742	1	287	0	0	1
11876	10374.4	14968.3	10.2	0	145.9	779	1	732	0	0	1
11878	10367.2	15011.3	26.9	0	120.7	780	1	123	0	0	1
12458	10209.4	14469	15	0	155.7	822	1	495	0	0	1
12660	10329.9	15332.3	15.1	0	191.9	837	1	985	0	0	1
12690	10175.7	15032.5	11.3	0	181.7	839	1	1108	0	0	1
12776	10335.2	15381	35.9	0	195.7	846	1	256	0	0	1
12807	10318.2	15328.8	16.9	0	177.3	848	1	608	0	0	1
12821	10311.7	15360.3	13.4	0	180.2	849	1	876	0	0	1
13015	10322.5	15342.1	15.9	0	186.7	863	1	822	0	0	1
13025	9887.6	14991.3	28.7	0	137.1	864	1	262	0	0	1
13086	10292.8	15356.6	33.9	0	151.7	870	1	226	0	0	1
13103	10339.5	15366.7	23.9	0	159.8	872	1	336	0	0	1
13156	10332.9	15324.6	14	0	193.4	875	1	765	0	0	1
13246	10316.3	15333.9	8.9	0	195	882	1	2025	0	0	1
13288	10312.6	15318.2	32.1	0	185.6	886	1	289	0	0	1
13327	9977.5	14820.3	19.6	0	149.2	889	1	415	0	0	1
13338	10008.3	14821.5	14.7	0	160.7	890	1	603	0	0	1
13364	10553.8	15291.9	21.3	0	196.7	893	1	564	0	0	1
13404	10312.3	15330.5	24.8	0	192.3	896	1	424	0	0	1
13443	10342.3	15326.8	47.4	0	156.7	899	1	190	0	0	1
13558	10354.1	15318	32	0	165.1	909	1	263	0	0	1
13681	9983.1	14795.6	31.5	0	199.1	919	1	479	0	0	1
13746	10003.8	14823	15.5	0	162.8	924	1	678	0	0	1
13798	10338.8	15358.1	29.2	0	162.8	929	1	212	0	0	1
13952	10320.2	15317.3	30.5	0	169	941	1	251	0	0	1
13989	10341.5	15342.6	28.9	0	179.8	944	1	277	0	0	1
14094	9912.7	15028.2	5	0	160.1	950	1	3414	0	0	1
14223	10354.2	14939.8	20.5	0	152.1	960	1	329	0	0	1
15028	9911.6	15010.1	17.3	0	136.8	1024	1	344	0	0	1
15693	10489.1	14900.2	34.8	0	199.7	1077	1	428	0	0	1
17017	10370	14807.9	25.5	0	192.3	1174	1	639	0	0	1
17303	10143.5	14474.2	15.6	0	146.4	1197	1	384	0	0	1
17318	10163.8	14461.3	15.3	0	138.3	1198	1	401	0	0	1
17393	10163.1	14434.1	19.1	0	126.4	1204	1	390	0	0	1
17575	10306.2	15355.3	8.3	0	168.8	1218	1	1708	0	0	1
18727	9837	14629.6	15	0	194.1	1305	1	703	0	0	1
18845	9943.6	15063.4	17.7	0	141.9	1313	1	348	0	0	1
20256	10137.7	14578	11.4	0	192.6	1426	1	1145	0	0	1
20644	10354.9	14966.4	17.7	0	164.1	1456	1	559	0	0	1
20901	10358.3	14999.3	23.6	0	156.4	1475	1	240	0	0	1
21608	10007.1	15063	19.1	0	157.6	1530	1	346	0	0	1
21642	9986.4	15066.2	16	0	157.2	1533	1	494	0	0	1
21836	9806	15004.3	19.2	0	154.5	1550	1	381	0	0	1
21930	9899.5	15090.3	23.1	0	196.3	1556	1	422	0	0	1
22422	10351.8	14949.4	19.1	0	170.2	1592	1	502	0	0	1
22705	10333.7	14756.6	14.9	0	170.7	1613	1	792	0	0	1
22710	10315.7	14771.9	21.9	0	173.9	1614	1	493	0	0	1
22741	9988.1	15109	37.4	0	115	1617	1	115	0	0	1
24676	9816.1	15014.2	17.8	0	141.9	1774	1	439	0	0	1
24970	10123	15016.7	10.1	0	167.2	1797	1	1017	0	0	1
25094	10133.9	15029.4	22.8	0	149.8	1808	1	299	0	0	1
25111	10132.2	15004.4	12.6	0	152.2	1809	1	641	0	0	1
25234	10133.2	14994.1	15.5	0	137	1820	1	426	0	0	1
26075	10101.9	14916.5	11.4	0	149.5	1881	1	752	0	0	1
26536	10356.5	14810.2	30	0	146.5	1919	1	250	0	0	1
27361	10453	14636.1	4.7	0	161	1988	1	3120	0	0	1
27635	10037.1	14531.9	13.6	0	137.4	2009	1	399	0	0	1
27874	10111.9	14890.1	10.7	0	143.7	2027	1	638	0	0	1
28205	10223.2	14461.6	14.2	0	145.1	2054	1	517	0	0	1
28422	9921.2	15082.5	7.2	0	157.3	2069	1	1453	0	0	1
28464	9910.1	15029	18.9	0	178.4	2073	1	395	0	0	1
28479	9929.9	15010.3	16.8	0	164.4	2074	1	467	0	0	1
28485	9918.2	15053.4	20.9	0	161.3	2075	1	281	0	0	1
28501	10213.5	14472.5	20.3	0	165.7	2076	1	338	0	0	1
28653	9932.3	15011.8	19.7	0	150.2	2087	1	306	0	0	1
28668	9937.7	15032.8	19.1	0	149.4	2088	1	319	0	0	1
28838	10330.4	14987.8	14.7	0	152.6	2101	1	440	0	0	1
29186	10284.8	15216.9	31.4	0	193.7	2131	1	440	0	0	1
30434	9934.9	14827.5	11.9	0	159.7	2227	1	729	0	0	1
30993	9944.6	14997	28.2	0	165.3	2270	1	268	0	0	1
31194	10031.8	14496.9	12.4	0	152.1	2285	1	466	0	0	1
31392	10324.7	14978.9	21.6	0	168.9	2300	1	433	0	0	1
31757	9955.7	15218	20.2	0	146.8	2327	1	290	0	0	1
32048	9957.8	15056.7	25.4	0	137.2	2342	1	275	0	0	1
32412	9981.2	14931.8	13.3	0	174.4	2356	1	922	0	0	1
33723	10362.7	15242.9	13.8	0	187.5	2409	1	992	0	0	1
34175	10343.8	14968.4	9.5	0	164	2430	1	2045	0	0	1
34263	10193.1	15294	17	0	143.3	2434	1	383	0	0	1
34283	10147.5	15260.1	18.3	0	161.9	2435	1	421	0	0	1
34314	9939.1	15048.3	14.1	0	140	2436	1	568	0	0	1
34327	9947.4	15029.4	17.3	0	147.5	2437	1	458	0	0	1
34550	10392.8	15078.7	17.7	0	164.3	2446	1	701	0	0	1
34834	10106.2	14947	10.1	0	171.5	2457	1	1605	0	0	1
35139	10331.6	15278.8	33.6	0	146.9	2471	1	239	0	0	1
36514	10217.9	14794.7	22.6	0	159.7	2532	1	428	0	0	1
37159	10255.9	15388.2	24	0	147.7	2562	1	227	0	0	1
37235	10235.6	14486.4	15.2	0	151.4	2565	1	565	0	0	1
38034	10524.1	14835.3	22	0	170.9	2605	1	410	0	0	1
38197	10077.5	14892	26.9	0	139.3	2614	1	266	0	0	1
38270	10103.7	14939.9	17.2	0	162.2	2618	1	506	0	0	1
38395	10073.5	14576.1	11.6	0	193.8	2624	1	1101	0	0	1
38788	10515.3	14872.6	13.6	0	196.3	2643	1	1120	0	0	1
39065	10168.3	14475.6	22.3	0	159.5	2657	1	433	0	0	1
39252	10288.2	15332.9	24.9	0	188.7	2668	1	416	0	0	1
39404	10145.1	14538.7	15.9	0	184.7	2676	1	723	0	0	1
39449	9917.9	15102.7	13.2	0	162.7	2678	1	948	0	0	1
39523	9913.2	15027.8	11.3	0	157.9	2681	1	866	0	0	1
39878	10309.3	15346.6	13.2	0	172.6	2697	1	838	0	0	1
40428	10112.2	14988.8	24.9	0	155.5	2726	1	282	0	0	1
41211	10268.4	14463.6	22.5	0	156.9	2765	1	635	0	0	1
41825	10177.6	14567.1	9.4	0	183.7	2795	1	1495	0	0	1
42450	10523.8	14816.8	15.1	0	197.2	2826	1	925	0	0	1
42554	10451.3	14895.8	37.7	0	154.8	2832	1	218	0	0	1
42670	10465.4	14879.1	36.8	0	172.6	2837	1	270	0	0	1
43004	10486.3	14883	13.5	0	174.9	2854	1	834	0	0	1
43288	9813	14630.3	17.5	0	191.1	2869	1	862	0	0	1
43359	10044.5	15077.9	10.3	0	164.1	2872	1	914	0	0	1
43364	10064.8	15091.8	19.5	0	173.2	2873	1	458	0	0	1
43498	10016.1	15008.6	8.6	0	176.5	2880	1	1530	0	0	1
43515	10104.6	15007.1	13.1	0	151.4	2881	1	744	0	0	1
44114	9998	14997	12.3	0	195.4	2913	1	1330	0	0	1
44126	9927.8	14989.8	18.5	0	160.3	2914	1	517	0	0	1
44363	9958.8	15181.8	18.3	0	142.3	2926	1	258	0	0	1
44466	10414.8	15106.1	12.9	0	163.1	2930	1	735	0	0	1
44474	10383.8	15090.6	25.2	0	184.4	2931	1	396	0	0	1
44719	10187.5	15246.5	15	0	150.9	2942	1	615	0	0	1
44741	10180.3	15275.9	13.2	0	162.8	2943	1	790	0	0	1
44745	10203.8	15214.6	36.1	0	119.8	2944	1	132	0	0	1
45417	9984.4	14784	21.8	0	173.1	2980	1	559	0	0	1
45801	10337.6	15213	13.7	0	143.2	2999	1	637	0	0	1
45920	10337.4	15248.1	7.5	0	149.9	3005	1	1265	0	0	1
46076	10250.1	14810.5	12.9	0	182.9	3014	1	943	0	0	1
46132	9950.5	15046.5	13.1	0	169.5	3017	1	613	0	0	1
47946	10134.1	14478.7	29.9	0	154.6	3118	1	269	0	0	1
48161	10543.4	14654	15.5	0	179.1	3130	1	784	0	0	1
48276	9813.9	14660.1	12	0	199.8	3136	1	1405	0	0	1
48515	10349.8	14819	28.6	0	190.1	3152	1	364	0	0	1
48791	9997	14901.3	32.1	0	139.1	3166	1	183	0	0	1
49226	10332	15393.9	12.7	0	177.5	3191	1	833	0	0	1
49237	10336.5	15355.2	17.9	0	175.2	3192	1	490	0	0	1
49295	10158.1	15269.8	13.7	0	157.1	3195	1	639	0	0	1
49313	10180.1	15267.5	12.4	0	149.6	3196	1	663	0	0	1
49862	10191.1	15287.8	12.6	0	135.6	3224	1	557	0	0	1
49890	10195.1	15333.7	15.2	0	124.1	3226	1	297	0	0	1
50648	10326.4	15246.3	21.2	0	125.6	3270	1	210	0	0	1
51971	10069.3	15034	15.5	0	156	3346	1	432	0	0	1
52513	9911.7	15195.1	18.5	0	165.2	3377	1	355	0	0	1
53656	9932.7	15040.3	11	0	152.5	3442	1	832	0	0	1
53759	10338.4	14996.8	15.2	0	175.9	3448	1	755	0	0	1
53771	10314.5	14963.4	17	0	164.7	3449	1	453	0	0	1
54397	10531.1	14657.8	18.8	0	177.7	3482	1	515	0	0	1
54437	9993.2	15020.4	20.9	0	163.9	3484	1	472	0	0	1
54663	10685.8	15116.5	14.3	0	196.3	3498	1	1102	0	0	1
54785	10331.2	15335	21	0	178.2	3507	1	499	0	0	1
54827	10182.7	15131	10.7	0	178.8	3509	1	1157	0	0	1
55118	10359.8	15224	16	0	135.2	3528	1	422	0	0	1
55234	10172.4	15125.8	12.1	0	163	3534	1	660	0	0	1
55297	10323.2	15005.1	20.5	0	161	3538	1	415	0	0	1
55318	10336.8	14966.6	14.4	0	170.6	3539	1	751	0	0	1
55332	10330.9	14943.6	22	0	166.9	3540	1	432	0	0	1
55423	9849.2	14974.3	11.7	0	134.4	3545	1	615	0	0	1
55618	9936.2	14858	11.7	0	132.7	3556	1	533	0	0	1
55623	9948.8	14892.4	35.3	0	117.2	3557	1	147	0	0	1
55740	10192.8	15286.8	8.9	0	140.2	3564	1	887	0	0	1
56007	10674.4	15126.2	12.4	0	195.4	3579	1	914	0	0	1
56148	10155.1	14455.3	14.2	0	159.4	3588	1	667	0	0	1
56232	10144.3	14454	15.4	0	184.9	3592	1	764	0	0	1
58174	10328.6	15383.9	18.8	0	196.2	3707	1	568	0	0	1
58519	10331.7	15398.5	22.3	0	159.3	3726	1	385	0	0	1
58618	9997.7	15052.3	19.2	0	169.5	3732	1	425	0	0	1
60270	9940.5	15012.4	18.8	0	168.3	3838	1	466	0	0	1
60756	10325.1	15348.9	13.2	0	180.5	3868	1	703	0	0	1
61027	10310.9	15329.7	19.2	0	151.7	3885	1	338	0	0	1
61148	9941	15054.4	12.4	0	149.1	3894	1	689	0	0	1
61979	9913.6	15091.5	15.9	0	187.6	3946	1	696	0	0	1
62791	9995.4	15068.9	13.7	0	162	3999	1	625	0	0	1
62848	10290.1	15286.8	28.5	0	186.4	4003	1	325	0	0	1
62943	10708.7	14801.4	22.8	0	170.9	4009	1	366	0	0	1
63072	10369.1	14914.4	20.9	0	182.2	4019	1	406	0	0	1
63086	10247.7	14827.8	22.3	0	163.4	4020	1	345	0	0	1
63114	10231	14810.3	12.7	0	191.9	4021	1	1050	0	0	1
63130	10246.7	14796.7	12	0	181.4	4022	1	923	0	0	1
63402	10387.2	14979.9	14.7	0	184.9	4039	1	838	0	0	1
63915	10197.7	14866.6	19.4	0	165.3	4072	1	521	0	0	1
64530	9929.2	15019.7	7.7	0	163.5	4113	1	1482	0	0	1
64535	9960.5	14991.8	26.8	0	183.3	4114	1	357	0	0	1
65001	9970	15001.5	24.3	0	167	4143	1	377	0	0	1
65309	10468.1	14606.9	11.3	0	169.7	4162	1	874	0	0	1
65609	10151.9	14896.6	14.4	0	158.2	4180	1	557	0	0	1
66201	10218.1	15309.6	12.2	0	170	4217	1	761	0	0	1
66444	10467.3	14601.7	12.1	0	165.7	4235	1	760	0	0	1
66459	10483.8	14635.6	12.5	0	168.8	4236	1	666	0	0	1
66779	10353.4	14953.8	11.1	0	152	4256	1	761	0	0	1
67321	10327.1	15243.2	13.4	0	154.2	4293	1	677	0	0	1
67487	10150.4	15273	17.9	0	117.2	4303	1	259	0	0	1
67498	10327.7	15237.3	14.9	0	158.4	4304	1	439	0	0	1
67531	9903.2	15048	14.1	0	164.3	4306	1	589	0	0	1
67535	9937.9	15048.5	34.5	0	160.3	4307	1	186	0	0	1
67701	9923.5	14995.9	8.7	0	158.1	4317	1	1135	0	0	1
67857	10476.1	14885	23.7	0	197.2	4325	1	457	0	0	1
67925	9850.8	14989.3	10.4	0	174.5	4328	1	1246	0	0	1
67943	10139.2	14461.5	10.5	0	194.7	4329	1	1755	0	0	1
68322	10328.2	15344.6	15.2	0	176.4	4353	1	855	0	0	1
68773	9825.3	15039	44.9	0	180.5	4382	1	199	0	0	1
69113	10219.8	14457.3	13.4	0	153.5	4403	1	487	0	0	1
69386	10346.4	14966	14.4	0	138.4	4420	1	408	0	0	1
69695	10537.6	14685.9	21.6	0	168	4444	1	306	0	0	1
70048	10411.1	14972	21.4	0	148.5	4468	1	321	0	0	1
70123	10337.5	14972.9	19.6	0	171.7	4473	1	455	0	0	1
70296	10381.3	14977.8	15.6	0	169.1	4484	1	412	0	0	1
71834	10037.6	14989.6	9.1	0	175.1	4582	1	1229	0	0	1
72055	10123.4	14913.5	16.2	0	153.2	4597	1	362	0	0	1
72080	10095.4	14921.2	17.9	0	144.2	4598	1	355	0	0	1
72779	10301.6	15338.4	13	0	186.3	4644	1	952	0	0	1
72890	10345.7	14946.9	14	0	131.4	4652	1	332	0	0	1
73101	10452.7	14606.6	17.2	0	153.3	4666	1	350	0	0	1
73303	10164.1	14540.9	15.7	0	194.5	4679	1	683	0	0	1
73393	10255.2	14505.8	22.9	0	195	4685	1	578	0	0	1
73936	10098.5	14895.1	17.8	0	126.9	4719	1	273	0	0	1
74244	10308.6	15339.6	38.8	0	136.6	4740	1	146	0	0	1
74401	10316	14783.2	19.4	0	180.3	4751	1	581	0	0	1
74457	10185.3	14460.4	23	0	166.1	4755	1	754	0	0	1
75242	10469.1	14607	25.6	0	157.5	4806	1	248	0	0	1
75596	10011	15088.4	23.7	0	146.4	4831	1	255	0	0	1
75682	10063.7	15043.7	11.6	0	168.2	4836	1	866	0	0	1
75843	10527.6	14641.9	23	0	185.3	4847	1	413	0	0	1
76075	10302.8	15398.9	23	0	167.2	4863	1	321	0	0	1
76180	10113.6	15086.9	10.6	0	174.8	4871	1	1025	0	0	1
76443	10023.2	15110.7	38.9	0	136.5	4889	1	162	0	0	1
76599	9976.7	14810.6	15.6	0	170.6	4899	1	623	0	0	1
76625	10301.7	15403.2	29.8	0	158.7	4901	1	337	0	0	1
76647	10116.6	14897.8	13	0	137.9	4902	1	483	0	0	1
77044	10126.7	14961.2	15.5	0	162.3	4931	1	471	0	0	1
77267	10369.1	15348.2	14.9	0	173.6	4945	1	637	0	0	1
77753	10372.8	14944.9	7.8	0	178.5	4980	1	1974	0	0	1
78060	9924.2	15025.6	30.8	0	158.7	5002	1	218	0	0	1
78167	10114.2	14902	15.1	0	152.6	5009	1	479	0	0	1
78254	9801	14691.7	37.8	0	170.7	5015	1	199	0	0	1
78462	10126.2	14971.5	8.4	0	154.3	5029	1	1078	0	0	1
78470	10120.7	14948.8	11.9	0	161.3	5030	1	901	0	0	1
78543	10527.5	14811.1	27.2	0	190.7	5035	1	319	0	0	1
78973	10135.9	15285	10.8	0	175.3	5065	1	1028	0	0	1
79265	10036.4	15012.3	8.1	0	169.6	5082	1	1931	0	0	1
79343	10302	15284.2	21.2	0	190.5	5087	1	735	0	0	1
79352	10363.2	15261.9	20.7	0	170.5	5088	1	484	0	0	1
79375	10333.8	15291.9	9.2	0	167.2	5089	1	1191	0	0	1
79851	9966.3	15022.4	25.7	0	161.8	5120	1	257	0	0	1
81058	10323.9	15359	37.3	0	137.6	5204	1	162	0	0	1
81169	10335.8	15312.7	29.4	0	189.7	5211	1	311	0	0	1
81206	10181.5	15292.4	14.1	0	192.5	5213	1	729	0	0	1
81209	10354.8	15270.5	32.5	0	123.3	5214	1	110	0	0	1
81283	10135	15294.4	13.8	0	185	5219	1	800	0	0	1
81326	10327.5	15302.9	29.4	0	153.9	5223	1	204	0	0	1
81417	10293	15341	30.1	0	184.5	5229	1	258	0	0	1
81431	10307.7	15307	26.2	0	152	5230	1	202	0	0	1
81572	10310.9	15341.6	26.8	0	132.5	5241	1	174	0	0	1
81609	10292.9	15328.7	33.7	0	144.1	5243	1	156	0	0	1
81650	10366.4	15321.2	35.1	0	172.6	5246	1	234	0	0	1
82173	10155.4	14880.6	12.9	0	152.6	5282	1	728	0	0	1
82215	9936.4	15049.7	7.5	0	187.1	5286	1	2086	0	0	1
82257	9912.8	15095.5	17.5	0	198.9	5289	1	849	0	0	1
82398	10572.1	14616.3	18	0	169.8	5298	1	475	0	0	1
82491	9968.9	14850.6	16.1	0	139.5	5303	1	355	0	0	1
82870	10081.1	14570.6	17.6	0	191.6	5332	1	600	0	0	1
83807	9914.6	15046.2	15.2	0	145.5	5395	1	461	0	0	1
83811	9956.3	15025.3	39	0	144	5396	1	180	0	0	1
83964	9867.6	15017.8	22.3	0	159	5406	1	306	0	0	1
84576	10539.1	14664.4	32.4	0	171.9	5447	1	211	0	0	1
84811	9982.9	14806.7	14.3	0	171.4	5462	1	729	0	0	1
84823	9958.8	14793.6	16.9	0	177.7	5463	1	781	0	0	1
85013	9950.6	15005.8	10.5	0	144.4	5474	1	627	0	0	1
85019	9924.3	15016.1	23.2	0	157	5475	1	214	0	0	1
85882	10013	14811.1	24.5	0	162.4	5532	1	369	0	0	1
86803	9941.9	15067.1	22.7	0	168.2	5593	1	312	0	0	1
87142	9909.6	15052.7	19.5	0	158.6	5616	1	289	0	0	1
87756	9935.9	15050.6	33.3	0	149.1	5658	1	236	0	0	1
87773	9970.8	15067.9	16.3	0	148.5	5659	1	567	0	0	1
87980	10346.9	14951	10.5	0	141.8	5672	1	601	0	0	1
88483	9993.7	14805.6	16.6	0	177.7	5702	1	587	0	0	1
88597	10465.3	14597	23.3	0	173.4	5709	1	356	0	0	1
88652	10224.3	14818.4	16.4	0	169	5714	1	475	0	0	1
88851	9967.5	15019.6	16.4	0	185.3	5729	1	644	0	0	1
88864	9961.3	15042.7	17.1	0	177.4	5730	1	618	0	0	1
88889	9945.1	15024.3	21.6	0	170.6	5731	1	525	0	0	1
89061	10552.1	14934.3	35.7	0	163.2	5743	1	174	0	0	1
89086	10570.8	14920.8	12.9	0	161.6	5744	1	763	0	0	1
89096	10579.7	14945.6	23.5	0	138.2	5745	1	195	0	0	1
89510	10189.8	15142.1	24.5	0	151.7	5776	1	304	0	0	1
90131	9939.9	15037.9	13.3	0	151.2	5818	1	455	0	0	1
90189	9938.7	14998.5	23.2	0	130.7	5822	1	189	0	0	1
90699	9987.1	14868.9	33.5	0	167.3	5855	1	221	0	0	1
91229	10592.5	15236.3	16.7	0	150	5887	1	446	0	0	1
91488	9992.3	14800.7	27.1	0	149	5902	1	225	0	0	1
91572	10342.2	15350.4	28.5	0	173.8	5908	1	287	0	0	1
91852	9985.1	14772.7	20.1	0	152.5	5923	1	340	0	0	1
92796	10001.9	14750	24.1	0	155.7	5977	1	299	0	0	1
92817	9994	14802.5	13	0	158	5978	1	635	0	0	1
92889	10329.6	14981.6	20.1	0	129.6	5982	1	210	0	0	1
93327	9914.6	15053.9	13.9	0	157.8	6008	1	704	0	0	1
93331	9914	15027.6	13.2	0	171	6009	1	802	0	0	1
93362	9875	15004.4	24.5	0	131.8	6010	1	162	0	0	1
93507	9987.8	14818.1	14.3	0	150.7	6017	1	474	0	0	1
93760	9984.9	14781.9	15.5	0	141.3	6033	1	440	0	0	1
93788	10013.1	14777	15.2	0	150.8	6034	1	580	0	0	1
93848	10217.5	14842.1	23.9	0	184.2	6038	1	373	0	0	1
94015	9822.1	15020.9	17.2	0	151.5	6047	1	399	0	0	1
94023	9809.2	14998.5	11.1	0	132.4	6048	1	502	0	0	1
94149	9981.3	14799.8	29.3	0	153.8	6055	1	195	0	0	1
94340	9979.5	14810.9	25.3	0	130.4	6067	1	204	0	0	1
94432	9850.6	14966.7	26.7	0	154.4	6073	1	222	0	0	1
94491	10008.7	14804.2	13.3	0	166.4	6077	1	753	0	0	1
94929	10035.7	15071.6	27.7	0	143.7	6105	1	204	0	0	1
94942	10019.3	15037.8	27.6	0	152.1	6106	1	200	0	0	1
94959	10121.5	14490.5	20.4	0	185.7	6107	1	491	0	0	1
95084	10025.2	14800.6	17.1	0	170.3	6114	1	507	0	0	1
95177	9943.4	14986.5	20.9	0	165.1	6122	1	495	0	0	1
95227	9837.2	15005.3	11	0	152.8	6125	1	953	0	0	1
95852	10007.1	14788.9	15.8	0	154.4	6163	1	519	0	0	1
96092	9932.5	15027.4	30.6	0	167.7	6177	1	245	0	0	1
96101	9922.4	15000.5	9.4	0	160.7	6178	1	948	0	0	1
96402	9967.7	15009	15	0	173	6197	1	616	0	0	1
96490	10182.5	15137.2	22.9	0	184.4	6202	1	452	0	0	1
96630	10062.6	14838.1	21.4	0	176.3	6209	1	449	0	0	1
96639	9996.9	14809.7	21.9	0	170.2	6210	1	296	0	0	1
96659	10043	14825	48.7	0	168.8	6211	1	215	0	0	1
96691	10440.6	14886.3	35.7	0	168.5	6212	1	177	0	0	1
96723	10081	14945.1	9.8	0	167.4	6214	1	1049	0	0	1
96736	10176.9	14927.1	11.9	0	162.2	6215	1	853	0	0	1
96857	9944	15041.6	11.3	0	148.4	6222	1	698	0	0	1
97074	10131.4	14911.2	17.9	0	139	6236	1	286	0	0	1
97108	10114.8	14897.7	21	0	159.4	6237	1	395	0	0	1
97279	9999.7	14794.8	22.3	0	174.4	6246	1	329	0	0	1
97496	10603.1	15242.2	20.8	0	160.8	6259	1	359	0	0	1
97505	10617.9	15216.2	15.1	0	160.5	6260	1	487	0	0	1
97548	9964.4	15038	29.8	0	155.8	6262	1	195	0	0	1
97567	9960.2	15067.9	21	0	160.7	6263	1	330	0	0	1
97821	9936	15071.5	19.2	0	156.7	6277	1	390	0	0	1
97834	9903.3	15047.6	31.7	0	117	6278	1	105	0	0	1
98175	10115.1	14996.7	12	0	181.9	6297	1	1052	0	0	1
98558	9941.5	15046.3	14.6	0	161.8	6321	1	570	0	0	1
98751	10304	15381.4	15.3	0	173.6	6333	1	715	0	0	1
98776	10305	15356.5	10.7	0	179.3	6334	1	1230	0	0	1
99557	10512.3	14875.6	23.4	0	194.1	6383	1	467	0	0	1
100003	10011.9	14802.1	17.4	0	156.5	6413	1	330	0	0	1
100530	10100.8	15265	12.7	0	189.3	6444	1	813	0	0	1
101008	10008.8	14769.6	14.7	0	142.4	6474	1	543	0	0	1
101030	10005	14803.8	13.4	0	151.6	6475	1	639	0	0	1
101172	10342	15244.8	21.6	0	161.5	6482	1	293	0	0	1
101664	9921.2	15045.7	18.3	0	136.7	6512	1	275	0	0	1
101762	10606.3	15227	9.9	0	153	6518	1	849	0	0	1
102045	10114.1	15224.4	24.7	0	142.9	6536	1	206	0	0	1
102151	9967.6	14778.4	18.3	0	185.8	6542	1	523	0	0	1
102696	9969.8	14769.6	17.1	0	192.1	6574	1	603	0	0	1
102829	9980.6	14795	21.6	0	178	6583	1	341	0	0	1
102946	9954.6	14982.5	13.8	0	165.2	6592	1	630	0	0	1
102961	9924.2	14965.7	17.1	0	181.8	6593	1	640	0	0	1
103087	9944.5	14812.3	34	0	173.4	6600	1	186	0	0	1
103390	10037.9	14922.1	9.4	0	168.8	6618	1	1102	0	0	1
103426	10070.1	14878.6	15.7	0	172.9	6620	1	1014	0	0	1
103442	10050.1	14837.2	22.5	0	159.5	6621	1	524	0	0	1
103538	10013.1	14813.6	15.5	0	179.5	6627	1	662	0	0	1
103552	9992.6	14806.1	22.8	0	175.1	6628	1	434	0	0	1
104018	10441.3	14613.4	13.6	0	180	6660	1	672	0	0	1
104987	9818.4	15007.8	14.4	0	144.4	6722	1	461	0	0	1
105651	9989.9	15091	26.4	0	170.7	6764	1	323	0	0	1
105673	9982.4	15071.8	12.5	0	163.1	6765	1	698	0	0	1
105888	10408.6	14959.3	15.1	0	160.6	6780	1	506	0	0	1
106315	10160.2	14446.6	13	0	183.2	6807	1	890	0	0	1
106339	10139.4	14447.5	13.3	0	189.2	6808	1	1117	0	0	1
106408	10013.4	14776.5	20.1	0	156.7	6812	1	319	0	0	1
107174	9917.4	14985.3	22.5	0	148.3	6860	1	238	0	0	1
107810	10175.9	15246.5	27.4	0	142.2	6903	1	237	0	0	1
107829	10175	15276.1	15.1	0	151.1	6904	1	443	0	0	1
108310	10126.6	15286.1	17	0	163.3	6935	1	485	0	0	1
108324	10339.1	14922	10.3	0	150.1	6936	1	931	0	0	1
108329	10299.8	14876.3	7.6	0	179.1	6937	1	1845	0	0	1
108554	10025.7	14750	18.5	0	197.6	6952	1	612	0	0	1
108719	9929.1	15033.8	26.7	0	141.9	6964	1	180	0	0	1
108882	10379.8	14985.4	19.8	0	168.8	6974	1	541	0	0	1
109236	10343.8	15383.9	13.7	0	172.3	6995	1	771	0	0	1
109977	10017.6	14964.3	17.4	0	184.2	7045	1	483	0	0	1
110004	9968	15011.3	11.8	0	193.9	7046	1	1137	0	0	1
110024	9932.6	15023.2	18.2	0	185.3	7047	1	536	0	0	1
110112	9929	14989	23.6	0	153.7	7053	1	296	0	0	1
110531	10155.6	14467.7	11.7	0	198.6	7080	1	1248	0	0	1
110719	9965.6	15050.6	24.2	0	156.7	7094	1	261	0	0	1
110735	9923	15052.8	12.9	0	149.1	7095	1	483	0	0	1
110791	10210.9	14472.1	22.9	0	140.3	7099	1	174	0	0	1
110834	10315.6	14971.1	15.6	0	157.5	7102	1	497	0	0	1
111057	10548.2	14860.9	11.5	0	192.4	7117	1	1160	0	0	1
111507	9812.2	15087.1	33.3	0	130	7144	1	126	0	0	1
111780	10406.2	14937	21	0	198.3	7161	1	493	0	0	1
111908	10643.4	14640.3	27.3	0	157.7	7168	1	255	0	0	1
112813	10007.7	14770.2	13.9	0	162.8	7226	1	645	0	0	1
113053	10017.5	14789.7	14.1	0	168.9	7241	1	627	0	0	1
113213	9964.9	15080.7	27.1	0	182.1	7251	1	258	0	0	1
113777	9941.7	15100.4	22.9	0	139.8	7286	1	187	0	0	1
113931	9916.4	15031.7	18.6	0	142	7297	1	511	0	0	1
114085	10134.5	14475.3	11.6	0	171.6	7307	1	912	0	0	1
114164	10155.8	14494.7	22.2	0	191.4	7312	1	418	0	0	1
114202	10112.4	14965.2	14.9	0	194.6	7315	1	1087	0	0	1
115057	10376.3	14994.3	18.7	0	196.6	7373	1	931	0	0	1
115185	9936.7	15008.2	12.8	0	159.9	7383	1	517	0	0	1
115305	9938.2	15029.3	12.2	0	142.7	7392	1	562	0	0	1
115362	10368.6	15236.1	8.5	0	150.7	7395	1	1212	0	0	1
115442	9958.3	14824.7	21	0	142.8	7401	1	298	0	0	1
115459	9949	14851	15.2	0	137.6	7402	1	371	0	0	1
116173	10354.5	15273.9	12.3	0	156.4	7448	1	757	0	0	1
116998	9977.4	15176.4	11.8	0	137	7503	1	532	0	0	1
117671	9855.7	14996.5	11.6	0	145.7	7549	1	552	0	0	1
118404	10172.8	14984	11.5	0	160.9	7594	1	777	0	0	1
118444	10107	14995	8.4	0	157	7597	1	1298	0	0	1
119589	10459.3	14833.1	39.2	0	157.8	7669	1	173	0	0	1
119734	10540.4	14923.8	13.4	0	154.9	7679	1	649	0	0	1
119897	9954.8	15136.3	12.3	0	138.6	7690	1	608	0	0	1
119924	9962.9	15159.9	13.1	0	139.7	7692	1	644	0	0	1
120225	10123	15002.5	21.7	0	153.3	7711	1	292	0	0	1
120284	10112.1	15289.4	23	0	170.9	7714	1	317	0	0	1
120343	10216.7	14449.1	15.1	0	143.4	7717	1	378	0	0	1
120419	9920.8	15045.2	17.7	0	156.4	7722	1	480	0	0	1
120570	9929.8	15025.1	18.6	0	120.4	7732	1	230	0	0	1
121405	9911.9	15171.1	21.2	0	163.8	7789	1	566	0	0	1
122183	9968.3	14957.7	6.8	0	164.2	7843	1	1672	0	0	1
122199	9998.1	14831.2	14.7	0	170.6	7844	1	541	0	0	1
123541	9799.9	14985.8	31.5	0	129.1	7929	1	162	0	0	1
123889	10336.8	14986.4	17.8	0	169.8	7951	1	759	0	0	1
123999	10338.9	14770	27.1	0	158.3	7957	1	232	0	0	1
124005	10344.7	14874.6	16.8	0	169.6	7958	1	542	0	0	1
124125	9889.5	15080.3	16.4	0	189.9	7965	1	762	0	0	1
124444	10391.2	15063.6	11.4	0	177.8	7984	1	1100	0	0	1
124479	10411.2	15053	21.1	0	158.6	7986	1	371	0	0	1
124809	10461.3	14629.8	16	0	157.9	8009	1	427	0	0	1
125615	9947.8	15059	22.5	0	150.9	8062	1	281	0	0	1
126024	10374.2	15367.9	15	0	188.2	8088	1	758	0	0	1
126094	10045.7	15103.1	26.7	0	171.7	8092	1	311	0	0	1
126574	10230.8	14815.5	16.7	0	179.3	8124	1	542	0	0	1
126588	10225.7	14844	17.3	0	189.3	8125	1	523	0	0	1
126696	10123.3	14888.9	16.5	0	148.7	8132	1	412	0	0	1
126717	10097.8	14827.3	15.1	0	186.9	8133	1	1065	0	0	1
126782	10371.3	15057.5	19.3	0	153.4	8139	1	359	0	0	1
127368	9884.4	15097.6	32.2	0	188.7	8175	1	323	0	0	1
127516	10077.7	14883.3	23.2	0	156.3	8184	1	250	0	0	1
127517	10119.5	14891.2	10.2	0	155.3	8185	1	746	0	0	1
128326	10296.1	15315.8	29.7	0	172.5	8238	1	246	0	0	1
128469	9999	15045.1	14.7	0	189.4	8249	1	1243	0	0	1
128538	9922.2	15036.5	7.3	0	167.7	8253	1	1807	0	0	1
128664	9829.5	14959.3	17.8	0	162.2	8261	1	462	0	0	1
129496	9949.9	15016.7	21	0	163.5	8313	1	335	0	0	1
130022	9910.6	14951.3	34.8	0	156.6	8350	1	172	0	0	1
130567	9916.7	14998.4	21	0	154.1	8386	1	335	0	0	1
131020	10209.9	14862.8	19.1	0	191.4	8419	1	523	0	0	1
131577	9952.9	14823.1	19.5	0	134.6	8458	1	335	0	0	1
131926	9958.4	14882	29.7	0	124.7	8483	1	132	0	0	1
132369	9947	15046.6	18.2	0	173.1	8509	1	410	0	0	1
132475	10121.4	14504.7	17.2	0	188.9	8516	1	925	0	0	1
132533	9906.8	15059.2	32.8	0	158.1	8520	1	196	0	0	1
132555	9938.6	15043.5	12.3	0	157.9	8521	1	691	0	0	1
132815	10298.2	14969.7	24.6	0	179.2	8541	1	525	0	0	1
133389	10211.9	14452.1	8.8	0	168.8	8578	1	1211	0	0	1
133393	10190.9	14469.3	7.6	0	182.3	8579	1	2125	0	0	1
133411	10155.6	14467.7	11.4	0	195.6	8580	1	1346	0	0	1
133461	10334.1	15327.1	31.6	0	135	8583	1	155	0	0	1
133483	10299.5	15317.2	30.5	0	148.8	8584	1	178	0	0	1
133547	10328	15372.4	31.5	0	161.9	8588	1	195	0	0	1
133572	10351.3	15354	30.4	0	138.2	8589	1	164	0	0	1
133617	10297	15407	27.9	0	124.4	8591	1	129	0	0	1
133695	10340.5	15309.5	35.3	0	198.3	8597	1	274	0	0	1
133844	10357.1	15330.9	27.4	0	137.4	8607	1	171	0	0	1
133943	10371.7	15318.3	34.9	0	164.9	8613	1	210	0	0	1
133970	10299.7	15304.2	29.6	0	151.5	8616	1	224	0	0	1
134002	10081.7	15093.5	13.3	0	169.6	8618	1	733	0	0	1
134456	10317.8	15249.2	13.5	0	139.9	8648	1	510	0	0	1
134568	9940	15034	8.2	0	162.8	8655	1	1237	0	0	1
135030	10524.9	14838.3	21.3	0	194.8	8683	1	441	0	0	1
135096	10120.9	15008.3	10.8	0	163.4	8687	1	1105	0	0	1
135370	10108.6	14902.3	11.5	0	159.1	8702	1	699	0	0	1
135471	10179.8	14484.3	15.8	0	180.6	8709	1	668	0	0	1
135527	10567.8	14930.3	19.3	0	126.6	8715	1	223	0	0	1
137405	10013	14816.4	13.1	0	165.2	8841	1	571	0	0	1
137829	10021.8	15058.8	23.7	0	160.8	8869	1	223	0	0	1
137852	10005.5	15092.8	17.7	0	148.9	8870	1	317	0	0	1
138447	9996.3	14816.2	22.5	0	176.8	8910	1	402	0	0	1
139357	10005.4	14786.1	41.2	0	146.2	8972	1	280	0	0	1
139894	10170.6	14487.1	24.3	0	155.8	9009	1	233	0	0	1
140299	10338.8	15232.1	13.6	0	152.7	9039	1	548	0	0	1
140315	10324.5	15248.1	11.6	0	155.4	9040	1	566	0	0	1
140378	10417.9	14629.6	34.2	0	149	9044	1	159	0	0	1
141053	10028.2	14808.1	29.9	0	123.1	9090	1	155	0	0	1
141059	10024.9	14764.7	14.8	0	162.7	9091	1	611	0	0	1
141396	10340.6	15334.2	12.4	0	171.7	9113	1	897	0	0	1
141440	10142.1	15010	7	0	147.2	9116	1	1523	0	0	1
141471	10037.2	14829.8	14.6	0	183.4	9118	1	1054	0	0	1
141521	10001.6	14774.8	12.7	0	150.3	9121	1	657	0	0	1
141633	10334	14807.5	14.3	0	195.3	9129	1	849	0	0	1
141835	9966.2	14768.4	26.8	0	146.2	9143	1	239	0	0	1
142009	9992.6	14770.6	13.1	0	163	9153	1	544	0	0	1
142031	10018.8	14793.3	11.1	0	163.5	9154	1	780	0	0	1
142046	9974.3	15048.4	23	0	152.8	9155	1	268	0	0	1
142067	9976.1	15012.3	14.2	0	139	9157	1	413	0	0	1
142464	10008.6	14768.1	22.9	0	144	9185	1	263	0	0	1
142486	10004.6	14788.7	12.3	0	153.5	9186	1	572	0	0	1
142554	9998.7	15066.9	13.5	0	143.7	9191	1	465	0	0	1
142601	10326.3	14811.6	20.9	0	173	9194	1	297	0	0	1
142617	10370.4	14798.3	30.2	0	186	9195	1	259	0	0	1
142889	9958.9	14778.5	24.5	0	187.8	9211	1	460	0	0	1
145633	10006.6	14805.6	23.9	0	162.5	9393	1	276	0	0	1
146334	10030	15107.8	15.8	0	176.7	9441	1	626	0	0	1
146346	9994.5	15095.6	38.1	0	137.8	9442	1	142	0	0	1
146397	9984.2	14838.7	28.4	0	104.2	9447	1	85	0	0	1
146886	10349	14455.3	18.7	0	141	9483	1	283	0	0	1
146945	10429.7	14961.3	11.7	0	156.5	9488	1	616	0	0	1
147418	9833.4	14693.6	28.6	0	198.4	9523	1	359	0	0	1
147613	10647.4	15116.2	27.2	0	180.6	9537	1	289	0	0	1
147687	10002.5	14799.7	12.3	0	160	9541	1	699	0	0	1
147713	10135.8	14473	13.5	0	187.6	9543	1	1058	0	0	1
147726	10150.5	14496.2	13.1	0	185.6	9544	1	1077	0	0	1
147775	9989.1	14777.1	28.2	0	188.6	9547	1	338	0	0	1
147864	10205.5	14833.8	15.2	0	172.3	9553	1	513	0	0	1
147902	10319.4	14789.1	21.6	0	188	9555	1	388	0	0	1
148319	10382.8	14807.7	20.4	0	176.8	9581	1	504	0	0	1
148328	10350.9	14771.9	13.3	0	181.7	9582	1	636	0	0	1
148685	10418.3	14953.9	11.5	0	174.3	9609	1	874	0	0	1
148698	10440.9	14955.4	11.8	0	171.9	9610	1	849	0	0	1
148938	10003.8	15070.4	13.2	0	181.1	9626	1	974	0	0	1
149100	10007.3	14783.7	14.2	0	147.2	9639	1	581	0	0	1
149381	10425.5	14977.2	27	0	179	9657	1	231	0	0	1
149387	10057.3	15307.5	18	0	192.9	9658	1	535	0	0	1
149510	9937.7	14978.9	26.5	0	164.2	9667	1	279	0	0	1
149665	9979.2	15030.2	16.5	0	182	9678	1	934	0	0	1
149817	9989.2	14770.2	14.4	0	139.7	9688	1	405	0	0	1
149830	10010.6	14762.3	16.8	0	159	9689	1	419	0	0	1
150555	9994.9	14772.5	11.2	0	151.7	9735	1	626	0	0	1
150566	10002.5	14796.1	15.1	0	139.6	9736	1	473	0	0	1
150641	9916.9	15024.6	16.6	0	170	9741	1	684	0	0	1
151098	9953.7	14932.4	13.6	0	179.7	9773	1	908	0	0	1
151117	9941.6	15002.5	13	0	163.5	9774	1	708	0	0	1
151268	10319	15275.4	27.6	0	162.3	9786	1	177	0	0	1
151283	10358.9	15253.1	11.8	0	138.7	9787	1	562	0	0	1
151327	9981.8	14811.9	20.9	0	191.4	9791	1	516	0	0	1
151494	10372.7	14973.6	12.7	0	170.5	9802	1	643	0	0	1
151875	10547.2	14807.8	30.2	0	164.8	9827	1	217	0	0	1
151888	10527.1	14842.7	21.3	0	180.2	9828	1	396	0	0	1
153034	9995.8	14815.8	28.3	0	189.8	9910	1	299	0	0	1
153365	9924.5	15022.2	13.4	0	161.5	9932	1	847	0	0	1
153417	10135.1	14461.8	11.4	0	172.9	9936	1	959	0	0	1
153733	9945.9	14989.9	7	0	170.1	9957	1	1541	0	0	1
153745	9919.2	15046.6	22	0	148.5	9958	1	218	0	0	1
153764	9907.9	15073.8	23.3	0	134.9	9960	1	193	0	0	1
153978	10318.9	15338.6	26	0	171.2	9975	1	233	0	0	1
154015	10302.5	15356.7	27.6	0	170.7	9978	1	221	0	0	1
154042	10286.1	15331.3	31.7	0	165.8	9980	1	217	0	0	1
154189	10362.9	15286.7	41.6	0	122.9	9990	1	114	0	0	1
154196	10316.3	15340.9	33.3	0	135.3	9991	1	129	0	0	1
154240	10303.6	15389.5	30.2	0	150.7	9994	1	195	0	0	1
154288	10332.4	15363.5	31.8	0	148.6	9997	1	154	0	0	1
154300	10335.6	15340.6	31.1	0	132.4	9998	1	167	0	0	1
154332	9859.6	14966.9	11	0	147.4	10000	1	629	0	0	1
154388	10318.3	15334.3	40.4	0	110.4	10004	1	82	0	0	1
154415	10387.5	15348.2	49.2	0	176.8	10005	1	239	0	0	1
154498	10327.8	15333.1	32.4	0	165.8	10010	1	196	0	0	1
154585	10016.4	14806.1	24.4	0	146.8	10016	1	278	0	0	1
154674	10341.1	15307.2	29.9	0	136.3	10022	1	153	0	0	1
154755	10346.2	15329.3	18	0	176.8	10027	1	513	0	0	1
154919	10022.3	14776.1	17.9	0	141.1	10039	1	311	0	0	1
155292	10013	14768.2	17	0	148.4	10063	1	342	0	0	1
155429	10338	15315.8	20.4	0	159.9	10071	1	293	0	0	1
155488	10587.2	14910	12.7	0	175.1	10075	1	729	0	0	1
155557	10358.8	14776.2	24.8	0	174.2	10081	1	271	0	0	1
155582	10166	14437.6	21.1	0	175.7	10082	1	465	0	0	1
155596	10135	14463.9	13.6	0	169	10083	1	733	0	0	1
155620	10018.8	14752.7	26.2	0	133.1	10085	1	164	0	0	1
156219	10307.2	15227.7	9	0	150.9	10126	1	870	0	0	1
156495	10355.8	15229.2	10.1	0	157.7	10147	1	756	0	0	1
156585	10329.8	14960.3	8.7	0	167.7	10153	1	1888	0	0	1
156636	10336.3	14930.7	10.6	0	160.1	10156	1	1321	0	0	1
156646	10355.8	14913.8	10.6	0	154.5	10157	1	782	0	0	1
156972	10456.3	14615.9	27.2	0	146.5	10177	1	214	0	0	1
157038	9954	14988.3	11.7	0	165.5	10181	1	758	0	0	1
158514	10005.7	14811.7	19.3	0	173.4	10278	1	373	0	0	1
158932	10329	15238	14.3	0	145.8	10306	1	389	0	0	1
159027	9995.9	15056.4	31.2	0	158.3	10314	1	190	0	0	1
159795	10348	15347.8	22.3	0	168.7	10363	1	394	0	0	1
159955	10333.5	15389.7	28.7	0	172.7	10374	1	256	0	0	1
160156	9886.4	15019.6	17.1	0	193.7	10388	1	799	0	0	1
160462	10341	14779.8	22.8	0	188.5	10409	1	390	0	0	1
160779	9946.8	15032.9	12.8	0	157.3	10430	1	523	0	0	1
160811	9999.7	14791.5	13.7	0	159.5	10432	1	681	0	0	1
160850	10266.3	14908.2	17	0	192.4	10434	1	1048	0	0	1
160882	10024.6	14798.6	20.4	0	145.9	10436	1	259	0	0	1
161795	10013.2	14794.4	12.7	0	180.7	10500	1	989	0	0	1
161978	9977.8	14842	33.6	0	140.8	10513	1	146	0	0	1
162022	9909.1	15035.8	19.2	0	168	10516	1	386	0	0	1
162594	10318.9	14827	22.1	0	196.7	10557	1	579	0	0	1
163226	9904.6	15058.1	15.2	0	157.8	10599	1	480	0	0	1
163513	10030.2	15046.8	14.7	0	141.6	10619	1	344	0	0	1
163674	10337.7	15329.4	11.2	0	159.1	10631	1	821	0	0	1
163862	10000.8	14768.4	18.4	0	151.3	10644	1	387	0	0	1
164270	10002	15099.6	32.9	0	115.8	10669	1	98	0	0	1
164296	10002.1	14814.4	16.7	0	147.8	10671	1	335	0	0	1
164305	9960.3	14807.9	23.9	0	143.9	10672	1	214	0	0	1
164441	9820.3	14992.2	9.3	0	154.2	10680	1	825	0	0	1
164698	10399.6	14763.2	18.8	0	186.4	10698	1	479	0	0	1
165846	9937.9	15021.9	9.9	0	145.1	10777	1	739	0	0	1
166105	9919.7	15060.2	38	0	120.5	10795	1	100	0	0	1
166200	9913.4	15046.2	15	0	156	10802	1	501	0	0	1
166225	9930.1	15065.1	16.8	0	157.1	10803	1	608	0	0	1
166892	10175.6	14436.3	26.5	0	182.6	10850	1	403	0	0	1
167596	9956.3	15178.6	15	0	143.3	10900	1	360	0	0	1
167792	10149	15262.2	17.8	0	145.9	10913	1	298	0	0	1
168206	10312.4	15333.9	32.4	0	189.6	10943	1	289	0	0	1
169233	10333.4	15214.1	15	0	148	11012	1	359	0	0	1
172264	10565	14886.8	14.2	0	167.2	11222	1	558	0	0	1
172831	9936.1	15030.7	11.8	0	144	11266	1	521	0	0	1
173215	10584.7	14937	23.5	0	175.9	11296	1	514	0	0	1
173685	9982.5	15074.4	17.7	0	194	11327	1	489	0	0	1
173717	10005.7	15058.1	12.1	0	174.5	11330	1	721	0	0	1
173734	9982.9	15077.7	12.4	0	162.9	11331	1	703	0	0	1
173869	10539.5	14958	27.5	0	166.2	11342	1	276	0	0	1
173905	9978.3	14840	23.4	0	170.7	11345	1	307	0	0	1
175096	10051.5	14591	26.5	0	183.8	11433	1	326	0	0	1
175109	10060.3	14620.1	23.4	0	190.9	11434	1	354	0	0	1
175637	9913	15015.2	19	0	144.9	11473	1	384	0	0	1
176350	9932.2	15060.4	12.5	0	143.4	11526	1	555	0	0	1
176482	10306.6	15366.1	29.4	0	187.7	11536	1	281	0	0	1
177421	10600.4	15222.2	20.3	0	159.4	11605	1	403	0	0	1
177561	9902.9	15157	15.8	0	195.1	11617	1	656	0	0	1
177730	10308.9	15314.7	29.1	0	156.4	11628	1	232	0	0	1
178159	10422.6	14599.5	19.8	0	173.7	11660	1	413	0	0	1
178582	10162.7	15394.8	27.9	0	182.5	11688	1	307	0	0	1
179113	10125.6	15395	20.2	0	187.7	11730	1	474	0	0	1
179126	10381.8	14935.6	9.7	0	160.7	11731	1	936	0	0	1
179392	10534	14929.7	24.7	0	145.4	11751	1	249	0	0	1
179594	10159.3	14577.7	30.8	0	186.3	11764	1	266	0	0	1
179998	10104.9	15281.5	22.2	0	171.7	11795	1	299	0	0	1
181017	10192.9	14470.5	19.4	0	180	11871	1	459	0	0	1
181347	10372.4	15229.5	17.6	0	140.3	11894	1	420	0	0	1
181408	10337.2	15369.8	14.9	0	165.5	11898	1	666	0	0	1
181646	9903.2	15049.9	11.6	0	161.7	11919	1	724	0	0	1
181662	9959.6	15081.1	20.4	0	156.9	11920	1	275	0	0	1
181671	9975.4	15035.4	16.5	0	157.6	11921	1	382	0	0	1
181681	9983	15079	24.7	0	159.7	11922	1	297	0	0	1
181817	9944.4	15058.9	11.2	0	144.8	11934	1	573	0	0	1
181829	9940.5	15020.9	25.4	0	125.8	11935	1	206	0	0	1
182488	9993.2	14807.1	13.1	0	151.2	11985	1	478	0	0	1
182746	10344.5	15239.4	7	0	153.4	3	2	2591	0	2	1
183440	10174.8	14566.1	5.8	0	179.9	118	2	4960	0	0	1
183962	10085.5	15271.5	6.7	0	158.1	215	2	1652	0	0	1
184424	10374.3	14810.8	11.8	0	153.3	300	2	627	0	1	1
184576	10224.6	14805.4	8.3	0	178	329	3	2032	0	0	1
184681	10379.7	14802.1	9.9	0	180.5	355	2	1757	0	0	1
184761	9954.3	14850.2	3.1	0	156	372	2	5901	0	0	1
185093	10089.2	15287.1	4.5	0	155.2	434	2	3299	0	0	1
185651	10193.8	15296.3	6.8	0	150.6	536	3	1894	0	0	1
185883	10089.1	15256	8.3	0	189.2	583	2	1845	0	0	1
185962	10533.8	14865.9	8.1	0	189.9	598	2	1281	0	0	1
185992	10160.5	15130.5	8.6	0	172.7	606	2	1550	0	1	1
186497	9953.1	15051	8.9	0	161.3	710	2	926	0	0	1
187080	10323.9	15347	7.1	0	192.6	831	2	2034	0	0	1
187133	10324.3	15337.1	6.8	0	184.8	842	2	1912	0	0	1
187283	10326.4	15353.3	4.7	0	192.3	877	5	5479	0	0	1
187638	9937.9	15017.2	3.9	0	153.9	951	2	4202	0	0	1
188170	10107.4	14988.2	8.3	0	153.9	1069	2	1137	0	0	1
188745	10166.4	14454.3	8.1	0	136.1	1188	6	1982	0	2	1
188776	10176.3	14444.4	8.1	0	137.5	1194	2	765	0	1	1
188816	10154	14480.8	19.2	0	138.5	1202	2	630	0	0	1
188868	9926.7	15020.7	6.3	0	152.1	1212	2	3248	0	0	1
189965	9941.3	15050	3.2	0	144.8	1448	4	5106	0	0	1
190377	9957.2	15049.3	9.9	0	153.6	1531	2	1340	0	0	1
190565	9960.6	15192.8	9.5	0	147.2	1565	2	1059	0	0	1
190827	9920.6	15038.5	10.7	0	150.2	1621	2	703	0	0	1
191590	10138	14989	5.9	0	167.3	1800	3	2920	0	1	1
191604	10148.3	14998.5	6	0	156.2	1804	2	1632	0	0	1
191998	10227.1	14467.4	7.4	0	132.2	1887	2	987	0	1	1
192090	10525.1	14852.5	8.3	0	188.6	1909	2	2647	0	0	1
192170	9912.9	15035.4	8.8	0	148.7	1926	2	754	0	0	1
192352	10679.7	15129.9	6	0	195.9	1964	3	3240	0	1	1
192444	10467.2	14613.6	3.1	0	157.8	1985	5	7915	0	1	1
192810	9935.1	15063.9	3	0	155	2067	5	7832	0	1	1
193850	9943.7	15023.1	3.7	0	144.5	2304	3	4444	0	0	1
194606	10355.3	14945	3.1	0	147.8	2425	3	5073	0	0	1
194710	10152.6	14486.3	12.2	0	191.4	2440	2	1779	0	1	1
195839	10336.7	15251.2	5	0	153.7	2610	3	3650	0	0	1
196300	9922.3	15004.9	5.6	0	150.3	2679	2	1486	0	0	1
196986	10136.2	15013	8	0	163.9	2784	2	1251	0	0	1
197051	10197.6	14564.4	5	0	181	2796	2	2745	0	0	1
197093	10192	14563	6.3	0	181.6	2802	2	2777	0	0	1
197276	10519.3	14878.8	7.9	0	180	2828	2	1659	0	1	1
197307	10508.5	14846.4	7	0	196.8	2834	2	2275	0	0	1
197571	9931.9	15021.3	3.5	0	148.3	2876	4	7733	0	0	1
197816	9919.5	15000.1	3.6	0	154.6	2918	4	5291	0	0	1
198297	10331.1	15239.5	4.6	0	146.4	3000	8	8515	0	1	1
198361	10233	14794	6.3	0	186.3	3013	2	1814	0	1	1
200383	9935.4	15038.2	4.6	0	143.4	3368	3	3333	0	0	1
200989	10079	15284.6	8	0	159	3473	4	1839	0	0	1
201196	10168.5	15109.4	6.7	0	176.8	3510	2	1959	0	0	1
201273	10456.3	14597.7	7.6	0	178.5	3524	2	1693	0	0	1
201305	10167	15121.4	6.2	0	167.1	3531	3	2530	0	0	1
201477	10184.3	15267.2	5	0	133.6	3565	3	1820	0	0	1
201679	9844.6	14995.8	5	0	141.6	3606	3	2886	0	0	1
202182	10320	15322.1	11.4	0	180.7	3698	2	1076	0	1	1
203083	9925.2	15024.5	7.2	0	147.7	3865	2	1016	0	0	1
203130	9977.5	14853.3	6.5	0	143.3	3874	2	1281	0	0	1
203218	9901.1	15139.2	7.9	0	179.5	3890	2	1453	0	0	1
203540	9988.3	15078.1	7.9	0	149.6	3953	3	1397	0	2	1
204174	9968.2	15183.7	6.8	0	148.1	4074	2	1320	0	0	1
204361	9941.3	15015	5.9	0	158.8	4110	2	2277	0	0	1
204528	10475.7	14604	7.2	0	151.1	4144	2	1117	0	0	1
205121	10334.9	14947.3	8.5	0	154.4	4257	2	1220	0	0	1
206162	10349.5	14958	6.7	0	156.2	4462	4	1838	0	0	1
206218	10370.5	14961.3	3.2	0	153.6	4472	7	9431	0	4	1
206264	10348.7	14960.4	6.1	0	168.2	4481	3	2062	0	2	1
206636	10316.2	15341.1	8.1	0	188	4562	2	2039	0	0	1
206734	10088.5	14921.1	7.8	0	157.4	4580	2	1230	0	0	1
206745	9988.1	15056.9	9.2	0	161.5	4583	2	997	0	0	1
207066	10366.7	14952.8	4.2	0	141.3	4650	2	2467	0	0	1
207212	10191.8	14561.2	3.8	0	185.6	4680	5	6633	0	0	1
208169	10561	14936.2	6.9	0	170.5	4882	3	2126	0	0	1
208183	10569.6	14904.9	6.7	0	182.4	4885	2	2044	0	0	1
208613	10315.6	14964.4	7.1	0	178.8	4978	3	3059	0	1	1
208888	10536.3	14841.4	7.3	0	195.1	5031	2	1872	0	0	1
209038	10160.7	15286.7	8.7	0	176.2	5064	2	1888	0	1	1
209129	10118.3	14907.5	7.5	0	151.8	5083	2	1486	0	0	1
209505	10354.1	14939.9	8.1	0	152.5	5166	2	975	0	0	1
209719	10185.2	15270.1	11.4	0	190.5	5212	2	1154	0	2	1
210023	10114.3	14889.5	4.1	0	143	5277	5	3335	0	0	1
210264	9940.8	15004.3	9.8	0	159.6	5327	2	912	0	0	1
210376	10130	15313.5	7.7	0	183.3	5353	4	5121	0	0	1
210709	10122.8	14897.4	4.9	0	148.8	5425	4	2633	0	0	1
210738	10325.4	14939.8	7.9	0	151.2	5431	2	989	0	2	1
210745	10349.3	14943.6	4.9	0	157.4	5432	2	2952	0	0	1
211788	9986.7	15075.9	5.1	0	150.3	5653	3	2516	0	0	1
211819	9989.9	15084.1	8.1	0	143.3	5660	2	941	0	0	1
212162	9976.8	15033.5	9.1	0	177.5	5726	3	1429	0	0	1
212606	9955.3	15042.3	7.8	0	142.3	5819	3	1939	0	0	1
212912	9977.9	15157.3	13.3	0	135.8	5874	2	401	0	0	1
213806	10221.2	14807.7	4.5	0	176.7	6036	2	2770	0	0	1
214090	10357.9	14948.1	6.2	0	156.6	6090	3	1834	0	0	1
214127	10071.2	15040.2	11.5	0	179.2	6096	2	866	0	0	1
214265	9837	14982.8	7.8	0	146.5	6124	2	834	0	1	1
214431	9934.5	15039.2	7.6	0	148.3	6159	2	1112	0	0	1
215012	10003.7	14799.7	7.9	0	173.2	6266	2	1494	0	0	1
215104	10182.1	14576.1	4	0	183	6282	5	6105	0	0	1
215163	9984.5	14796.5	6.4	0	167.3	6293	2	2057	0	0	1
215625	9922.6	15062.5	5.6	0	162.5	6386	2	1999	0	0	1
215781	9999.2	14788	7.5	0	167.9	6418	2	1535	0	0	1
215916	9992.2	14790.5	6	0	156.4	6446	4	2773	0	0	1
216299	9948.9	15050.1	4.7	0	147.8	6513	3	3213	0	0	1
216312	10313.1	15339.1	6.2	0	187.7	6516	2	2113	0	0	1
216469	10330.4	15241.5	11	0	139.6	6545	3	664	0	2	1
217762	9999.9	14788	6.8	0	147.9	6796	3	1644	0	1	1
218074	9987.5	14816	9.7	0	155.2	6863	2	914	0	0	1
218087	9997.9	14783.2	8.3	0	146.8	6865	2	837	0	0	1
218463	10342.3	14945	8.5	0	147.5	6938	2	1090	0	0	1
218510	9888.9	15001.1	11	0	180.1	6948	2	1143	0	0	1
219013	9942.6	15040.1	8.6	0	153.9	7054	2	848	0	0	1
219027	10342.4	14954.9	7.8	0	148.6	7057	3	1771	0	0	1
219349	10129.7	14456.6	7.9	0	179.9	7131	2	1796	0	0	1
220205	9938.3	15085.1	11.9	0	161.3	7318	2	754	0	0	1
220396	9918.5	15012.1	4.3	0	148.3	7356	2	3788	0	0	1
220465	10392.7	14975.4	8.6	0	166.6	7371	3	1992	0	2	1
220553	10116.7	14891.7	9	0	150.6	7388	2	998	0	0	1
220580	10351.3	15250.6	5.8	0	144.8	7394	2	2692	0	1	1
221506	10128.4	14994	6	0	145.4	7595	2	1366	0	0	1
221521	9839.7	14991.1	6.2	0	149.1	7598	2	1439	0	0	1
221535	9935.4	15011.1	9.2	0	162.5	7601	2	986	0	0	1
221883	10563.4	14931.7	9.2	0	147.4	7677	2	800	0	2	1
222146	9927.4	15057.8	8.2	0	141.9	7729	2	749	0	1	1
222544	9963.3	15054.5	7.5	0	154.7	7813	2	1146	0	1	1
223149	9845.7	14995.9	7	0	140.9	7927	2	1014	0	0	1
223271	10358.8	14945.4	5.3	0	138.1	7952	2	1375	0	0	1
223337	9929.8	15018.4	9.1	0	157.4	7966	2	1276	0	0	1
223409	10422.8	15080.7	6.1	0	159.4	7981	3	2272	0	2	1
224044	9910.2	15062.1	6.6	0	167.6	8099	3	1705	0	1	1
224088	9936.3	15025.1	7.6	0	149.7	8108	2	1508	0	0	1
224197	10004.9	14783.4	6.4	0	158.2	8134	2	1361	0	0	1
224599	10149	15276.5	6.4	0	161.6	8209	3	1710	0	0	1
224801	9923.2	15016	4.1	0	148.2	8250	3	3402	0	0	1
225796	9963.7	14835.5	5.5	0	146.3	8455	3	2291	0	0	1
226263	9840.4	14990.9	6.8	0	145.4	8564	2	1402	0	0	1
226411	10339.8	15278.9	9.8	0	157.9	8599	2	1087	0	0	1
226454	10312.4	15345.9	18.8	0	150.6	8605	2	303	0	2	1
226495	10075.2	15076.8	5.1	0	160.8	8617	5	3886	0	1	1
226634	10338.9	15257.5	4.8	0	160.4	8644	3	3508	0	1	1
226839	9912.8	15157.1	8.4	0	189.9	8685	2	1583	0	0	1
227060	10328.5	15249.2	7.3	0	137.7	8730	2	853	0	0	1
227254	10498.7	14848.2	12.4	0	193	8772	2	969	0	0	1
227802	9937.3	15011	7.1	0	148.7	8889	2	1045	0	0	1
228337	10569.1	14924.2	6.5	0	147.5	8998	3	1471	0	0	1
228506	10329.4	15263.4	8.5	0	151.4	9034	3	2310	0	0	1
228596	9851	14994.9	3.6	0	142.3	9054	8	4823	0	1	1
228632	9849	14994	3.8	0	142.4	9063	7	4295	0	1	1
228728	9938.8	15020.4	4.9	0	165.3	9083	3	3329	0	0	1
228901	10002.6	14744.9	9.2	0	175.6	9119	2	1901	0	0	1
228942	10358.5	14790.9	7.5	0	178.6	9128	2	1286	0	1	1
229001	9998.5	14788.1	7.2	0	164.5	9141	2	1485	0	0	1
229111	10006.9	14797.1	5.6	0	161.1	9166	4	2537	0	0	1
230029	10009.8	14798	9.2	0	163.3	9363	2	1147	0	0	1
230195	10113.2	15294.1	12.7	0	160.6	9396	2	581	0	0	1
230275	10316.4	15356.8	4.4	0	180.5	9415	3	4207	0	0	1
231382	10088.3	15298.9	6.1	0	167.3	9659	3	1889	0	0	1
231466	9954.1	15005	9.1	0	169.7	9677	3	1795	0	3	1
231482	9931.4	15003.9	8.2	0	159.4	9681	2	1028	0	1	1
231552	10001.5	14783.6	5.3	0	151.2	9696	3	1968	0	0	1
231980	10338.3	14976.3	6.4	0	160.6	9798	4	1992	0	2	1
232283	10010.9	14785.3	7.6	0	162.2	9864	2	1083	0	0	1
232310	10014.9	14784	7	0	144.7	9870	2	954	0	0	1
232360	10016.3	14797.7	6.8	0	160.2	9881	4	2221	0	0	1
232648	9826.5	15010	6.6	0	144.1	9946	3	1699	0	0	1
232828	10326.5	15329.9	15	0	150.5	9983	2	374	0	0	1
233013	10330.3	15340.4	16	0	110.2	10024	2	206	0	0	1
233253	10560.2	14920.4	8	0	161.9	10076	3	1492	0	0	1
233368	9970.4	15168.2	9.4	0	151.7	10102	2	818	0	0	1
233422	10335.1	15229.9	4.9	0	142.2	10117	4	3718	0	0	1
233441	10333.3	15240.7	3.5	0	141	10121	7	5019	0	2	1
233634	10361.8	14937.9	5.1	0	153.1	10158	3	2916	0	0	1
233727	9929.6	14990.8	8.3	0	168.4	10182	2	1072	0	0	1
233741	9922.7	15038.1	5.6	0	157.6	10185	2	1571	0	0	1
234161	10014.2	14799.1	7.8	0	151.2	10273	2	912	0	0	1
234396	10359.6	15377.9	4.4	0	188.9	10326	4	5709	0	0	1
234631	10357.6	15376.9	5.5	0	189	10375	3	5085	0	0	1
234715	10143.6	15297.1	8	0	158.4	10393	2	1528	0	0	1
235271	9929.9	14983.8	7.9	0	163.6	10517	2	1612	0	0	1
235591	10094.2	14895.8	7.7	0	148.7	10585	2	941	0	2	1
235592	10055.6	14856.9	5.7	0	160	10586	2	1977	0	0	1
236164	9975.5	14856.3	8.2	0	144.6	10715	2	1076	0	0	1
236835	10153.7	14456.5	8.2	0	158.6	10860	2	1008	0	1	1
236838	10133.2	14481	7	0	165.3	10861	2	1274	0	1	1
236857	10560.2	14926.3	6.3	0	152.7	10867	2	1650	0	0	1
236896	10567.4	14930.5	4	0	156	10878	3	4444	0	0	1
236910	10570.2	14924.8	5.6	0	162.8	10881	2	5240	0	0	1
237047	10148.4	15283.4	6.9	0	154.5	10914	2	1280	0	0	1
237498	10334.2	15243.6	3	0	157.7	11003	5	5864	0	0	1
237552	10136.5	15009.3	10.3	0	146	11014	2	706	0	0	1
237860	9855.9	14988.9	4.6	0	163.5	11085	2	2723	0	0	1
237924	10059.6	15068.6	4.2	0	149.5	11099	2	3129	0	0	1
238571	10364.3	15377.9	7.5	0	194.6	11236	2	1773	0	0	1
238839	10553.8	14928.7	8.9	0	162.7	11297	2	1347	0	0	1
238976	10026.2	15047.9	7.4	0	171	11328	2	1447	0	0	1
238994	9945.9	15049.2	8.2	0	159.2	11332	2	910	0	1	1
240501	10139	14448.8	9.2	0	157.6	11689	2	951	0	0	1
240766	10568.4	14930.5	4.3	0	158.6	11752	5	5898	0	0	1
240800	10563.9	14936.4	5.9	0	154.9	11757	3	2893	0	0	1
241380	10348.5	15226.7	7.8	0	133.2	11890	3	1128	0	1	1
241635	9828.4	14996	4.5	0	149.7	11950	5	3560	0	0	1
Orientation 	1
ROI width 	1005
ROI height 	1005
ROI x1 	9730
ROI x2 	10735
ROI y1 	14410
ROI y2 	15415
1
