Index	X	Y	Precision	SEM	PSF	First_Frame	N_detections	Photons	Intensity	Frames_missing	Channel
435	14633.3	17748.2	12.6	0	159.5	18	1	1436	0	0	1
455	14675.1	17717.5	13.6	0	138.9	19	1	646	0	0	1
480	14701	17724	18.9	0	154.8	20	1	614	0	0	1
609	14633.5	17724.4	14	0	153	25	1	827	0	0	1
801	14689.9	17732	12.9	0	158.4	33	1	828	0	0	1
1079	14699.9	17719.6	19.6	0	151.3	47	1	771	0	0	1
1151	14060.1	17949.2	16.5	0	153.5	51	1	422	0	0	1
1302	14682.3	17700.6	14.4	0	143.9	58	1	675	0	0	1
1322	14674.2	17719.2	14.4	0	140.3	59	1	540	0	0	1
1345	14707.8	17746.7	15.4	0	148.8	60	1	665	0	0	1
1393	14788.7	18034.9	4.1	0	169.3	62	1	6017	0	0	1
1434	14067.8	17640.8	24.4	0	170.8	64	1	1082	0	0	1
1537	14676.1	17739.3	10.3	0	152.1	69	1	985	0	0	1
1981	14693.5	17724.7	20.5	0	146.1	95	1	479	0	0	1
2105	14690.9	17744.4	11	0	154.4	102	1	1042	0	0	1
2189	14752.7	18108.3	21.3	0	160.7	107	1	501	0	0	1
2324	14673	17747	19.1	0	164.7	114	1	524	0	0	1
2494	14696.7	17718.1	18.2	0	156.3	124	1	512	0	0	1
2524	14672.2	17742.1	12.5	0	166	125	1	798	0	0	1
2586	14665.6	17722.7	14.6	0	152.4	128	1	625	0	0	1
2623	14693.7	17708	29	0	142	130	1	620	0	0	1
2701	14620.6	17741.4	10.7	0	176.9	134	1	1140	0	0	1
2725	14695.8	17729.2	10.4	0	151.1	135	1	823	0	0	1
3203	14490.7	17782.5	23.1	0	149.9	165	1	359	0	0	1
3441	14173.5	17843.7	16.5	0	150.4	179	1	552	0	0	1
3812	14628.1	17685.5	31.2	0	162.6	200	1	322	0	0	1
3916	14235	17871.4	19.5	0	124.7	205	1	296	0	0	1
4589	14482.5	17754.8	4.2	0	146.4	246	1	3729	0	0	1
4642	14251.2	17806.7	6.3	0	180.2	249	1	3286	0	0	1
4654	14177	17816.1	8.7	0	153.5	250	1	1158	0	0	1
4808	14618.5	17708.6	16.9	0	150.2	260	1	394	0	0	1
4993	14489.1	17760.8	11.3	0	153.1	272	1	853	0	0	1
6874	14822.5	17499.5	24.4	0	151.3	407	1	278	0	0	1
6886	14845.8	17464.4	18.3	0	188.8	408	1	389	0	0	1
7575	14220.6	17873.5	18.4	0	144.1	455	1	338	0	0	1
7816	14833.6	17642.6	7.5	0	152.2	471	1	1258	0	0	1
8224	14841.3	17663.2	20.6	0	126.2	502	1	217	0	0	1
9046	14226.3	17889.9	11.9	0	123.7	564	1	463	0	0	1
9073	14505.9	18252.3	27.1	0	132.4	566	1	198	0	0	1
9275	14436.7	17804.5	16.2	0	148.3	582	1	363	0	0	1
9293	14428.1	17776.9	8.7	0	143.2	583	1	901	0	0	1
10032	14477.4	17681	7.3	0	177.9	640	1	2251	0	0	1
10216	14360.6	17964.6	13.4	0	163.5	654	1	733	0	0	1
10428	14455	17754	16.6	0	137.6	668	1	318	0	0	1
11597	14556.1	17674.6	29.5	0	180	759	1	391	0	0	1
11617	14423	17651.7	23.3	0	176.5	760	1	396	0	0	1
12027	14289.6	17853.4	14.6	0	153.2	791	1	498	0	0	1
12154	14037.3	17648.4	8.8	0	150.2	799	1	1043	0	0	1
12294	14089.2	17944.4	16.4	0	164.7	809	1	504	0	0	1
13027	14520	18216.8	10	0	138.9	864	1	670	0	0	1
14289	14315.1	18052.5	23.5	0	157.7	965	1	312	0	0	1
14484	14333.7	18054.6	37.2	0	147.3	982	1	173	0	0	1
14643	14279.8	18058	8.4	0	180.5	994	1	1665	0	0	1
14870	14684.6	17710.4	23.5	0	139.8	1012	1	224	0	0	1
15075	14496	17302.7	14.9	0	136.6	1028	1	448	0	0	1
15123	14515.2	17263.7	10.9	0	139.2	1031	1	577	0	0	1
15788	14385.6	17773.8	11.6	0	144.3	1083	1	558	0	0	1
16076	14365.1	17772.3	15.8	0	135.3	1104	1	401	0	0	1
16349	14819.8	17888.3	19.9	0	159.7	1124	1	314	0	0	1
16751	14415.5	17835.4	11.9	0	177.2	1153	1	2006	0	0	1
17161	14509.6	18232.9	18.7	0	150.6	1185	1	427	0	0	1
18510	14701.1	17768.9	18.5	0	143.6	1290	1	304	0	0	1
18881	14381.4	17768.3	10.9	0	153.7	1316	1	821	0	0	1
19053	14352.8	17831.3	15.1	0	195.5	1331	1	1263	0	0	1
19057	14201.4	17870.5	28.5	0	117.9	1332	1	137	0	0	1
19211	14143.4	17742.8	17.7	0	140.7	1345	1	451	0	0	1
19695	14724.4	17760.1	33.4	0	124.1	1381	1	129	0	0	1
19999	14059.3	17969.7	20.5	0	138.6	1406	1	269	0	0	1
20117	14193.4	17839.1	24.5	0	159.6	1417	1	291	0	0	1
20182	14367.6	17651.6	13.8	0	143.7	1421	1	462	0	0	1
20352	14252.9	17980.5	25.9	0	140.5	1434	1	190	0	0	1
20753	14611	17741.1	9.7	0	163.5	1463	1	933	0	0	1
20922	14260.6	18131.6	11.4	0	179.6	1476	1	979	0	0	1
21391	14524.3	17622	18.9	0	146.3	1513	1	305	0	0	1
21410	14488.7	17637.7	20.6	0	148.6	1514	1	356	0	0	1
21662	14675.4	17718.3	27.6	0	163.1	1535	1	217	0	0	1
22348	14495.6	17756.9	16.9	0	137.3	1586	1	373	0	0	1
23025	14467	17836.2	24.3	0	144.7	1639	1	224	0	0	1
23653	14475.2	17267.9	8.6	0	151.5	1691	1	1056	0	0	1
23667	14510.2	17272.3	9	0	151.8	1692	1	1027	0	0	1
23718	14071.9	17948.4	22.3	0	134.5	1696	1	205	0	0	1
23737	14097	17913.3	28.1	0	141.9	1698	1	184	0	0	1
23815	14101.9	17942.6	16.4	0	135	1704	1	306	0	0	1
23836	14083.4	17966.4	13.6	0	152.9	1705	1	574	0	0	1
24190	14281.9	18065.6	23.4	0	180.6	1733	1	374	0	0	1
25045	14618	17735.6	12.8	0	174.8	1804	1	784	0	0	1
25159	14214.3	17904.8	13.3	0	139.9	1814	1	503	0	0	1
25165	14200.4	17878.2	22.2	0	162.5	1815	1	292	0	0	1
26221	14227.3	17872.8	24.8	0	144.1	1893	1	198	0	0	1
26515	14618.4	17786.9	9.7	0	150.8	1917	1	831	0	0	1
26582	14657	17782.6	29.7	0	149.8	1923	1	212	0	0	1
26884	14816.8	17483.2	16.4	0	185.3	1946	1	614	0	0	1
26986	14059.2	17967.8	15	0	150.8	1953	1	417	0	0	1
27316	14296.7	17794	24.2	0	130.6	1985	1	211	0	0	1
27359	14418.9	18222.5	11.9	0	167.3	1988	1	912	0	0	1
27503	14434.8	17742.1	5.5	0	152.5	1998	1	2184	0	0	1
28857	14110.1	17756.7	22.2	0	135.9	2103	1	222	0	0	1
28970	14209.9	17894.4	5.6	0	145.7	2113	1	1699	0	0	1
29010	14023.9	17626	18	0	148.7	2116	1	369	0	0	1
29310	14433.9	18246.1	11.3	0	161.1	2141	1	789	0	0	1
29326	14730.9	18102.4	15.7	0	154.8	2142	1	582	0	0	1
29636	14407.9	17727.1	9.6	0	146.5	2165	1	809	0	0	1
29715	14431.6	17755.6	13.2	0	150.8	2172	1	653	0	0	1
29726	14202.4	17804.2	11.2	0	144.6	2173	1	597	0	0	1
29804	14226.6	17843.8	22.4	0	153.7	2178	1	332	0	0	1
29815	14226	17875.4	8	0	147.9	2179	1	946	0	0	1
29821	14220.5	17910.8	23	0	113.6	2180	1	129	0	0	1
29831	14704.7	17739.8	16.6	0	161.5	2181	1	474	0	0	1
29901	14622.6	17762.8	19.1	0	167	2186	1	378	0	0	1
29918	14599.6	17758.5	19.8	0	149.7	2187	1	347	0	0	1
29981	14665.4	17733.5	21.1	0	163.4	2192	1	337	0	0	1
29998	14689.2	17733.3	10	0	152.9	2193	1	707	0	0	1
30017	14637.2	17741.8	18.8	0	171.7	2195	1	477	0	0	1
30230	14498.7	17289.5	28.7	0	141.2	2213	1	199	0	0	1
30498	14607.8	17814.6	12.7	0	185	2231	1	2489	0	0	1
30544	14665.4	17782.4	12.2	0	165.7	2234	1	1030	0	0	1
30654	14472.6	18060.2	31.7	0	148.1	2243	1	183	0	0	1
30847	14432.1	18131.2	15	0	195.2	2257	1	688	0	0	1
30901	14416.7	18136.8	22.2	0	195.9	2262	1	442	0	0	1
30953	14458.5	18148.4	24	0	195.5	2266	1	411	0	0	1
31221	14427.4	18254	12.8	0	139.8	2287	1	490	0	0	1
31515	14527.9	17272	20.8	0	147.9	2310	1	252	0	0	1
31723	14399.4	17754.8	28.1	0	141.7	2325	1	162	0	0	1
31739	14407.8	17718.8	17.6	0	144.8	2326	1	296	0	0	1
31829	14033.9	17631	14.1	0	154.1	2333	1	555	0	0	1
31846	14013.8	17628.9	6.7	0	150.5	2334	1	1499	0	0	1
31919	14258.1	18043.2	20.8	0	196.3	2337	1	538	0	0	1
32101	14228.6	18205.1	23	0	197.1	2344	1	1029	0	0	1
32139	14471.5	17747.9	3.9	0	146.6	2345	1	4084	0	0	1
32169	14447.8	17755.2	4.1	0	158.6	2346	1	4861	0	0	1
32579	14471.7	17729.8	14.4	0	183.1	2362	1	800	0	0	1
32915	14403.2	17751.3	5.9	0	148.6	2374	1	2325	0	0	1
33001	14199.5	17854.6	13.4	0	142.5	2378	1	558	0	0	1
33028	14233.9	17849.9	9.3	0	156.4	2379	1	1127	0	0	1
33436	14651.2	17426.1	22.3	0	196.2	2398	1	579	0	0	1
33499	14395.9	17800.9	8.9	0	140.7	2400	1	1004	0	0	1
34160	14139.3	17761.9	17.7	0	141	2430	1	359	0	0	1
34608	14254.4	18140.6	8.1	0	173.8	2448	1	1476	0	0	1
34772	14261.7	18122.8	10.3	0	180.1	2455	1	1170	0	0	1
34851	14243.6	18131.9	8.2	0	182.1	2458	1	1504	0	0	1
34928	14789.2	17455.4	19.2	0	166.9	2462	1	492	0	0	1
34946	14763.4	17363	28.8	0	193.2	2463	1	549	0	0	1
35305	14431.8	17757.9	6.8	0	143.2	2477	1	1332	0	0	1
35579	14755.8	17444.9	31.6	0	150.8	2490	1	252	0	0	1
35643	14707.1	17465.5	11.3	0	172.4	2492	1	1115	0	0	1
35752	14729.9	17424.3	29.8	0	114.8	2497	1	181	0	0	1
35930	14725.2	17467.4	21.1	0	181.9	2505	1	446	0	0	1
36250	14221.2	17856.7	15.9	0	147.5	2520	1	543	0	0	1
36484	14274.8	17791.6	11.5	0	162.2	2530	1	832	0	0	1
36502	14195.5	17843.3	15.5	0	124.9	2531	1	499	0	0	1
36638	14669.2	17699.4	34.8	0	173.5	2538	1	364	0	0	1
36825	14458.6	17757.4	26.4	0	165.2	2547	1	333	0	0	1
37202	14427.8	17733.5	10.2	0	152.3	2563	1	865	0	0	1
37217	14425.9	17773.5	16.3	0	166.2	2564	1	594	0	0	1
37422	14731.6	18149.1	17.8	0	158.9	2574	1	695	0	0	1
37935	14223.7	17802.8	30	0	132.1	2600	1	236	0	0	1
38057	14250.5	18153	18.2	0	174	2606	1	566	0	0	1
38090	14277.8	18130.7	18.4	0	189	2608	1	739	0	0	1
38295	14827.3	17667.1	12.4	0	151.3	2619	1	655	0	0	1
39177	14848.4	17624.2	19.4	0	158.2	2663	1	429	0	0	1
39219	14509.2	18216.1	10.2	0	147.4	2665	1	819	0	0	1
39361	14653.6	17701.1	6.9	0	159.9	2673	1	1906	0	0	1
39453	14625.6	17730.8	7.8	0	147.5	2678	1	1155	0	0	1
39487	14034.3	17939.6	15	0	163.6	2680	1	677	0	0	1
39556	14687	17757.3	20.9	0	162.8	2683	1	370	0	0	1
39588	14642.4	17749.3	25.9	0	166.5	2684	1	825	0	0	1
40227	14739.5	18108	6.8	0	180.1	2714	1	2727	0	0	1
40240	14782.3	18082.2	9.6	0	176	2715	1	1663	0	0	1
40256	14648.5	17689.7	12.4	0	155.6	2716	1	880	0	0	1
40384	14837.1	18027.1	11.7	0	160.2	2723	1	1700	0	0	1
40759	14635.9	17716.5	25.2	0	124.9	2743	1	202	0	0	1
41012	14530	17653.4	21.7	0	177.8	2756	1	463	0	0	1
41032	14044.6	17572.7	37.4	0	114.2	2757	1	102	0	0	1
41206	14219.5	17877.2	14.8	0	137.3	2765	1	405	0	0	1
41234	14478.3	17745.9	12.2	0	151	2766	1	625	0	0	1
41287	14530.4	18215.4	12.8	0	140.1	2768	1	591	0	0	1
41304	14530.9	18191.1	11.8	0	148.1	2769	1	647	0	0	1
41401	14427	17764.7	25	0	134.6	2774	1	222	0	0	1
41756	14654.9	17698.1	26.2	0	134.2	2792	1	203	0	0	1
41915	14658.1	17707.8	13	0	139	2799	1	446	0	0	1
41947	14630.8	17680.2	12.8	0	162.1	2801	1	598	0	0	1
42217	14447.4	17650.6	13.9	0	163.5	2814	1	1003	0	0	1
42547	14219.6	17933.4	16.3	0	142.8	2831	1	459	0	0	1
42574	14206.5	17891.6	10.6	0	141.1	2832	1	662	0	0	1
42596	14414.2	17765.8	10.8	0	153.9	2833	1	780	0	0	1
42617	14419.6	17741.9	13.6	0	145.6	2834	1	431	0	0	1
42676	14331.3	17812.8	24.4	0	137.6	2837	1	241	0	0	1
42966	14568.8	17962.5	24.5	0	180.2	2852	1	601	0	0	1
43510	14076.9	17989.5	19.2	0	160.4	2881	1	526	0	0	1
43890	14250	18131	15.7	0	178.6	2901	1	531	0	0	1
44399	14454.5	17748.1	16.5	0	126.4	2927	1	465	0	0	1
44617	14085.1	17922.7	18.6	0	147.1	2938	1	352	0	0	1
44631	14097.2	17944.9	35	0	124.4	2939	1	154	0	0	1
44883	13993.6	17926.4	26.6	0	158	2951	1	260	0	0	1
45136	14438.3	17745.2	38	0	121.6	2965	1	146	0	0	1
45541	14050.6	17939.2	14.1	0	168.6	2986	1	725	0	0	1
45803	14408	17830.1	5.7	0	179	2999	1	3214	0	0	1
45819	14374.8	17887.1	6.1	0	184.8	3000	1	3329	0	0	1
45828	14332	17940.8	23	0	189.2	3001	1	416	0	0	1
45892	14058.1	17940.5	5.4	0	147.3	3003	1	1870	0	0	1
46148	14470.8	17733.8	19.2	0	125	3018	1	222	0	0	1
46302	14221.9	17882.3	13.9	0	152.6	3026	1	679	0	0	1
46416	14137.3	17973.2	10.9	0	180.9	3032	1	1044	0	0	1
46553	14419.6	17690.6	21.9	0	139	3040	1	409	0	0	1
47321	14181.9	17882.6	23.9	0	145.6	3082	1	222	0	0	1
47351	14223.8	17871.6	11.2	0	145.5	3083	1	589	0	0	1
47465	14213.9	17834.8	21	0	138.6	3090	1	260	0	0	1
47482	14214.3	17859.8	18.1	0	133.5	3091	1	221	0	0	1
48273	14800.7	17433.2	18.4	0	149.8	3136	1	423	0	0	1
48455	14213.9	17845.7	24.2	0	147.4	3148	1	247	0	0	1
48483	14227.8	17791.5	39	0	134.9	3150	1	218	0	0	1
48573	14286	17834.2	15.9	0	151.6	3155	1	442	0	0	1
48598	14192	17799.9	11.8	0	181.6	3156	1	1515	0	0	1
48618	14430.5	17753.8	12.6	0	170	3157	1	892	0	0	1
48723	14227.6	17866	9.1	0	142.6	3162	1	941	0	0	1
48852	14315.7	17709.2	9	0	184.1	3169	1	1546	0	0	1
48878	14353.2	17652.1	8.5	0	160.8	3170	1	1298	0	0	1
48883	14242.9	17826.9	27.8	0	137.5	3171	1	166	0	0	1
48902	14225.6	17883.1	24.8	0	137.6	3172	1	212	0	0	1
49154	14238.6	17827.6	19.9	0	126.7	3187	1	240	0	0	1
49250	14239.6	17870.3	31.1	0	130.7	3193	1	162	0	0	1
49273	14243.2	17835.6	32.3	0	140.6	3194	1	358	0	0	1
49294	14211.7	17855.8	15.9	0	149.5	3195	1	522	0	0	1
49462	14221.7	17848.4	11.4	0	142.5	3204	1	796	0	0	1
49505	14221.8	17879.7	26.7	0	146.3	3207	1	235	0	0	1
49550	14198.5	17828.8	26.8	0	129.7	3209	1	205	0	0	1
49667	14208.4	17831.7	11.8	0	151.8	3214	1	951	0	0	1
49690	14404.1	17720.9	8.3	0	154	3215	1	1259	0	0	1
49941	14844.4	17658.5	22.4	0	133.3	3230	1	203	0	0	1
49957	14831.4	17632.7	20.5	0	150.1	3231	1	381	0	0	1
50070	14830.7	17666.5	24.3	0	119	3237	1	190	0	0	1
50096	14797.8	17670.5	9.8	0	143.1	3238	1	762	0	0	1
50147	14684.9	17747.1	18.1	0	160.2	3241	1	478	0	0	1
50325	14819.7	17651.4	26.6	0	122.9	3251	1	155	0	0	1
50538	14218	17861.2	15.8	0	150.6	3263	1	373	0	0	1
50607	14463.2	17752.8	16.3	0	143.4	3267	1	399	0	0	1
50624	14406.6	17727.4	10.3	0	146.9	3268	1	787	0	0	1
50748	14497.3	17690.3	8.4	0	151.5	3275	1	1198	0	0	1
50849	14470	17679.5	8.4	0	143.8	3280	1	1045	0	0	1
51037	14524.2	18222	16	0	161.2	3291	1	465	0	0	1
51072	14346.1	18087.3	24.6	0	191.8	3293	1	372	0	0	1
51132	14026	17669.6	10.4	0	150.3	3296	1	916	0	0	1
51156	14038.4	17649.2	5.4	0	152.7	3297	1	2260	0	0	1
51378	14455.8	17725.6	26.4	0	123.2	3310	1	135	0	0	1
51528	14830.9	17472.7	24.7	0	169.5	3318	1	418	0	0	1
51544	14804.6	17442	23.5	0	147.6	3319	1	218	0	0	1
51666	14051.8	17936.5	12.3	0	145.8	3326	1	511	0	0	1
51701	14455.3	17741	11.3	0	145.8	3328	1	670	0	0	1
51716	14427.5	17756	12.6	0	145.8	3329	1	569	0	0	1
51765	14416.2	17654.9	10.1	0	162.4	3332	1	1133	0	0	1
52395	14331.6	17835.1	18.7	0	144.1	3370	1	307	0	0	1
52522	14621.5	17750.8	11.8	0	154.2	3377	1	663	0	0	1
52636	14689.9	17768.5	20.6	0	165	3384	1	740	0	0	1
52963	14623	17755.3	17.9	0	124.5	3402	1	277	0	0	1
53025	14082.1	17943.4	23.6	0	149.9	3406	1	298	0	0	1
53531	14379.6	17618.3	11.5	0	136.9	3434	1	517	0	0	1
53767	14804.5	17472.2	26.3	0	199.3	3449	1	514	0	0	1
53834	14238.8	18119.4	21.5	0	193.1	3452	1	467	0	0	1
53943	14627.9	17711.6	20.4	0	175.9	3458	1	426	0	0	1
53994	14607.3	17768.4	19.4	0	147.2	3461	1	350	0	0	1
54009	14638.9	17707	23.7	0	166.1	3462	1	378	0	0	1
54977	14436.6	17762.4	13.1	0	154.8	3518	1	684	0	0	1
55168	14206.1	17892.8	10.6	0	139.4	3530	1	632	0	0	1
55383	14410.6	18223.8	16	0	159.7	3543	1	456	0	0	1
55527	14399.7	17792.6	11.1	0	143.7	3550	1	666	0	0	1
55543	14384.4	17809	20.3	0	157.9	3551	1	368	0	0	1
56493	14427.2	17622.3	10.5	0	165	3608	1	917	0	0	1
56506	14449.8	17636.2	16.7	0	134.1	3609	1	346	0	0	1
56585	14486.5	17728.6	10.3	0	178.8	3614	1	1159	0	0	1
56604	14580.2	17736.6	9.6	0	162.5	3615	1	1017	0	0	1
56614	14628	17743.6	32.5	0	138.6	3616	1	269	0	0	1
56871	14449.2	17748.4	16.4	0	163.1	3631	1	428	0	0	1
57092	14054.8	17648.9	9.6	0	149.5	3644	1	761	0	0	1
57557	14327.5	18021	35.1	0	140.8	3671	1	144	0	0	1
57746	14866.7	17478.9	22.5	0	168	3681	1	431	0	0	1
57795	14110.5	17990.2	22.2	0	169.2	3684	1	293	0	0	1
58193	14320.4	18233.3	30	0	163	3708	1	207	0	0	1
58956	14782.3	17434.5	16.8	0	164.3	3754	1	439	0	0	1
59146	14044.5	17962.4	21.2	0	189.8	3767	1	704	0	0	1
59455	14855	17682.1	17.2	0	154.6	3786	1	404	0	0	1
60048	14414.6	18240.9	11.7	0	162.1	3823	1	845	0	0	1
60058	14429.7	18226.7	9.1	0	159.8	3824	1	962	0	0	1
60580	14484.6	17727.6	21	0	146.1	3858	1	311	0	0	1
60945	14461.7	17645.8	18.8	0	165	3879	1	380	0	0	1
61124	14424.6	17791.6	17.8	0	133.4	3893	1	274	0	0	1
61145	14436	17771.3	15.3	0	127.2	3894	1	329	0	0	1
61274	14772.9	18075.1	11.4	0	135.5	3902	1	506	0	0	1
61469	14433.5	17757	12	0	140.3	3914	1	513	0	0	1
61571	14427.1	18251.1	18.6	0	153.3	3920	1	452	0	0	1
61621	14402.6	17789.9	6.6	0	179.9	3923	1	2940	0	0	1
61671	14486.8	17743.2	8.4	0	151	3926	1	1212	0	0	1
61716	14320.4	17787.4	27	0	124.3	3930	1	145	0	0	1
61737	14319.9	17816.5	14.9	0	149.8	3931	1	397	0	0	1
61830	14284	18053.7	15.1	0	183.9	3937	1	542	0	0	1
61842	14259.9	18066.7	28.7	0	160	3938	1	247	0	0	1
61901	14727.7	18086.7	11.2	0	159	3941	1	823	0	0	1
62062	14764.3	18074.8	5.9	0	144.4	3951	1	1708	0	0	1
63547	14102.9	17925.7	26	0	157.8	4049	1	238	0	0	1
63587	14074.9	17934.6	12.4	0	159.8	4051	1	611	0	0	1
63812	14420.5	17704.4	9.3	0	131.8	4065	1	639	0	0	1
63875	14234.3	18034.7	30.1	0	179.7	4070	1	354	0	0	1
63959	14524.8	17743.9	16.1	0	165.3	4075	1	520	0	0	1
64053	14190.5	17868.6	15	0	128.5	4081	1	297	0	0	1
64060	14204.8	17843.3	25.9	0	145.4	4082	1	174	0	0	1
64254	14446.3	17741.3	11.9	0	142.4	4094	1	526	0	0	1
64309	14430.6	17724.8	7.9	0	146	4097	1	1122	0	0	1
64770	14326.6	17984.8	8.6	0	141.1	4128	1	968	0	0	1
64814	14498.2	17764	8.6	0	145.6	4130	1	855	0	0	1
64831	14483.5	17748.6	11.6	0	144.5	4131	1	632	0	0	1
64942	14794.7	17817.8	24.3	0	182.5	4139	1	659	0	0	1
65291	14213.8	17842.2	13.2	0	152.4	4161	1	536	0	0	1
65678	14078.8	17953.6	15.1	0	148.2	4185	1	427	0	0	1
65842	14388.3	18257.4	26.7	0	139.1	4195	1	204	0	0	1
66234	14617.3	17748.4	20.2	0	141.7	4220	1	253	0	0	1
66276	14407.5	18243.5	14.4	0	151.8	4222	1	470	0	0	1
66492	14431.6	17753.3	9.9	0	147.8	4238	1	772	0	0	1
66649	14469.5	17732.8	26.5	0	149.6	4248	1	272	0	0	1
67101	14477.1	17735	20.5	0	164	4279	1	363	0	0	1
67811	14464	17762.2	21.8	0	170.8	4323	1	353	0	0	1
68040	14394.9	17778.4	13.9	0	141.1	4335	1	621	0	0	1
68251	14417.7	17712	25.7	0	145.7	4349	1	252	0	0	1
68343	14383	17743.3	19.9	0	159.1	4355	1	291	0	0	1
68394	14622.6	17738.7	15.3	0	165.4	4358	1	461	0	0	1
68486	14323.9	17974.4	34.5	0	144.9	4363	1	176	0	0	1
68539	14210.4	17893.8	11.8	0	142.7	4366	1	528	0	0	1
68550	14304.1	17826.9	11.5	0	180.6	4367	1	745	0	0	1
68595	14359.2	17811.6	9.3	0	175.8	4370	1	1116	0	0	1
68790	14509.7	17638.8	11.2	0	148.8	4382	1	717	0	0	1
68827	14212.2	17878.8	8	0	142.6	4384	1	1007	0	0	1
69408	14630.6	17689.7	13.8	0	157	4422	1	569	0	0	1
69436	14838.7	17619.6	20.2	0	158.1	4424	1	318	0	0	1
69573	14119.3	17738.6	19.1	0	155.9	4434	1	545	0	0	1
69680	14063.2	17496.6	44.8	0	165.9	4443	1	232	0	0	1
69795	14685.9	17602.6	20.4	0	155.1	4451	1	317	0	0	1
69943	14618.1	17729.6	17.8	0	154.5	4461	1	386	0	0	1
70125	14447.3	17727.8	13.7	0	141.1	4473	1	435	0	0	1
70173	14417.5	17770.4	10.5	0	150.1	4476	1	795	0	0	1
70583	14432.3	17758.3	10.2	0	143.6	4502	1	640	0	0	1
70752	14418.7	17810.2	17.1	0	184.6	4513	1	936	0	0	1
70901	14428.6	17707.7	7.5	0	138.2	4521	1	1010	0	0	1
70941	14316.6	17971	16.9	0	143.9	4524	1	320	0	0	1
71181	14390	17743.9	13.4	0	154.9	4539	1	495	0	0	1
71197	14412.6	17739.4	9.8	0	155.5	4540	1	923	0	0	1
71200	14460.7	17733.4	41.9	0	189	4541	1	234	0	0	1
71528	14408.2	17761.9	20.8	0	141.3	4561	1	230	0	0	1
71974	14455.4	17672.9	23.3	0	150.1	4592	1	265	0	0	1
71999	14047.8	17957.5	12.4	0	152	4593	1	535	0	0	1
72063	14080.2	17954.6	24.3	0	150.3	4598	1	218	0	0	1
72255	14090.3	17934.2	15.7	0	194.3	4611	1	763	0	0	1
72371	14352.8	17644.2	6.3	0	152.9	4618	1	1887	0	0	1
72655	14364	17718.2	29.9	0	141.9	4635	1	434	0	0	1
72902	14094.7	17853.5	29.2	0	183.4	4653	1	295	0	0	1
73468	14349.6	17797.3	21.4	0	165.2	4690	1	365	0	0	1
73495	14319.8	17824.9	8.5	0	145.9	4691	1	1054	0	0	1
73513	14457.2	17770.8	10.5	0	157.7	4692	1	791	0	0	1
73520	14501.6	17757.9	27.4	0	145.2	4693	1	225	0	0	1
73605	14482.3	17750	12.7	0	139.7	4698	1	410	0	0	1
73846	14647.1	17732.7	11.3	0	155.1	4713	1	712	0	0	1
73966	14377.4	17764.3	24.8	0	136.6	4721	1	245	0	0	1
74046	14032	17655.3	9.8	0	153.7	4726	1	924	0	0	1
74062	14046.6	17637.7	14.3	0	134.3	4727	1	347	0	0	1
74498	14211	17848	7.7	0	157.7	4757	1	1323	0	0	1
74508	14170.7	17876.8	18.7	0	158.6	4758	1	402	0	0	1
75154	14421	17769.2	22.2	0	156.1	4800	1	308	0	0	1
75237	14438.3	17697.4	4.8	0	155.4	4805	1	2917	0	0	1
75256	14444.5	17717.3	6.2	0	149.8	4806	1	1865	0	0	1
75261	14446.7	17781	19.4	0	135.9	4807	1	217	0	0	1
75343	14494.9	17301.2	24.5	0	149.5	4812	1	269	0	0	1
75696	14084.6	17903.7	13.8	0	197	4837	1	961	0	0	1
75722	14143.6	17837.1	20.3	0	199.6	4839	1	498	0	0	1
75997	14413.6	17746.8	8.7	0	145.2	4857	1	903	0	0	1
76044	14131	17767.9	16.1	0	162.9	4861	1	622	0	0	1
76678	14040.4	17665.7	11.4	0	144.2	4904	1	639	0	0	1
77172	14244.4	17844.8	21.3	0	135	4939	1	191	0	0	1
77515	14402.6	17682.9	13.7	0	147.3	4963	1	459	0	0	1
77746	14680.7	17726.6	14.9	0	154.9	4980	1	505	0	0	1
77770	14681.3	17748	9.9	0	155.2	4981	1	686	0	0	1
77792	14262.5	17852.2	34.2	0	129.3	4983	1	118	0	0	1
77817	14234.8	17887	10.8	0	142.5	4984	1	703	0	0	1
78066	14433.8	17683.4	20.3	0	133.5	5002	1	237	0	0	1
78275	14177.4	18010	16.5	0	179.6	5016	1	563	0	0	1
78872	14814.7	18062.7	12.9	0	152.7	5058	1	850	0	0	1
79237	14354.3	17924.4	28.2	0	147.4	5081	1	155	0	0	1
79319	14444.7	18244.2	16.5	0	143.5	5086	1	396	0	0	1
80011	14642.2	17735.5	23.9	0	160.4	5132	1	219	0	0	1
80196	14085.8	17922.3	23.3	0	125.5	5145	1	132	0	0	1
80256	14082.1	17944.4	29.2	0	130.6	5149	1	146	0	0	1
80344	14067.5	17958.2	31.9	0	101.3	5155	1	80	0	0	1
80356	14051.6	17935.9	27.2	0	122.6	5156	1	133	0	0	1
80398	14604.8	17719	30.6	0	168.2	5159	1	308	0	0	1
80422	14634.5	17710.1	27.8	0	147.9	5160	1	227	0	0	1
80549	14100.3	17974.5	12.6	0	188.3	5168	1	1214	0	0	1
80561	14121.1	17990.8	15.4	0	196.5	5169	1	809	0	0	1
80592	14073.3	17948.3	28.9	0	147.3	5172	1	171	0	0	1
80660	14100.4	17908.8	30	0	136	5176	1	138	0	0	1
80744	14060.8	17922.7	29.4	0	134.7	5182	1	138	0	0	1
80761	14086.2	17926.4	23.2	0	150.1	5183	1	221	0	0	1
80778	14079	17876.5	20.5	0	153.3	5184	1	299	0	0	1
80802	14131.2	17771.6	10.6	0	154.8	5185	1	902	0	0	1
80849	14168.4	17847.5	16.1	0	155.2	5188	1	529	0	0	1
81407	14077.9	17927.1	18.6	0	157.1	5228	1	373	0	0	1
81492	14393.9	17674.8	28	0	125.3	5235	1	146	0	0	1
81686	14709.6	17767.5	15.9	0	156.6	5248	1	534	0	0	1
82282	14207.6	17818.8	20.8	0	147.2	5291	1	288	0	0	1
82545	14483.2	17734.2	29.5	0	115.1	5307	1	186	0	0	1
82854	14439.4	17647	14.3	0	155.2	5330	1	530	0	0	1
83821	14143.1	17735	14.3	0	153.5	5396	1	565	0	0	1
83869	14456	17707	16.1	0	150.1	5399	1	353	0	0	1
83984	14425.8	17729.4	13	0	150.9	5407	1	653	0	0	1
84026	14419.1	17707.1	15.5	0	149.1	5410	1	389	0	0	1
84062	14461.2	17704.1	26.5	0	171.2	5413	1	310	0	0	1
84085	14460.5	17728.4	13.2	0	149.2	5414	1	490	0	0	1
84447	14649.4	17704.7	27.3	0	103.2	5439	1	99	0	0	1
84601	14265	17863.3	13.7	0	151.9	5448	1	535	0	0	1
84828	14650	17765.5	23.4	0	130.7	5464	1	183	0	0	1
85071	14720.3	17782.2	30.2	0	158	5478	1	200	0	0	1
85426	14249.2	17796.4	33.2	0	134.6	5503	1	141	0	0	1
85451	14189.2	17798.2	8.9	0	136.1	5504	1	659	0	0	1
85486	14864.5	17656	14.5	0	151.2	5506	1	455	0	0	1
85551	14614.2	17738.8	15.6	0	172.5	5510	1	651	0	0	1
85741	14502.7	17269.4	10.8	0	141.7	5523	1	622	0	0	1
85866	14052.4	17950.9	10.8	0	159.4	5531	1	734	0	0	1
86111	14665.7	17733.5	27.5	0	139	5546	1	187	0	0	1
86481	14051.6	17907.9	25.4	0	169.9	5571	1	304	0	0	1
86617	14437	17758	14.2	0	139.2	5579	1	545	0	0	1
86633	14409	17766.8	17	0	158.2	5580	1	690	0	0	1
86675	14661.9	17695.1	20.1	0	147	5583	1	284	0	0	1
86722	14665.5	17722.6	18	0	157.5	5586	1	352	0	0	1
86735	14753.5	18060.6	12.7	0	154.6	5587	1	566	0	0	1
86952	14454.4	17755.5	22.5	0	130.7	5602	1	195	0	0	1
87096	14638.3	17698	28.5	0	174.1	5612	1	309	0	0	1
87110	14380.5	17616.2	16.8	0	154	5613	1	419	0	0	1
87328	14382.6	17632.9	9.9	0	145.1	5629	1	789	0	0	1
87476	14437.7	17727	20.7	0	148.9	5640	1	288	0	0	1
87583	14414	18253.4	12.1	0	170.4	5647	1	1234	0	0	1
87716	14236.3	17888.1	13.7	0	141.2	5656	1	422	0	0	1
87739	14239	17856.2	14.2	0	146	5657	1	394	0	0	1
87922	14762.7	18137	28.4	0	129.5	5668	1	173	0	0	1
88087	14647.4	17730.2	13.3	0	169	5678	1	593	0	0	1
88296	14576.6	17700.7	12.2	0	163.7	5691	1	638	0	0	1
88659	14452.9	17719.1	12.5	0	151.4	5714	1	632	0	0	1
88677	14440.8	17751	20.9	0	173.2	5715	1	349	0	0	1
88721	14430.3	17748.2	15.5	0	147.2	5719	1	481	0	0	1
88803	14470.4	17753.3	11.1	0	155.7	5725	1	786	0	0	1
88921	14121.2	17731.5	15.9	0	131.8	5733	1	282	0	0	1
88984	14441.1	17725.1	24.5	0	164	5738	1	355	0	0	1
89030	14451.7	17755	11.1	0	153.1	5740	1	690	0	0	1
89166	14015.1	17643.1	20.1	0	139.2	5750	1	254	0	0	1
89556	14211.4	17883.5	15.8	0	138.9	5779	1	308	0	0	1
89578	14239.4	17885.9	10.9	0	141.1	5780	1	606	0	0	1
89878	14218.2	17889.1	19.9	0	143.9	5801	1	238	0	0	1
90244	14530.5	17262.5	33.7	0	151.5	5826	1	181	0	0	1
90294	14658.9	17750.6	25.8	0	174.4	5829	1	271	0	0	1
90312	14634.9	17727.8	25.5	0	164.1	5830	1	268	0	0	1
90606	14196.6	17881.8	29	0	178.6	5849	1	288	0	0	1
91132	14696.4	17476.9	25.5	0	175.1	5880	1	306	0	0	1
91185	14398.6	17751.7	29.8	0	172.6	5884	1	258	0	0	1
91302	14192.4	17839.2	11	0	155.9	5891	1	749	0	0	1
91532	14823.6	17881.8	7.5	0	177.5	5905	1	2053	0	0	1
91549	14813.4	17862.6	11.7	0	175.5	5906	1	835	0	0	1
91558	14825.3	17830.9	27.1	0	173.6	5907	1	298	0	0	1
91657	14055.6	17950.3	8.8	0	162.4	5912	1	937	0	0	1
91995	14064.7	17941.3	14.3	0	159.4	5931	1	513	0	0	1
92018	14324.2	17821.4	25.1	0	152.5	5933	1	256	0	0	1
92197	14049	17935.3	18.5	0	150.4	5943	1	357	0	0	1
92243	14623.2	17763.5	17.5	0	161.6	5946	1	418	0	0	1
92304	14813.6	17440.3	19.5	0	161	5949	1	337	0	0	1
93251	14660.4	17712.8	20.1	0	154.9	6004	1	233	0	0	1
93374	14750.1	17705.1	12.7	0	179.7	6010	1	824	0	0	1
93404	14855.3	17660.1	11.8	0	132.4	6012	1	414	0	0	1
93458	14068.9	17953.2	7.2	0	169.4	6015	1	1532	0	0	1
93481	14064.4	17932	25	0	162.8	6016	1	280	0	0	1
93527	14399.9	17739.6	10.6	0	145.7	6018	1	614	0	0	1
93706	14747.1	18135.5	23.5	0	131.8	6029	1	200	0	0	1
93720	14638	17651.2	26.8	0	156	6030	1	227	0	0	1
93935	14051.5	17923.7	14.1	0	159.9	6042	1	532	0	0	1
93964	14457.9	17744.2	12.4	0	156.2	6044	1	520	0	0	1
94093	14383.2	17632.5	8.6	0	141.3	6052	1	806	0	0	1
94284	14380.8	17757.5	21.3	0	138.7	6065	1	218	0	0	1
94365	14641	17732.9	10.9	0	161.7	6069	1	798	0	0	1
94503	14751	18159.2	9.1	0	143.5	6078	1	733	0	0	1
94595	14221	17897	11.8	0	139.1	6084	1	434	0	0	1
94827	14829	17660.4	13.1	0	157	6098	1	469	0	0	1
94869	14447.1	17742.6	26	0	137	6101	1	235	0	0	1
95001	14342	17640.5	15.9	0	145	6109	1	378	0	0	1
95036	14494.3	17662.7	15.8	0	124.3	6111	1	234	0	0	1
95840	14361.9	17721	35.7	0	189.7	6162	1	344	0	0	1
97281	14636.7	17744.6	14.4	0	151.6	6246	1	356	0	0	1
97293	14647.7	17701.1	25	0	147.7	6247	1	194	0	0	1
97582	14392.8	18233.8	8.9	0	179	6265	1	2002	0	0	1
97702	14152.2	18127	26	0	171.2	6271	1	301	0	0	1
97790	14406.7	17680.8	15.2	0	155	6276	1	425	0	0	1
97806	14421.3	17704.6	20	0	157.2	6277	1	351	0	0	1
98221	14848.6	17680.1	21.3	0	141.1	6300	1	255	0	0	1
98914	14835.9	17683	12.8	0	144.9	6342	1	437	0	0	1
99129	14862.1	17678	20.9	0	149.5	6355	1	261	0	0	1
99917	14136	17758.7	9.5	0	137	6406	1	670	0	0	1
99934	14628.5	17732.3	23	0	176.2	6408	1	345	0	0	1
100137	14371.8	17807.1	13.7	0	151.8	6422	1	482	0	0	1
100292	14653.9	17731.5	16.1	0	170.2	6430	1	494	0	0	1
101324	14500.4	17772.4	27	0	157	6491	1	236	0	0	1
101385	14215	17878.5	9.8	0	146.9	6495	1	833	0	0	1
101513	14579.1	17761.3	15.5	0	159.9	6503	1	415	0	0	1
101696	14657.1	17730.8	23.5	0	146.8	6514	1	503	0	0	1
102172	14433.2	17737.9	17.6	0	143.5	6543	1	295	0	0	1
102374	14305.5	18203.1	12.8	0	160.5	6555	1	859	0	0	1
102481	14500.7	17737.9	14.1	0	145.6	6562	1	486	0	0	1
102603	14512.6	18209.3	13.8	0	156.5	6569	1	569	0	0	1
102850	14574.2	17971.8	25.8	0	176.9	6585	1	366	0	0	1
103081	14205.1	17906.4	13.5	0	165.3	6599	1	1053	0	0	1
103286	14804.5	17851	25.8	0	157.3	6611	1	225	0	0	1
103370	14114.1	17732.6	24.9	0	140.6	6617	1	192	0	0	1
103491	14498.9	18023.2	24.6	0	175.7	6624	1	256	0	0	1
103666	14282.8	18102.9	12.3	0	199.5	6636	1	1277	0	0	1
104580	14795.4	17436	24.2	0	165.5	6696	1	442	0	0	1
105020	14845.5	17664.1	22.3	0	141.4	6724	1	235	0	0	1
105050	14609.1	17784	12.6	0	179.7	6726	1	825	0	0	1
105469	14163.7	17728.9	32.2	0	125.7	6752	1	142	0	0	1
105553	14335.7	17807.8	14.1	0	152.9	6757	1	383	0	0	1
105561	14292.3	17825.7	16.5	0	149.2	6758	1	324	0	0	1
105573	14334.4	17777.6	22.5	0	145.5	6759	1	218	0	0	1
105590	14462.2	17752.1	9.8	0	148.7	6760	1	800	0	0	1
106201	14236.5	17828.1	25.1	0	139.7	6799	1	182	0	0	1
106242	14318.3	17765.3	16.1	0	188.5	6803	1	764	0	0	1
106279	14123.2	17806	30.5	0	187.5	6805	1	300	0	0	1
106307	14187.5	17799.4	26.9	0	159.6	6806	1	283	0	0	1
106373	14151.1	17785.8	25.7	0	171.3	6810	1	296	0	0	1
106400	14193.5	17798.1	33.9	0	172.9	6812	1	270	0	0	1
106444	14352.4	17691	18.3	0	198	6814	1	629	0	0	1
106493	14228	17832.8	23.4	0	129.9	6817	1	156	0	0	1
106512	14208.1	17807.3	22.4	0	146.3	6818	1	217	0	0	1
106522	14202.1	17846.7	24.1	0	149.3	6819	1	227	0	0	1
106550	14178.8	17809.6	24.1	0	162.1	6820	1	269	0	0	1
106595	14111.8	17917.4	12.5	0	171.7	6823	1	750	0	0	1
106625	14217.7	17809.1	22.9	0	151.3	6824	1	271	0	0	1
106667	14560.1	17779.4	31.8	0	198.6	6827	1	555	0	0	1
106680	14565.4	17726.8	23.2	0	197.7	6828	1	730	0	0	1
106686	14591.6	17727.4	14.1	0	177.9	6829	1	909	0	0	1
106750	14290	17812.4	11.5	0	186.5	6833	1	1092	0	0	1
106773	14195.4	17817.2	25.7	0	152.2	6835	1	221	0	0	1
106835	14247.8	17824.7	22	0	146.6	6839	1	232	0	0	1
106845	14213.5	17807.1	28.9	0	149.8	6840	1	225	0	0	1
106880	14181.4	17834.5	25.2	0	150.4	6842	1	198	0	0	1
106924	14162.6	17816.6	26.8	0	190.5	6845	1	324	0	0	1
106972	14201.4	17840.4	23.8	0	157.2	6848	1	257	0	0	1
107047	14214.6	17864	29.6	0	121.9	6853	1	162	0	0	1
107065	14205.1	17841.1	22.1	0	132.1	6854	1	185	0	0	1
107083	14210.8	17773.2	27.3	0	139.6	6855	1	178	0	0	1
107132	14175.8	17832.8	21.7	0	162.3	6858	1	256	0	0	1
107155	14197.7	17821.3	23.4	0	163.2	6859	1	256	0	0	1
107218	14230.6	17873.1	22.4	0	123.3	6863	1	175	0	0	1
107241	14095.3	17935	17.9	0	181.3	6865	1	883	0	0	1
107256	14143.6	17925.9	40.2	0	143.7	6866	1	157	0	0	1
107271	14131.5	17871	27.5	0	144.7	6867	1	238	0	0	1
107289	14233.7	17847.2	20.9	0	127.4	6868	1	158	0	0	1
107392	14301.6	17780.5	21.5	0	179.6	6874	1	348	0	0	1
107406	14236.7	17843.4	25	0	137.7	6875	1	198	0	0	1
107449	14280.7	17848.9	25.3	0	189.3	6878	1	415	0	0	1
107457	14185.7	17851.8	28.4	0	165.8	6879	1	267	0	0	1
107540	14221.4	17874.7	27.6	0	157	6884	1	200	0	0	1
107563	14849	17682.8	17.1	0	146.7	6886	1	412	0	0	1
107574	14248.3	17855.3	35.4	0	171.2	6887	1	296	0	0	1
107758	14458.5	17792.5	10.9	0	149.8	6900	1	676	0	0	1
108130	14222.1	17816.4	28.4	0	109.7	6923	1	111	0	0	1
108144	14254.7	17848.4	22.7	0	128.5	6924	1	179	0	0	1
108298	14486.6	17740.3	21.7	0	164.9	6934	1	322	0	0	1
109122	14120.4	18093.5	30.3	0	128.1	6988	1	144	0	0	1
109123	14202.7	17835.3	5.6	0	138.1	6989	1	1533	0	0	1
109145	14183.2	17868.2	15.6	0	158.2	6990	1	504	0	0	1
109161	14017.4	17937.4	20.6	0	179.2	6991	1	537	0	0	1
109196	14596	17732.3	18.7	0	144.5	6993	1	336	0	0	1
109275	14666.2	17500.9	28.8	0	193.6	6998	1	275	0	0	1
109351	14216	17865.6	19.9	0	149.7	7004	1	372	0	0	1
109813	14583.7	17751.7	22.8	0	154.8	7034	1	245	0	0	1
110044	14828	17853.2	15.8	0	154.1	7049	1	414	0	0	1
110356	14549.8	17590	21.8	0	154.6	7069	1	259	0	0	1
110496	14498.4	17737	29	0	156.8	7078	1	255	0	0	1
110693	14397.5	17687.2	19.8	0	153.1	7092	1	493	0	0	1
111351	14216	17864	17.3	0	134.3	7134	1	355	0	0	1
111377	14239.2	17881.9	8.8	0	141.7	7135	1	800	0	0	1
111953	14426.8	17683.5	13.8	0	197.2	7171	1	1056	0	0	1
112507	14652.1	17728.4	23.1	0	168.2	7205	1	362	0	0	1
112522	14671.2	17740.3	21.9	0	154.6	7206	1	287	0	0	1
112584	14219.3	17837.7	23.1	0	128.3	7210	1	173	0	0	1
112706	14480.7	17741.3	12.1	0	146.9	7219	1	647	0	0	1
112779	14218	17901.2	20.4	0	158.4	7224	1	283	0	0	1
113042	14436.3	17759.1	17.5	0	146.9	7241	1	318	0	0	1
113114	14460.1	17747.7	11.1	0	154	7245	1	711	0	0	1
113184	14423.8	17767.7	14.2	0	142.3	7249	1	391	0	0	1
113317	14287.7	17834.9	11.3	0	158.8	7257	1	734	0	0	1
113659	14001.9	17624.5	10.3	0	156.8	7279	1	766	0	0	1
113669	14002.2	17645.6	16.4	0	152.9	7280	1	390	0	0	1
114146	14826.3	17470.1	16.7	0	167.2	7311	1	477	0	0	1
114931	14648.7	17768.3	21.5	0	171.7	7365	1	507	0	0	1
115155	14208.9	17888.1	10.4	0	151	7381	1	804	0	0	1
115428	14227.4	17833.6	17.3	0	135.5	7400	1	497	0	0	1
115590	14478.7	18240.6	22.6	0	184	7410	1	376	0	0	1
116004	14448	18233.1	26.1	0	148.1	7436	1	187	0	0	1
117071	14629.3	17719.5	17.7	0	163.5	7509	1	426	0	0	1
117120	14391.6	17744.1	23.3	0	155.6	7512	1	248	0	0	1
117146	14677.2	17734.4	25.8	0	175.5	7514	1	343	0	0	1
117366	14284.7	17818.2	17.5	0	164.8	7529	1	711	0	0	1
117568	14645.4	17721.6	22	0	164.6	7542	1	354	0	0	1
118164	14312.6	17949.3	15.3	0	151.3	7580	1	380	0	0	1
118211	14228.8	17875.8	10	0	139.2	7583	1	642	0	0	1
118225	14383.4	17800.8	17.2	0	186.5	7584	1	706	0	0	1
118248	14480.7	17758.2	9.4	0	146	7585	1	720	0	0	1
118301	14076.2	17969.8	9.7	0	168.9	7588	1	974	0	0	1
118383	14557.2	17742.1	14.5	0	155.3	7593	1	405	0	0	1
118654	14375	17789.2	15.1	0	155.4	7612	1	441	0	0	1
118867	14416.6	17693.7	10.5	0	151	7626	1	724	0	0	1
118942	14042.6	17662	9.1	0	149.1	7630	1	860	0	0	1
119225	14731.3	17697.9	11.3	0	180.3	7647	1	1304	0	0	1
119231	13999.1	17863.4	36.7	0	177.5	7647	1	487	0	0	1
119237	13973.7	17862.6	20.1	0	162.8	7648	1	442	0	0	1
119373	14266	18017.8	25.5	0	165.8	7656	1	277	0	0	1
119383	14258.6	18064	22.3	0	174.7	7657	1	280	0	0	1
119664	14204.4	17898.8	9.6	0	148.8	7674	1	756	0	0	1
119686	14212.9	17879.5	11	0	141.8	7675	1	479	0	0	1
119783	14385.5	17763.1	20.3	0	165	7682	1	388	0	0	1
119973	14648.6	17734.9	19.5	0	169.9	7696	1	437	0	0	1
120028	14418.9	18250	24.6	0	160.6	7699	1	255	0	0	1
120169	14199.3	17873.7	21.8	0	165.3	7708	1	259	0	0	1
120249	14381.8	17741.4	6	0	145.4	7713	1	1611	0	0	1
120268	14164.1	17879.5	18.1	0	154.2	7714	1	360	0	0	1
120352	14162.4	17868.2	20.1	0	152.3	7718	1	295	0	0	1
120385	14234.8	17794.3	35.3	0	151.5	7720	1	200	0	0	1
120404	14230.4	17850.3	28.7	0	154.7	7721	1	221	0	0	1
120417	14208.7	17876.2	11.5	0	152.2	7722	1	617	0	0	1
120490	14224.9	17874.4	14.3	0	142.7	7727	1	518	0	0	1
120511	14177.7	17848.7	19.9	0	151.9	7728	1	244	0	0	1
120679	14168.8	17877.1	21.1	0	170.8	7739	1	365	0	0	1
120728	14221.1	17833.8	14.7	0	148.8	7743	1	398	0	0	1
120743	14190.8	17851.2	28.7	0	150	7744	1	190	0	0	1
120837	14227.7	17867.5	25.8	0	149	7750	1	205	0	0	1
120938	14474.4	17739.8	9.4	0	147.9	7759	1	973	0	0	1
122017	14427.9	18222	14.7	0	126.9	7833	1	367	0	0	1
122224	14273.8	18100.4	21.1	0	190.1	7845	1	534	0	0	1
122311	14470	17724	13.1	0	146.6	7850	1	447	0	0	1
122539	14490.2	17759.5	9.3	0	154	7864	1	858	0	0	1
122550	14507.6	17729.4	22.4	0	150.8	7865	1	259	0	0	1
122961	14234.6	17871.7	14.9	0	128.2	7890	1	254	0	0	1
124282	14153.7	17865.6	27.8	0	132.2	7975	1	154	0	0	1
124366	14846.2	17653.1	17.5	0	138.5	7980	1	299	0	0	1
124383	14182.9	17887.5	22.3	0	128.1	7981	1	181	0	0	1
124550	14446.1	18212.8	12.8	0	147.4	7991	1	438	0	0	1
124996	14073.7	17934.1	12.5	0	167.5	8021	1	628	0	0	1
125040	14031.5	17859	34.3	0	168.3	8024	1	321	0	0	1
125081	14459.4	17752.7	29	0	166	8026	1	241	0	0	1
125169	14210.6	17861.3	11.8	0	144.4	8032	1	480	0	0	1
125959	14820	17432.9	23.3	0	153.2	8084	1	206	0	0	1
126032	14154.8	18053.3	15.1	0	181.1	8089	1	656	0	0	1
126369	14486.1	17766.4	14	0	141.4	8110	1	414	0	0	1
126527	14260.1	18039	27	0	158.3	8121	1	211	0	0	1
127401	14235.7	17877	11.3	0	147.6	8177	1	615	0	0	1
127548	14449.7	17758.6	34.5	0	131	8187	1	220	0	0	1
127874	14474.6	17756.7	13.9	0	142	8208	1	479	0	0	1
128075	14411.6	17756.6	16.3	0	159.7	8222	1	544	0	0	1
128419	14217	17788.7	11.1	0	148	8245	1	569	0	0	1
128516	14601.2	17755.7	16.5	0	162.2	8252	1	446	0	0	1
128536	14409.5	17740.7	26.3	0	150.6	8253	1	227	0	0	1
128818	14409.7	17741.6	14.5	0	157.2	8272	1	461	0	0	1
129122	14542.9	18035.6	30.4	0	198.7	8291	1	359	0	0	1
129594	14758.3	18141.2	18	0	153.1	8320	1	339	0	0	1
129604	14772.8	18122.9	23.3	0	160.3	8321	1	290	0	0	1
129663	14481.8	17750.3	29.9	0	144.9	8325	1	254	0	0	1
129693	14469.3	17717.3	18.7	0	150.5	8326	1	323	0	0	1
129839	14633	17708.9	17.6	0	155.7	8337	1	350	0	0	1
129915	14457	17807.1	11.1	0	154	8343	1	638	0	0	1
130116	14848.8	17674.8	16.7	0	155.2	8356	1	369	0	0	1
130488	14737.4	18111.6	19.2	0	157.7	8380	1	413	0	0	1
130683	14420.7	17765.4	14.1	0	141.6	8394	1	432	0	0	1
130813	14584.5	17418.5	20.5	0	152.5	8403	1	337	0	0	1
131001	14238.7	17867	13.6	0	155.2	8417	1	464	0	0	1
131283	14485.5	17776.8	11.6	0	143.9	8437	1	538	0	0	1
131541	14441.7	17768.5	20.9	0	169.3	8455	1	340	0	0	1
131631	14344	17796.1	16.8	0	171.3	8463	1	700	0	0	1
131649	14237.3	17785.1	12.1	0	163.9	8464	1	775	0	0	1
131690	14650.9	17721.7	21.9	0	176.6	8466	1	378	0	0	1
131707	13999.1	17637.2	24.4	0	155.5	8467	1	264	0	0	1
131784	14436.4	18258.7	8.3	0	131.7	8474	1	939	0	0	1
131877	14141.3	17753.1	19.7	0	144.3	8480	1	308	0	0	1
131995	14009.1	17648.9	32.3	0	161.5	8487	1	492	0	0	1
132023	13984.8	17662	35.9	0	162.6	8488	1	294	0	0	1
132201	14429.3	17659.4	11.6	0	149.5	8499	1	600	0	0	1
132272	14449.1	17730	14.2	0	141.8	8503	1	406	0	0	1
132358	14465.9	17739	15.8	0	170.5	8509	1	549	0	0	1
132773	14548.1	17728.4	10.2	0	168.4	8539	1	873	0	0	1
133041	14653.7	17710.1	21.4	0	159.6	8557	1	272	0	0	1
133061	14684.4	17782.5	37.8	0	130.1	8558	1	133	0	0	1
133314	14639.9	17666.1	28.6	0	145.8	8574	1	149	0	0	1
133446	14433.5	17766.7	15.9	0	148.3	8582	1	365	0	0	1
133736	14015.6	17613.9	11.9	0	163.5	8599	1	645	0	0	1
133903	14406.7	17764.1	16.6	0	171.3	8611	1	655	0	0	1
134041	14510.8	17722.8	32.8	0	152.3	8620	1	156	0	0	1
134133	14760.2	17468.5	13	0	188.3	8626	1	816	0	0	1
134158	14424.2	17748.8	13.3	0	143.2	8628	1	576	0	0	1
134177	14443.4	17762.8	6.4	0	139.1	8629	1	1361	0	0	1
134242	14624.3	17753.8	17.7	0	166.2	8634	1	456	0	0	1
134268	14600.4	17698.1	19.2	0	161.5	8635	1	311	0	0	1
134409	14289.8	17776.1	15.3	0	176.7	8644	1	656	0	0	1
134677	14662.5	17745.9	12.6	0	159.3	8662	1	529	0	0	1
134882	14388.9	17757.1	9.9	0	159.6	8675	1	935	0	0	1
134940	14411.2	17766.1	24.7	0	166.2	8678	1	301	0	0	1
135324	14362.4	17829.5	22.4	0	195.6	8699	1	468	0	0	1
135585	14440.4	17665.7	6	0	164.3	8719	1	2333	0	0	1
135598	14441.4	17706.7	7.5	0	155.9	8720	1	1329	0	0	1
135641	14468.5	17750.7	16.7	0	161.7	8723	1	728	0	0	1
135657	14444.1	17716.9	15.8	0	157.7	8724	1	627	0	0	1
135871	14197.9	17886.6	20.5	0	155.4	8737	1	306	0	0	1
135943	14654.4	17725.5	13.1	0	165.8	8741	1	571	0	0	1
135958	14767.1	18005.8	16.2	0	177.1	8742	1	840	0	0	1
136100	14322.6	17804.3	15.5	0	143.7	8752	1	340	0	0	1
136324	14321	17815.7	21.7	0	189	8769	1	465	0	0	1
136376	14420.5	17669.8	9.5	0	154.4	8772	1	1319	0	0	1
136430	14437.6	17749.8	12.7	0	141.2	8776	1	379	0	0	1
136455	14459.3	17754.3	10.4	0	146	8777	1	637	0	0	1
136712	14434.2	17741.4	12.2	0	157.7	8794	1	602	0	0	1
136731	14220.5	17860.2	12.6	0	130.9	8795	1	379	0	0	1
136836	14078.5	17944.3	17.2	0	171.6	8803	1	492	0	0	1
136859	14065.5	17911.4	16.5	0	160.7	8804	1	394	0	0	1
136947	14834.6	17442.7	26.7	0	188.8	8811	1	361	0	0	1
136997	14812.5	17454.4	27.6	0	171.1	8814	1	280	0	0	1
137195	14760.3	18148.4	13.5	0	144.9	8827	1	463	0	0	1
137453	14266.1	17873.5	40.4	0	116.6	8844	1	112	0	0	1
137642	14574.6	17715.9	34.6	0	160.9	8856	1	243	0	0	1
137773	14445.5	17658.5	26.1	0	199.4	8865	1	348	0	0	1
137909	14413.6	17825.7	19	0	193.6	8875	1	554	0	0	1
138122	14213.5	17870.8	21.9	0	143.9	8890	1	235	0	0	1
138164	14091.7	17767.7	24.4	0	146.4	8893	1	190	0	0	1
138254	14848.5	17459.1	20.3	0	159.3	8897	1	277	0	0	1
138294	14528.6	18210.2	10.7	0	146	8901	1	682	0	0	1
138569	14740.4	17729.8	9.4	0	159.5	8919	1	966	0	0	1
138577	14839.5	17680.9	8.2	0	165.8	8920	1	1319	0	0	1
138589	14870	17677	9.6	0	160.5	8921	1	841	0	0	1
138616	14665.8	17765.2	17.5	0	163.8	8922	1	336	0	0	1
138764	14443.5	17737	14.6	0	157.5	8933	1	500	0	0	1
139066	14058.3	17933.7	14.6	0	158	8954	1	434	0	0	1
139090	14285.3	18202.3	12	0	153.5	8955	1	544	0	0	1
139266	14850.5	17694.1	20.9	0	147.3	8966	1	229	0	0	1
139549	14434.7	17737.5	13.7	0	156.2	8986	1	474	0	0	1
139633	14440.8	17741	13	0	151.6	8992	1	550	0	0	1
139738	14405	18241.5	9.1	0	169.8	9000	1	1682	0	0	1
139892	14502.1	18236.1	10.6	0	156.9	9009	1	691	0	0	1
140108	14644.4	17738.7	10.4	0	172.4	9026	1	859	0	0	1
140214	14450.4	17739.6	14.6	0	143.7	9033	1	409	0	0	1
140236	14439.6	17757.3	10.8	0	148.5	9034	1	586	0	0	1
140338	14829	18088.4	13	0	146.9	9042	1	465	0	0	1
140363	14428.8	17664	29.8	0	138	9043	1	130	0	0	1
140466	14450.8	17741.7	11.4	0	153.9	9051	1	606	0	0	1
140478	14437.3	17718.9	11.8	0	153.6	9052	1	562	0	0	1
140778	14419	17708	14.1	0	166.4	9074	1	565	0	0	1
140844	14193.5	17828.7	20.9	0	147.9	9077	1	573	0	0	1
141123	14433.3	17749.2	12.8	0	149.7	9094	1	679	0	0	1
141184	14417.3	17783.5	12.6	0	168.9	9100	1	684	0	0	1
141210	14480.6	17748	10.8	0	146	9102	1	514	0	0	1
141252	14456.4	17773.4	16.7	0	150.2	9104	1	351	0	0	1
141266	14462.6	17734	20.4	0	158.1	9105	1	353	0	0	1
141917	14328.1	17809.1	9.3	0	141.9	9147	1	622	0	0	1
142271	14301.1	17829.7	16.9	0	150.7	9172	1	373	0	0	1
142482	14460.6	17686	27.8	0	137.3	9186	1	134	0	0	1
142606	14232.6	17833.7	17.6	0	157.3	9194	1	441	0	0	1
142615	14206.4	17847.5	9.3	0	150.1	9195	1	832	0	0	1
142856	14217.1	17892.2	16	0	145.5	9209	1	335	0	0	1
143055	14451.5	17733	10	0	160.2	9224	1	1190	0	0	1
143124	14360.6	17798.3	31.9	0	158.8	9229	1	222	0	0	1
143165	14426.8	17737.1	9	0	151.4	9231	1	1198	0	0	1
143234	14518	17760.3	10.4	0	177.9	9236	1	1045	0	0	1
143304	14395.1	17721.7	21.5	0	159.5	9240	1	279	0	0	1
143358	14613.2	17683.9	14.2	0	167	9244	1	482	0	0	1
143729	14301.1	17715.1	8.6	0	168.6	9270	1	1173	0	0	1
143783	14237.9	17869.4	18.3	0	161.8	9272	1	293	0	0	1
143788	14226.6	17810.7	28.5	0	159.2	9273	1	217	0	0	1
143930	14216.2	17797.9	23	0	155	9283	1	212	0	0	1
143944	14224	17874.2	13	0	152.3	9284	1	489	0	0	1
144030	14218.6	17798	22.5	0	132.1	9290	1	178	0	0	1
144059	14171.4	17834.8	23	0	165.6	9292	1	333	0	0	1
144082	14324.2	17811	16.2	0	150.3	9293	1	362	0	0	1
144085	14311.6	17785.8	20.9	0	170.1	9294	1	369	0	0	1
144116	14431.8	17708.7	7.9	0	153.4	9295	1	1031	0	0	1
144131	14428.6	17757.1	10.8	0	142.1	9296	1	559	0	0	1
144152	14358.9	17778.6	9.9	0	172.2	9297	1	1086	0	0	1
144161	14457	17764.9	19.3	0	159	9298	1	311	0	0	1
144259	14247.8	17802.9	13.7	0	177.1	9304	1	884	0	0	1
144377	14237.1	17799.4	30.5	0	152.7	9311	1	302	0	0	1
144429	14196.3	17812	12.3	0	157.3	9314	1	635	0	0	1
144567	14486.3	17733.3	8.3	0	147.8	9323	1	900	0	0	1
144655	14597.5	17713.9	13.6	0	161.3	9330	1	722	0	0	1
144683	14209.7	17897.5	14.8	0	140.7	9332	1	294	0	0	1
144868	14217.4	17807.8	13.2	0	156.8	9345	1	620	0	0	1
145014	14610.5	17722.3	11	0	165.5	9354	1	705	0	0	1
145174	14494.2	17751	16.8	0	151	9364	1	356	0	0	1
145354	14727.1	18103.1	41.2	0	119.9	9375	1	94	0	0	1
145388	14477.5	17740.8	8.5	0	152.7	9376	1	1216	0	0	1
145451	14210.9	17831.2	13.6	0	150.9	9380	1	498	0	0	1
145471	14245.1	17821.6	5.6	0	158.7	9381	1	2061	0	0	1
145479	14288.2	17811.6	8	0	154.9	9382	1	1100	0	0	1
145493	14319.7	17800.6	10.4	0	147.1	9383	1	694	0	0	1
145512	14272.3	17825.3	24.8	0	143	9384	1	257	0	0	1
145590	14416.8	17696.5	18.8	0	157.7	9389	1	307	0	0	1
145656	14423.9	17699.4	10.3	0	162.6	9395	1	817	0	0	1
145669	14421	17738.5	23.2	0	130.5	9396	1	149	0	0	1
145831	14045.8	17987.6	13.3	0	172.3	9408	1	685	0	0	1
146421	14470.3	17764.2	22.1	0	134.9	9448	1	189	0	0	1
146658	14213.1	17803.1	34.7	0	126	9466	1	203	0	0	1
146939	14660	17751.9	24.2	0	149.9	9487	1	319	0	0	1
147179	14189.9	17822.4	37.4	0	158.5	9504	1	142	0	0	1
147210	14212	17865.5	16.6	0	137.2	9506	1	344	0	0	1
147345	14492.3	17682.4	14.5	0	154.4	9517	1	414	0	0	1
147363	14449.5	17738.3	13.3	0	147.8	9518	1	454	0	0	1
147397	14405	17788.1	8.9	0	163.2	9521	1	1046	0	0	1
147953	14211.9	17827.4	12	0	160.4	9558	1	621	0	0	1
148124	14343.1	17788.9	14.3	0	156.2	9569	1	464	0	0	1
148217	14242.2	17815.7	11.2	0	160.6	9575	1	801	0	0	1
148229	14387.8	17759.7	10.6	0	167.6	9576	1	812	0	0	1
148246	14425.5	17724.1	10.9	0	156.5	9577	1	623	0	0	1
148300	14417	17760.6	9.7	0	162.5	9580	1	841	0	0	1
148402	14429.4	17695.8	13.1	0	157.1	9588	1	555	0	0	1
148576	14466.1	17752.8	12.6	0	149.3	9600	1	483	0	0	1
148583	14432.1	17730.5	25	0	158.9	9601	1	275	0	0	1
148625	14147.4	18032.2	28.5	0	147.9	9604	1	139	0	0	1
148665	14449.5	17750.4	18.4	0	173.4	9607	1	434	0	0	1
148819	14204.9	17830.4	15.9	0	159.9	9619	1	366	0	0	1
149188	14507.8	17932.3	18.4	0	188.5	9646	1	600	0	0	1
149297	14366.9	17799.6	27.2	0	136.3	9653	1	138	0	0	1
149348	14297.7	17805.4	29.2	0	127.3	9655	1	123	0	0	1
149352	14401.8	17807.5	12.6	0	160	9656	1	601	0	0	1
149444	14650	17763.4	21.5	0	181.7	9662	1	526	0	0	1
149911	14454.2	17738.8	12.3	0	146.4	9694	1	576	0	0	1
150034	14013.7	17676.7	28.2	0	155.6	9701	1	236	0	0	1
150056	14057.4	17635.2	10.7	0	158.4	9702	1	682	0	0	1
150558	14321.3	18174.3	28.1	0	126.5	9735	1	129	0	0	1
150562	14289.2	18185.7	9.4	0	142.8	9736	1	818	0	0	1
150979	14824.7	17653.9	14.4	0	153.4	9765	1	773	0	0	1
151026	14055.3	17922.6	24.5	0	162.1	9768	1	252	0	0	1
151125	14457.2	17751.7	12.1	0	161.1	9775	1	606	0	0	1
152017	14454	17722.6	39.7	0	126.9	9836	1	127	0	0	1
152086	14471.4	17640	31	0	181.7	9842	1	257	0	0	1
152175	14434.4	17747.1	13.3	0	162.5	9847	1	599	0	0	1
152191	14440.1	17723.9	16.2	0	154.4	9848	1	383	0	0	1
152319	14188.7	17810	13.3	0	162.3	9858	1	784	0	0	1
152483	14511	17633.8	15	0	196.3	9870	1	1003	0	0	1
152552	14184.8	17889.9	11.3	0	176.1	9875	1	1275	0	0	1
152644	14445.6	17755.1	16.1	0	137.8	9882	1	344	0	0	1
152660	14495.1	17746.8	10.6	0	164.3	9883	1	866	0	0	1
152905	14218.3	17866.7	15.5	0	153.8	9900	1	554	0	0	1
153515	14412.1	18239.3	9.7	0	168.8	9943	1	1360	0	0	1
153533	14678.8	17648.2	17.3	0	174.9	9945	1	502	0	0	1
153627	14197.7	17822.7	16.3	0	145.4	9950	1	394	0	0	1
153838	14459.7	17755.1	21.6	0	137.3	9965	1	238	0	0	1
153921	14667	17711.2	9.5	0	160	9971	1	883	0	0	1
154097	14504.7	17786.7	13.6	0	195.1	9984	1	1084	0	0	1
154107	14231.3	17842.8	10	0	154.1	9985	1	1090	0	0	1
154233	14213.1	17777.9	25.6	0	146.5	9993	1	190	0	0	1
154296	14249.5	17812.8	26.7	0	167.4	9997	1	226	0	0	1
154421	14194.6	17844.1	22.8	0	170.5	10005	1	282	0	0	1
154475	14297.5	17787.6	16.3	0	175.1	10008	1	548	0	0	1
154481	14399.1	17759.3	13.1	0	166	10009	1	683	0	0	1
154505	14226.1	17846	26.2	0	170.1	10011	1	278	0	0	1
154564	14214.8	17830.7	25.4	0	162.6	10015	1	266	0	0	1
154865	14215.4	17843.8	9.4	0	163.3	10034	1	1004	0	0	1
154905	14205.8	17821.9	9.3	0	165.5	10037	1	921	0	0	1
154973	14223.6	17818.2	10.1	0	161.4	10043	1	1247	0	0	1
155159	14232.8	17840.3	18.6	0	146.2	10055	1	286	0	0	1
155490	14638.5	17722.4	13	0	162.8	10076	1	618	0	0	1
155678	14538	18185.9	34.6	0	147.7	10088	1	160	0	0	1
155747	14177.9	17799.2	9.1	0	160.5	10093	1	1009	0	0	1
155801	14792.3	18063	12.6	0	151.6	10097	1	575	0	0	1
155845	14313.4	18035.8	18.9	0	161.9	10100	1	369	0	0	1
155989	14446.3	17752.6	15.5	0	150.1	10108	1	402	0	0	1
156661	14612.1	17711.2	13.2	0	155.5	10158	1	520	0	0	1
156802	14258.4	17861	12.3	0	146.1	10166	1	600	0	0	1
156890	14473	17772	19.4	0	163	10172	1	333	0	0	1
157097	14152.4	17917.4	6.7	0	163.8	10185	1	1811	0	0	1
157216	14462.3	17749.7	16.2	0	141.4	10194	1	431	0	0	1
157530	14197.5	17808.9	15.3	0	144.1	10215	1	446	0	0	1
157560	14502.4	18214.7	12.8	0	152.9	10217	1	848	0	0	1
157621	14213	17820.4	20.2	0	174.1	10220	1	447	0	0	1
157849	14231.5	17801.5	10.2	0	144.4	10234	1	683	0	0	1
157934	14662.9	17728.5	12.3	0	167	10239	1	748	0	0	1
158075	14234.2	17819.5	11.3	0	170.4	10249	1	730	0	0	1
158184	14043.3	17655.2	12.2	0	146.5	10257	1	553	0	0	1
158586	14234.7	17887.2	11.9	0	144.2	10283	1	469	0	0	1
158601	14517.4	17722.5	27.1	0	189.3	10285	1	477	0	0	1
158871	14196.4	17859	13.9	0	152.7	10303	1	496	0	0	1
159491	14509.9	18195.9	12.1	0	153.6	10345	1	832	0	0	1
159898	14490.6	17737.8	9.6	0	152.9	10370	1	840	0	0	1
159994	14492	18208.3	11	0	147	10377	1	636	0	0	1
160019	14507.2	18241	19	0	134.2	10378	1	207	0	0	1
160344	14081.4	17853.5	29	0	159.5	10401	1	186	0	0	1
160593	14061.5	17461.7	16.4	0	185.7	10417	1	677	0	0	1
160744	14430.7	17716.6	17	0	149.7	10427	1	376	0	0	1
160967	14433.1	17741.4	11.9	0	149.2	10442	1	583	0	0	1
161515	14453.2	17750.6	13.2	0	147.3	10481	1	529	0	0	1
161652	14284.9	18190.7	11.1	0	155.1	10489	1	681	0	0	1
161657	14311.3	18194.4	27.3	0	148.5	10490	1	181	0	0	1
161674	14588.6	17752.9	24.6	0	152.1	10491	1	213	0	0	1
161823	14601.2	17741.4	15.7	0	153.6	10502	1	379	0	0	1
162295	14755.7	18132	20.5	0	158.4	10537	1	280	0	0	1
162892	14799.7	17444.2	27.9	0	170.2	10576	1	265	0	0	1
163055	14370.3	17794.6	19.1	0	157.2	10587	1	306	0	0	1
163162	14197.3	17844.4	18.8	0	151.8	10594	1	280	0	0	1
163250	14033.2	17629.2	12.3	0	158.6	10601	1	627	0	0	1
163377	14459.2	17746.1	20.7	0	155	10609	1	291	0	0	1
163711	14848.6	17651.7	19.7	0	165.7	10633	1	405	0	0	1
163914	14229.5	17803.6	32.2	0	148.8	10647	1	189	0	0	1
163947	14206.8	17891.4	25	0	173.5	10649	1	249	0	0	1
164002	14198.6	17848	29.9	0	164.4	10653	1	247	0	0	1
164023	14224.2	17912.1	27.1	0	181.4	10654	1	271	0	0	1
164030	14282.3	17892.1	36.8	0	167.3	10655	1	189	0	0	1
164044	14217.8	17862.7	28.3	0	157.6	10656	1	228	0	0	1
164067	14230.5	17846.4	17.6	0	153.1	10657	1	367	0	0	1
164179	14234.7	17867.6	20.4	0	164.9	10663	1	266	0	0	1
164331	14224.5	17875.7	23.4	0	145.8	10674	1	198	0	0	1
164391	14220.9	17815.8	29.7	0	165.1	10677	1	217	0	0	1
164405	14229.6	17837.5	28.2	0	154.8	10678	1	211	0	0	1
164428	14239.2	17864.7	27.4	0	147.4	10679	1	180	0	0	1
164442	14196.9	17813.6	22.9	0	188.4	10681	1	355	0	0	1
164566	14218.4	17817.5	27.4	0	143.7	10691	1	191	0	0	1
164590	14238.4	17841.2	28.2	0	159.1	10692	1	246	0	0	1
164628	14165.3	17827.8	30.9	0	158.6	10694	1	273	0	0	1
164646	14190.4	17879.4	27.3	0	161.6	10695	1	228	0	0	1
164680	14179.2	17857.9	26.9	0	144	10697	1	182	0	0	1
164706	14132.1	17912.1	13.2	0	186.8	10699	1	736	0	0	1
164719	14135.7	17891.1	17.1	0	173.4	10700	1	492	0	0	1
164735	14184.4	17871.7	24.5	0	151.4	10701	1	187	0	0	1
164855	14241.8	17838.9	22.7	0	134.2	10709	1	184	0	0	1
164865	14222	17825.1	34.4	0	148.9	10710	1	179	0	0	1
164937	14215	17848.3	22.4	0	145.9	10715	1	214	0	0	1
164947	14263.7	17817.3	23.8	0	164.8	10716	1	269	0	0	1
164987	14388	17754.6	11.7	0	159.7	10719	1	704	0	0	1
165001	14326.5	17792	10	0	173.2	10720	1	976	0	0	1
165026	14185.1	17825.4	24.9	0	154.1	10721	1	244	0	0	1
165076	14220.9	17816.8	21.4	0	153	10724	1	229	0	0	1
165101	14174.5	17863.1	29.4	0	155.1	10726	1	204	0	0	1
165186	14227.5	17844.9	22.5	0	164.8	10732	1	234	0	0	1
165258	14211.4	17875	25.8	0	149.4	10737	1	213	0	0	1
165337	14211.2	17850.2	27.1	0	168.7	10742	1	217	0	0	1
165398	14196.8	17875.1	19.7	0	142	10748	1	232	0	0	1
165443	14220	17846.1	27.3	0	149.6	10752	1	202	0	0	1
165453	14212.2	17867.2	22.9	0	162.6	10753	1	249	0	0	1
165505	14058.5	17643.6	21.5	0	144.9	10755	1	248	0	0	1
165541	14078.8	17934.1	16.1	0	176.9	10757	1	435	0	0	1
165663	14636	17714.3	15.1	0	157.5	10766	1	557	0	0	1
165777	14841.3	17645.4	12.9	0	151.3	10773	1	548	0	0	1
165949	14531.4	18240.2	9.2	0	154.3	10785	1	816	0	0	1
166026	14518.6	17736.9	11.8	0	156.4	10790	1	707	0	0	1
166050	14547.4	17737.9	11.1	0	175.7	10791	1	823	0	0	1
166070	14600.5	17466.7	13.9	0	175.4	10793	1	543	0	0	1
166106	14570	17473.3	26	0	177.7	10795	1	225	0	0	1
166253	14068.1	17640.5	11.3	0	150.8	10805	1	573	0	0	1
166580	14485.6	17290	19.9	0	142.7	10827	1	254	0	0	1
166863	14451.2	17657.9	18.1	0	144.7	10848	1	333	0	0	1
167119	14692.5	17714.2	25	0	126.9	10865	1	135	0	0	1
167135	14688.8	17758.7	19.5	0	154.7	10866	1	266	0	0	1
167171	14216.8	17852.4	8.7	0	150.7	10869	1	957	0	0	1
167335	14176.7	17806.4	22.8	0	157.3	10881	1	201	0	0	1
167353	14176.5	17832.1	24.8	0	165.1	10882	1	254	0	0	1
167377	14215.2	17840.8	20.3	0	146.1	10883	1	218	0	0	1
167400	14291.6	17824.7	14.6	0	171	10885	1	516	0	0	1
167426	14299.9	17805.8	14.9	0	199.8	10886	1	823	0	0	1
167583	14217.7	17841	4.4	0	146.4	10899	1	2659	0	0	1
167613	14360.5	17729.7	12.6	0	170.1	10901	1	583	0	0	1
167643	14280.7	17820.5	6.5	0	166.4	10903	1	1936	0	0	1
167665	14327.1	17852.9	11.9	0	173.8	10904	1	783	0	0	1
167683	14220.9	17876.4	25.6	0	163.6	10905	1	282	0	0	1
167695	14187.9	17824.2	29.2	0	143	10906	1	168	0	0	1
167744	14212.4	17861.1	25.5	0	152.8	10910	1	229	0	0	1
167818	14219	17812.2	30.1	0	171.9	10915	1	258	0	0	1
167859	14240.5	17848.8	29	0	139.9	10919	1	180	0	0	1
167950	14208.6	17849.1	21	0	141.4	10927	1	225	0	0	1
167976	14055	17655.8	7.7	0	154.2	10928	1	1180	0	0	1
168036	14225.7	17851.7	27.2	0	157	10931	1	202	0	0	1
168155	14215	17861.6	25.2	0	151.7	10939	1	191	0	0	1
168196	14254.6	17855	23.8	0	154.5	10942	1	221	0	0	1
168312	14188.1	17809.6	11	0	170.2	10948	1	838	0	0	1
168332	14256.5	17836.1	25.5	0	144	10949	1	201	0	0	1
168383	14250.2	17853.9	6.9	0	164.4	10953	1	2088	0	0	1
168412	14178.5	17835.9	24.8	0	137.2	10956	1	193	0	0	1
168424	14218.4	17813.5	26.2	0	158.2	10957	1	226	0	0	1
168511	14205.5	17832.7	21.2	0	153.9	10962	1	214	0	0	1
168590	14414.7	17751.1	8.4	0	159.7	10967	1	1032	0	0	1
168651	14224.2	17809.3	33.4	0	154.3	10971	1	177	0	0	1
168691	14236.5	17780	30.1	0	171.8	10975	1	238	0	0	1
168782	14209.5	17892.9	31.9	0	148.6	10980	1	210	0	0	1
168822	14206.2	17823.1	25.4	0	156.2	10983	1	185	0	0	1
168878	14251.4	17813.5	35.3	0	162.1	10986	1	218	0	0	1
168889	14374.6	17768.2	12.6	0	170.1	10987	1	707	0	0	1
168903	14315.2	17799.6	24.9	0	188.9	10988	1	421	0	0	1
168915	14225.4	17823.4	23.8	0	161.9	10989	1	220	0	0	1
168983	14181.3	17833.3	20.6	0	161.9	10993	1	258	0	0	1
169008	14236.8	17825.3	21.9	0	144.5	10996	1	205	0	0	1
169132	14190.7	17849.4	31.2	0	173.2	11005	1	252	0	0	1
169199	14206.2	17792.3	24.4	0	151.1	11009	1	199	0	0	1
169243	14216.7	17864.8	20.4	0	130.4	11013	1	183	0	0	1
169269	14233.8	17841	26.4	0	161.6	11014	1	240	0	0	1
169279	14378.8	17782.6	15.5	0	170.7	11015	1	448	0	0	1
169303	14200.4	17836.5	20.5	0	137	11016	1	169	0	0	1
169329	14224.6	17869.5	23.7	0	134.2	11018	1	174	0	0	1
169381	14194.2	17860.6	25.1	0	149.8	11021	1	180	0	0	1
169393	14211.2	17829.5	25.7	0	163	11022	1	237	0	0	1
169421	14375.3	17779.1	15.7	0	150.8	11024	1	396	0	0	1
169434	14410.1	17748.4	8.8	0	157.6	11025	1	910	0	0	1
169466	14174.2	17837.4	35.1	0	144.4	11027	1	149	0	0	1
169488	14214.3	17832.3	21.2	0	133.1	11029	1	205	0	0	1
169527	14225.5	17779.7	32.8	0	156.6	11031	1	190	0	0	1
169638	14175.1	17842.3	25.8	0	145.9	11038	1	176	0	0	1
169706	14239.9	17875.5	20.2	0	133.1	11043	1	203	0	0	1
169794	14195.9	17858.5	21.8	0	157.9	11048	1	219	0	0	1
169824	14243.2	17938.7	25.5	0	180.2	11050	1	339	0	0	1
169878	14197.9	17812.3	28.9	0	162.8	11055	1	216	0	0	1
169896	14221.4	17846	21.1	0	135.7	11056	1	178	0	0	1
169947	14230.2	17819.8	20.6	0	142.9	11059	1	210	0	0	1
170013	14182.9	17806.8	24.3	0	145.3	11065	1	199	0	0	1
170045	14233.5	17826.8	27.6	0	146.4	11067	1	202	0	0	1
170096	14851.2	17668	11.5	0	156.8	11071	1	787	0	0	1
170155	14213.6	17832.6	24.4	0	160.9	11074	1	266	0	0	1
170167	14191.1	17816.8	24.6	0	170.1	11075	1	251	0	0	1
170194	14222.4	17850.8	27.7	0	142	11077	1	207	0	0	1
170199	14236.8	17826.4	32.3	0	138.6	11078	1	176	0	0	1
170239	14356.2	17792.5	14.9	0	164.8	11081	1	501	0	0	1
170278	14259.6	17824.5	26.4	0	153.4	11084	1	254	0	0	1
170304	14604.4	17733.9	24.3	0	184.2	11085	1	531	0	0	1
170328	14577	17723.1	26.2	0	180.8	11087	1	420	0	0	1
170347	14177.1	17855.3	26.5	0	156.9	11088	1	201	0	0	1
170354	14198.2	17811.7	36.5	0	156.1	11089	1	222	0	0	1
170437	14204.5	17873.7	11.9	0	156.4	11094	1	827	0	0	1
170459	14226.1	17873.2	25.5	0	168.6	11095	1	233	0	0	1
170498	14226.7	17841.8	23.9	0	136.6	11098	1	174	0	0	1
170539	14226.1	17824.7	24.2	0	172.9	11101	1	324	0	0	1
170561	14309.6	17974.4	7.4	0	166	11103	1	1460	0	0	1
170584	14218.5	17827.5	28.3	0	150.7	11105	1	210	0	0	1
170659	14199.2	17835.8	24.3	0	133.7	11111	1	188	0	0	1
170835	14220.4	17791.8	28.4	0	142.2	11122	1	165	0	0	1
170854	14236.5	17830.1	24.5	0	157.9	11123	1	211	0	0	1
170878	14202.3	17818.8	25	0	148.5	11125	1	177	0	0	1
170913	14252.2	17888.1	31.5	0	143.9	11127	1	203	0	0	1
170929	14228	17857.3	25	0	158.8	11129	1	257	0	0	1
170947	14258.9	17818	20.9	0	147.2	11130	1	267	0	0	1
171062	14220.3	17820.3	31.1	0	152.7	11137	1	204	0	0	1
171075	14195.2	17827.5	22.9	0	148.9	11138	1	225	0	0	1
171082	14230.7	17837.6	23.2	0	167.2	11139	1	246	0	0	1
171096	14294.7	17814.2	26.3	0	194.3	11140	1	546	0	0	1
171128	14214.1	17849.6	23.6	0	145.6	11142	1	221	0	0	1
171195	14218.8	17867.8	22.9	0	145.1	11147	1	206	0	0	1
171238	14234	17820.6	24.4	0	149.3	11151	1	190	0	0	1
171278	14314.9	17817.5	16.6	0	172.1	11154	1	537	0	0	1
171310	14237.7	17865	26.9	0	159.8	11156	1	225	0	0	1
171351	14264.4	17846.4	28.2	0	138.3	11158	1	171	0	0	1
171430	14073.8	17925.9	15.4	0	163.6	11164	1	402	0	0	1
171798	14397.3	17739	11.3	0	161	11189	1	887	0	0	1
171926	14660.3	17715.4	23.8	0	177.9	11199	1	410	0	0	1
172045	14350	18012.9	29.7	0	170.2	11207	1	241	0	0	1
172074	14653.6	17731.2	12.9	0	155.5	11209	1	684	0	0	1
172357	14649.7	17680.3	26	0	186.4	11230	1	366	0	0	1
172454	14793.8	17413.3	28.9	0	172.4	11237	1	236	0	0	1
172466	14813	17420.3	25.2	0	176	11238	1	403	0	0	1
172636	14637	17648.1	28.3	0	184.8	11251	1	339	0	0	1
172829	14401.4	17741.5	12.5	0	163.1	11266	1	583	0	0	1
172845	14446.2	17745.3	11.7	0	161.6	11267	1	649	0	0	1
172862	14631.7	17703.7	25.9	0	153.9	11269	1	194	0	0	1
173144	14274.4	18049.1	14	0	180.6	11291	1	609	0	0	1
173150	14296.1	18049.5	15.9	0	190	11292	1	640	0	0	1
173817	14423.5	18204.3	14.5	0	154.4	11338	1	488	0	0	1
173997	14483.3	17724.7	15.7	0	139.4	11352	1	307	0	0	1
174276	14690.3	17744	18.8	0	164.7	11374	1	294	0	0	1
174406	14591.5	17737.8	11.8	0	169.6	11385	1	703	0	0	1
174422	14546.7	17753.2	35.1	0	134.3	11386	1	142	0	0	1
174478	14195.6	17821.6	22.3	0	166.7	11390	1	295	0	0	1
174603	14398.8	17760.3	22.6	0	140.5	11400	1	200	0	0	1
174649	14419.5	17760.3	22.5	0	156	11403	1	265	0	0	1
174744	14198.5	17862.2	16.4	0	155.6	11409	1	480	0	0	1
174826	14811.2	17715.1	30	0	166.5	11414	1	203	0	0	1
174898	14725.1	17711.9	15.7	0	193	11419	1	845	0	0	1
174983	14816	17735.9	42.8	0	164.2	11425	1	178	0	0	1
175213	14630.6	17759.4	19.7	0	165.1	11443	1	444	0	0	1
175519	14053.1	17944.1	13.7	0	175.1	11465	1	812	0	0	1
175681	14278.1	18061.5	11.6	0	180.6	11477	1	946	0	0	1
175750	14169.8	18008.9	15.9	0	189.1	11482	1	610	0	0	1
175836	14836.3	17456.8	8.6	0	178.3	11488	1	1339	0	0	1
175844	14815.8	17444.8	9.8	0	183.6	11489	1	1236	0	0	1
175879	14445.9	17724.7	24.1	0	143.8	11492	1	171	0	0	1
175897	14466	17724.4	7.4	0	142.7	11493	1	961	0	0	1
175907	14467.8	17695.6	18.5	0	139.9	11494	1	246	0	0	1
176248	14380.4	17794.1	21.4	0	146.9	11519	1	262	0	0	1
176887	14426	17709.7	9.8	0	145.9	11567	1	668	0	0	1
177151	14219.4	17867.6	7.3	0	149.7	11585	1	1070	0	0	1
177691	14069.2	17923.3	22.3	0	199.4	11626	1	372	0	0	1
178075	14643.9	17703.7	17.3	0	172.5	11653	1	449	0	0	1
178430	14394.2	17809.1	20.1	0	134.1	11679	1	255	0	0	1
178482	14806.6	17825.4	20.7	0	183	11682	1	315	0	0	1
178498	14780.2	17832.6	20.7	0	183.7	11683	1	390	0	0	1
179143	14427.5	17744	25	0	135.5	11733	1	157	0	0	1
179160	14174.1	17847.2	28.8	0	157	11734	1	192	0	0	1
179166	14187	17811.5	24.9	0	164.5	11735	1	236	0	0	1
179290	14412.8	18192.3	13.2	0	142.4	11744	1	448	0	0	1
179322	14199.4	17810.8	23.3	0	150.8	11746	1	251	0	0	1
179400	14462.9	17734.2	11	0	165.2	11752	1	778	0	0	1
179439	14633.4	17697.6	13.9	0	166.9	11754	1	599	0	0	1
179483	14619.2	17737.8	8.2	0	167.4	11757	1	1191	0	0	1
179559	14839	17637.2	9	0	143.9	11762	1	782	0	0	1
179909	14432	17691.8	13.6	0	152.3	11788	1	436	0	0	1
179983	14612	17761.5	26	0	167.4	11794	1	231	0	0	1
180134	14450.8	17748.5	14.3	0	153.1	11805	1	431	0	0	1
180264	14047.2	17663.1	15.4	0	156.5	11814	1	429	0	0	1
180278	14042.9	17640.6	26.1	0	141.3	11815	1	167	0	0	1
180475	14635.7	17717	26.4	0	165.4	11828	1	231	0	0	1
180743	14430.9	18220	5.6	0	143.8	11850	1	1820	0	0	1
180996	14053.8	17920.6	12.4	0	145	11869	1	620	0	0	1
181005	14057.5	17942.3	12.2	0	161	11870	1	593	0	0	1
181391	14519.2	17994.3	32.4	0	193.1	11897	1	320	0	0	1
181405	14544	17975.7	14.3	0	166.5	11898	1	448	0	0	1
181464	14425.7	17765.9	8	0	148.1	11903	1	943	0	0	1
181480	14379.5	17787.8	16.3	0	144.6	11904	1	399	0	0	1
181925	14140.4	17733.3	21.8	0	147.8	11942	1	292	0	0	1
182038	14737.2	18120.6	13.8	0	144.9	11950	1	493	0	0	1
182059	14431.9	17691	8.4	0	152.2	11951	1	1025	0	0	1
182668	14081.9	17919.9	23.3	0	172.8	11997	1	301	0	0	1
182798	14669.7	17741.7	8.4	0	146.1	11	3	1871	0	0	1
182893	14658.3	17753.1	10	0	147.1	26	2	1364	0	0	1
182907	14667.9	17734.5	6.6	0	155.8	28	3	2467	0	0	1
182947	14648	17761.8	10.2	0	171.2	34	2	1488	0	0	1
182962	14661.9	17731	7.9	0	161.8	36	2	1434	0	0	1
183002	14661.6	17733.2	5.5	0	149.8	45	2	3119	0	0	1
183114	14800.7	18045.9	3.8	0	166.6	63	4	20752	0	1	1
183206	14641.5	17735.4	3.9	0	149.6	79	2	3989	0	0	1
183236	14612.4	17747.2	7.3	0	157.3	83	2	1732	0	1	1
183253	14647.9	17751.2	4.7	0	158.1	86	2	3657	0	0	1
183271	14677.7	17721	3.8	0	158	88	6	6332	0	1	1
183343	14670.6	17714.1	8.3	0	157.3	101	2	1367	0	2	1
183386	14678.7	17725	3.9	0	156.4	109	8	6572	0	4	1
183545	14669.3	17721.2	5.5	0	150.3	138	5	3898	0	0	1
183577	14680.9	17737.7	4	0	147	143	2	2903	0	0	1
184076	14474.5	17748.6	3.6	0	147.1	235	2	2830	0	0	1
184172	14220.8	17886.3	5.6	0	128.6	251	5	2170	0	1	1
184693	14461.2	17759.6	2.9	0	146.9	358	2	4295	0	0	1
184841	14218.4	17887	7.1	0	138.5	387	2	1519	0	0	1
185272	14069.4	17937	8.9	0	151.3	466	2	1106	0	0	1
185804	14421.2	17743.2	8.4	0	152.2	568	2	1333	0	0	1
186809	14686.2	17762.3	9.1	0	158.2	772	2	1075	0	0	1
187270	14603.2	17728.3	4	0	155.8	874	5	7842	0	0	1
187323	14516.2	17632.9	4.7	0	160.9	886	3	4420	0	0	1
187409	14514.7	17646.3	4.8	0	158.5	905	3	2848	0	0	1
187730	14204.2	17890.3	6.5	0	147.8	972	2	1495	0	0	1
187854	14200.4	17789.3	4.8	0	144.2	1001	4	4054	0	0	1
187990	14495.9	17271.1	4	0	144.7	1029	2	4682	0	0	1
188228	14372.2	17799.5	12.6	0	145.2	1081	2	484	0	0	1
189612	14137	17749.1	4.3	0	146.9	1370	5	3516	0	0	1
189745	14414.1	17740.5	4	0	146.8	1401	3	3137	0	0	1
190532	14441.1	17762.8	2.8	0	143.5	1559	3	6397	0	0	1
190872	14041.5	17644.6	5.9	0	149.6	1629	3	2742	0	0	1
191124	14828	17471	7.5	0	183.1	1693	3	1771	0	3	1
191151	14087.1	17958.8	11.2	0	135.9	1699	2	480	0	0	1
191162	14078.6	17926.8	11.8	0	149.4	1701	4	1029	0	2	1
192119	14622.1	17763.5	3.2	0	152.8	1915	7	6295	0	1	1
192489	14460.2	17747.9	2.6	0	152.5	1996	2	6014	0	0	1
193328	14631.8	17773.3	6.4	0	151.6	2188	3	1629	0	0	1
193460	14422.6	18160.4	13.7	0	176.7	2223	2	582	0	0	1
193751	14604.5	17731.7	3	0	153.6	2284	2	3958	0	0	1
194121	14475.2	17739.6	4.1	0	149.2	2352	3	9771	0	0	1
194218	14381.8	17774.3	6.9	0	143	2366	2	1129	0	0	1
194672	14456.4	17762.5	4.4	0	152.2	2434	2	2679	0	0	1
194732	14256.3	18135.3	5.4	0	176.8	2443	2	2465	0	0	1
194840	14264	18123.8	5	0	176.8	2459	2	2470	0	0	1
194967	14450.7	17750.7	5.7	0	141.5	2476	3	2108	0	1	1
195118	14485	17760.8	8.1	0	156.5	2500	2	990	0	0	1
195269	14229	17846.4	3.5	0	146.5	2522	4	10469	0	0	1
195297	14280.8	17830.7	5.1	0	150.4	2526	3	3512	0	0	1
195361	14022	17625	9.7	0	163.4	2535	2	1152	0	0	1
195801	14842.3	17459.8	6.9	0	190.4	2603	4	2819	0	0	1
195832	14261.8	18107	5.5	0	176.4	2609	2	3283	0	0	1
196128	14274.9	17825.2	8.2	0	153	2653	2	1609	0	0	1
196266	14639.2	17720	9.3	0	150	2675	2	1639	0	0	1
196399	14038.2	17662	3.6	0	150.5	2695	4	9792	0	0	1
196458	14837.8	17883.6	9.3	0	155.4	2704	2	875	0	0	1
196555	14820	18065.7	6	0	153.1	2720	2	3172	0	0	1
197040	14642.6	17691.1	3.5	0	148.8	2793	8	5476	0	4	1
197492	14846.7	17442.4	6.5	0	186.8	2863	4	3456	0	3	1
197998	14754.8	18071.1	5.7	0	149.2	2947	2	1793	0	0	1
198112	14410	17745.8	10.3	0	158.3	2966	2	1312	0	0	1
198247	14457.8	17745.7	7.9	0	155.6	2991	2	1814	0	0	1
198256	14472.5	17744.9	3	0	155.7	2993	5	19172	0	0	1
198377	14441.4	17752.3	7.3	0	151.3	3016	2	1357	0	0	1
198617	14515.2	18208	5	0	150.9	3055	5	5485	0	1	1
198730	14307.5	17817.5	6.1	0	143.8	3072	4	2063	0	0	1
198783	14624.6	17749.4	8.7	0	180.9	3080	2	1640	0	0	1
199013	14225.8	17850.6	8.4	0	144.6	3126	2	1455	0	0	1
199046	14228.4	17844.7	6.3	0	142.9	3132	2	1284	0	0	1
199105	14223.3	17841.4	4.6	0	145.7	3144	4	3469	0	0	1
199224	14215	17842.7	5.8	0	149.9	3166	3	2072	0	0	1
199274	14219.1	17843.1	5.5	0	145.3	3173	5	2617	0	3	1
199281	14238.8	17849.4	14	0	137.3	3174	2	402	0	0	1
199340	14209.5	17845.6	6.6	0	147	3186	3	3605	0	2	1
199366	14387.7	17791.5	7.6	0	185.3	3191	2	4221	0	0	1
199481	14224.3	17846.2	3.1	0	147.4	3211	3	7361	0	0	1
199681	14492.9	17751.4	4.1	0	140	3244	2	3107	0	0	1
199714	14842.7	17666.5	7.2	0	133.9	3250	3	1383	0	1	1
199787	14439	17738.2	6	0	141.2	3264	3	1687	0	0	1
199826	14514.1	17626.8	3.8	0	122	3272	8	3776	0	2	1
199953	14295.8	18057.4	7.2	0	176.2	3294	2	1481	0	0	1
200057	14436.4	17752.7	6.2	0	146.1	3311	2	1460	0	0	1
200199	14422.9	17752.1	3.1	0	152.1	3336	4	13568	0	0	1
200239	14607.8	17723.4	2.6	0	156.9	3343	9	18032	0	3	1
200319	14615.4	17736.4	3.6	0	155	3356	3	6764	0	0	1
200359	14415	17734.4	6.3	0	152.7	3363	2	1611	0	0	1
200436	14602.5	17738.5	5.2	0	156.3	3378	2	1775	0	0	1
200548	14599.6	17769.7	9.7	0	137.5	3400	2	691	0	0	1
200567	14056.5	17936.6	6.5	0	140.1	3404	2	1750	0	0	1
200733	14378.7	17640.3	3.8	0	138.8	3432	2	2668	0	0	1
200827	14834.2	17436	8.8	0	179.7	3451	3	1324	0	2	1
201069	14446.9	17761.7	5.4	0	145.8	3487	2	2496	0	2	1
201135	14042.7	17641.9	5.2	0	148.5	3497	3	2915	0	0	1
202025	14656.2	17746.8	8.1	0	142.2	3666	2	1110	0	0	1
202043	14311.3	18034.7	8.8	0	186.9	3669	2	1186	0	0	1
202052	14403.2	17626.3	7.7	0	152	3672	2	2276	0	0	1
202294	14820.1	18063.3	3.4	0	148	3718	3	3872	0	0	1
202600	14406	17637.1	7.1	0	143.6	3773	3	1466	0	0	1
202612	14420.9	17631.4	6.4	0	142.6	3776	2	1090	0	0	1
202633	14211.1	17854.5	5.1	0	142.6	3780	4	2220	0	1	1
203404	14426.7	17754	6.4	0	162.1	3924	2	4786	0	0	1
203434	14296	17997.2	6	0	185.5	3932	3	4538	0	0	1
203620	14445.9	17747.9	8.5	0	141	3966	2	825	0	0	1
203702	14441.9	17741.1	5.2	0	152.2	3980	2	2188	0	0	1
203972	14444.3	17751.2	9.6	0	147.1	4035	2	812	0	0	1
204317	14432	17745.6	8.3	0	145.4	4102	2	1075	0	0	1
204665	14437.6	17731.7	5.1	0	153.4	4172	4	2590	0	0	1
204719	14069.4	17935	7.5	0	159.3	4183	2	1204	0	2	1
204758	14631.8	17725.6	11.1	0	148.6	4190	2	672	0	0	1
205028	14413.8	17722.1	10.8	0	161.9	4237	2	711	0	1	1
205087	14446.9	17754.9	4.9	0	149.1	4249	2	1783	0	0	1
205326	14065	17929.6	6.9	0	146.1	4295	2	1759	0	0	1
205412	14318.7	17820.5	9.6	0	142.3	4314	2	992	0	1	1
205470	14609.5	17733.4	3.5	0	154.9	4325	5	11514	0	0	1
205507	14062.2	17961.4	11.8	0	148.1	4331	2	606	0	0	1
205536	14052.1	17951.7	6.9	0	162.7	4340	2	1998	0	0	1
205596	14430.3	17648	5.4	0	144.6	4350	2	1686	0	0	1
205678	14444.3	17739.1	6.8	0	159.3	4368	2	1377	0	0	1
205689	14428.1	17772.5	6.5	0	155.7	4371	2	2528	0	0	1
206282	14395.9	17761.7	8.7	0	158.9	4483	2	1013	0	0	1
206379	14440.7	17748.8	6.3	0	141.5	4506	3	1528	0	0	1
206426	14435.1	17741.1	6	0	153	4516	3	1931	0	1	1
206792	14059.7	17937.8	2.8	0	152.6	4594	2	4483	0	0	1
206898	14366.8	17632.3	3.2	0	149.4	4616	2	4419	0	0	1
207159	14808.4	18064	6.6	0	145	4670	2	2033	0	0	1
207249	14839.6	17643.7	7.8	0	153	4688	2	1234	0	0	1
207400	14492	17761.6	8.4	0	147.3	4723	3	1607	0	0	1
207419	14440.6	17750.8	4.9	0	144.8	4728	4	2483	0	0	1
207488	14457.7	17756.7	4.1	0	141.7	4743	3	5304	0	0	1
207547	14067.2	17954.6	4.2	0	163	4753	2	2552	0	0	1
207798	14446.7	17761.5	6	0	142	4802	2	1769	0	0	1
208454	14222.4	17888.3	6.4	0	135.5	4940	2	1071	0	0	1
208534	14425.7	17693.8	6.8	0	149.4	4961	3	1589	0	1	1
208549	14034.4	17656.6	7.4	0	153.4	4965	2	1509	0	0	1
208761	14135.7	17761.4	4.6	0	140.7	5008	4	2250	0	1	1
209193	14613.8	17735.5	3.9	0	156.1	5098	2	3361	0	0	1
209375	14402.7	17746.3	3.9	0	160.3	5137	4	3377	0	0	1
209391	14616.4	17743.1	5.6	0	160.7	5141	2	3213	0	0	1
209830	14404.4	17686.5	7.6	0	141.6	5236	2	1060	0	0	1
209839	14054.8	17658.8	4.9	0	149.4	5238	4	6120	0	0	1
209904	14681.5	17771.1	9.9	0	151.3	5249	2	845	0	0	1
210135	14486.3	17756.7	5	0	147.2	5304	3	2629	0	0	1
210188	14749.5	18142.5	6.5	0	150.2	5313	2	1325	0	0	1
210549	14454.9	17747.5	5.5	0	151.1	5388	5	3531	0	0	1
210605	14433.3	17741.9	4.5	0	153.6	5400	5	6154	0	0	1
210623	14454.3	17729.8	5.8	0	148.8	5405	4	4693	0	1	1
211108	14627.5	17724.4	7.6	0	157.9	5511	2	1083	0	0	1
211118	14220.5	17877.3	5.5	0	140.4	5513	3	1806	0	0	1
211356	14459	17793.8	9.5	0	148.8	5558	2	681	0	0	1
211447	14811.6	17434.1	11.9	0	181	5575	2	911	0	0	1
211569	14406.8	17750	8.9	0	161.6	5604	2	759	0	0	1
211683	14437.4	17736.6	8	0	152	5627	2	1125	0	0	1
211892	14401	17744.7	4.4	0	149.9	5673	2	3066	0	0	1
212120	14071.4	17957.7	5	0	170.8	5717	2	2424	0	0	1
212209	14127.1	17754.5	6.6	0	153.6	5734	2	1300	0	0	1
212244	14843.8	17673.9	5.9	0	157.4	5741	2	1397	0	0	1
212257	14851.4	17665.2	7.7	0	150.1	5746	3	1892	0	1	1
212288	14603.3	17756.8	7.8	0	156.4	5752	3	1117	0	1	1
212303	14621.8	17776	7.8	0	158.4	5753	4	1280	0	2	1
212424	14213.8	17850.6	6.4	0	139.2	5781	3	2695	0	0	1
212855	14813.5	17439.8	9.2	0	171.7	5862	3	1269	0	0	1
212974	14410.3	17734.8	6.7	0	168.4	5885	3	1576	0	0	1
213106	14062.9	17962.1	6.2	0	162.2	5911	4	2421	0	1	1
213464	14515.1	18224	7.3	0	140.6	5977	2	1235	0	0	1
213521	14597.3	17745.3	9.7	0	152.7	5987	3	1084	0	0	1
213538	14590.5	17773	8.4	0	159	5990	2	817	0	0	1
213546	14605.2	17757.2	10	0	161.7	5992	2	880	0	0	1
213634	14843.8	17661.9	4.8	0	146.8	6007	2	2757	0	0	1
214046	14230.5	17877.5	4.6	0	138.3	6082	2	1577	0	0	1
214378	14464.6	17753.1	5.6	0	150.1	6147	3	2565	0	0	1
214458	14511.2	17260.8	7.4	0	152.2	6163	2	1141	0	0	1
214498	14418.5	18226.4	4.4	0	155.4	6170	2	3743	0	0	1
214668	14488.7	17272.6	7.9	0	146.3	6203	2	1215	0	0	1
214738	14387.2	17633.8	7.6	0	142.3	6217	2	2767	0	0	1
215100	14654.4	17746.1	5.4	0	154.7	6281	2	1829	0	0	1
215584	14540.4	17658.1	16.6	0	191	6379	2	806	0	0	1
215613	14499.8	17266.1	4.5	0	155.9	6384	2	2412	0	0	1
215750	14759.2	18074.8	6.9	0	154	6411	4	1664	0	1	1
215765	14055.4	17954.4	7	0	161.8	6416	2	1490	0	0	1
215837	14441.2	17747.1	4.9	0	142.1	6431	2	2591	0	0	1
216221	14625.5	17744.9	7.2	0	168.8	6500	4	2402	0	1	1
216435	14458.5	17759.2	3.1	0	152.4	6538	4	5288	0	1	1
216669	14547.8	17991.3	5.6	0	165.2	6582	3	2951	0	0	1
216982	14215.8	17874.4	4.7	0	139.3	6638	3	2024	0	0	1
217214	14854.5	17683.6	6.2	0	146.8	6684	3	1452	0	0	1
217258	14798.2	17452.4	10.8	0	170.2	6694	2	941	0	0	1
217443	14279.8	18031.8	7.5	0	180.6	6732	2	1714	0	0	1
217476	14315.7	18038.1	11.4	0	170.9	6739	2	851	0	0	1
217547	14434.1	17772.4	4.4	0	155.9	6754	3	3828	0	0	1
217586	14404.1	17724.4	4.7	0	154.1	6762	3	2530	0	0	1
217768	14201.2	17851.6	13.6	0	141.8	6797	2	373	0	0	1
217781	14337.3	17778.2	6.9	0	165.5	6800	2	1217	0	0	1
217894	14399.8	17697.4	5.3	0	159.4	6825	2	2912	0	0	1
217916	14178.7	17833.2	7.8	0	165.7	6831	2	1139	0	0	1
217958	14215	17843.1	12.7	0	128.8	6841	2	380	0	1	1
217972	14191.5	17815.4	10.3	0	153.5	6844	4	996	0	2	1
218007	14197.3	17793.9	16.2	0	170.7	6850	2	503	0	0	1
218059	14216.3	17837.1	9.9	0	153.3	6860	3	935	0	2	1
218104	14465.2	17753.3	3.1	0	147.6	6870	4	11924	0	0	1
218138	14361.7	17792	5.7	0	152.7	6876	2	2144	0	0	1
218156	14222.4	17833.1	8.3	0	151.6	6880	6	1431	0	3	1
218327	14627.2	17706.6	10.9	0	158.4	6914	2	535	0	0	1
218390	14233.5	17865	15.8	0	171.9	6925	2	553	0	0	1
218417	14452	17755.4	5.1	0	138.3	6929	2	1435	0	0	1
218482	14717.1	17621.2	6.8	0	167.4	6941	2	1212	0	0	1
218903	14858.2	17676.4	6	0	153.3	7031	3	2429	0	0	1
219535	14218.2	17867.5	9	0	147.1	7173	2	1019	0	0	1
219676	14590.6	17721.2	12.3	0	171.9	7201	2	627	0	0	1
219987	14219.9	17878.3	6.2	0	141.6	7272	2	981	0	0	1
220100	14495.7	17746.6	6.4	0	144.7	7295	2	1685	0	0	1
220148	14459	17799.6	7.7	0	154.7	7306	2	1099	0	0	1
220172	14828.4	17453.6	7	0	177.6	7312	2	1568	0	0	1
220211	14757.8	18160.2	5.1	0	143.4	7319	2	1552	0	0	1
220236	14301	18184.9	5.5	0	160.1	7325	2	2061	0	0	1
220250	14366.7	17627.1	8.7	0	144.3	7327	2	796	0	1	1
220280	14684.7	17746.2	9.5	0	160.5	7332	2	682	0	0	1
220436	14636	17737.5	6.3	0	161.4	7366	3	1899	0	0	1
220586	14406.7	18229.9	5.6	0	143.7	7395	3	2279	0	0	1
220620	14645.4	17722	5.7	0	161.8	7402	2	1391	0	0	1
220661	14832.8	17649.2	7.9	0	160.8	7412	2	1715	0	0	1
220734	14832.9	17654.9	7.2	0	147.3	7428	2	1304	0	0	1
220909	14065.2	17943.4	4.2	0	157.2	7467	3	3550	0	0	1
221353	14445.5	17750.9	6.1	0	173.5	7566	2	1509	0	0	1
221500	14044.5	17669.8	3	0	149.4	7595	4	4642	0	0	1
221741	14835.1	17674.8	5.6	0	147	7648	2	1591	0	0	1
222042	14213.2	17866.8	9.9	0	150.1	7709	3	743	0	0	1
222077	14147.2	17898.5	8.8	0	160.8	7716	2	722	0	0	1
222117	14151.7	17878.3	10.3	0	162.1	7723	2	755	0	0	1
222161	14201.7	17853.6	12.7	0	163.2	7733	2	626	0	1	1
222169	14194.5	17880.5	9.1	0	157.9	7734	3	949	0	2	1
222222	14230.3	17823.4	9.3	0	161.6	7745	4	977	0	1	1
222309	14874.4	17675.5	8	0	157.3	7764	2	1223	0	0	1
222737	14483	17740.5	6	0	143.9	7851	2	2082	0	0	1
222824	14644	17730.8	7.4	0	161.5	7867	2	954	0	0	1
223595	14854.2	17666.2	5.6	0	150.3	8016	2	1590	0	0	1
223620	14064.6	17923.3	9.3	0	160.6	8022	2	965	0	0	1
223831	14218.3	17819.4	7.2	0	147.9	8058	3	1287	0	0	1
223846	14206.4	17833.9	10.4	0	144.5	8061	2	554	0	0	1
223862	14520.8	17635.7	5.1	0	149.8	8065	2	1833	0	0	1
224180	14515.8	18203.2	13.3	0	151.6	8129	2	552	0	0	1
224638	14813.6	17445.5	11	0	189.6	8215	2	974	0	0	1
225071	14450	17807.6	5	0	144.6	8306	2	1470	0	0	1
225318	14444.8	17751.1	8.5	0	152.4	8352	2	1269	0	0	1
225344	14514.5	17623.6	7.2	0	159.5	8359	2	1636	0	0	1
225393	14433.4	17745.6	5.7	0	144.5	8370	4	2141	0	0	1
225524	14442.9	17749.2	4.6	0	144	8396	4	2378	0	1	1
225609	14213.3	17855.3	7.3	0	150.8	8411	2	1293	0	0	1
225833	14303.7	17805.7	7.6	0	144.2	8461	2	974	0	0	1
225990	14317.6	17989.1	7.8	0	152.8	8494	2	1187	0	0	1
226150	14601.8	17731.9	9	0	162.6	8537	3	1122	0	1	1
226173	14201.8	17783	8.1	0	149.8	8542	2	826	0	0	1
226300	14636.9	17693.8	8.3	0	161.6	8575	2	1321	0	0	1
226343	14443.3	17746	8.4	0	143	8583	2	941	0	0	1
226377	14611.8	17763	11.5	0	170.4	8591	2	770	0	0	1
226481	14443.8	17738.6	8.2	0	149.1	8613	2	973	0	0	1
226531	14706.4	17476.6	11	0	176.4	8624	2	692	0	0	1
226679	14407.6	17749.6	8.9	0	158.3	8654	2	1337	0	1	1
226697	14451.3	17740.7	9.7	0	159	8658	2	929	0	0	1
226898	14459.7	17750.2	10.2	0	143.3	8696	2	564	0	1	1
226927	14225.6	17882.5	5.3	0	138.3	8700	2	1264	0	0	1
227068	14453.8	17746.6	8.3	0	156.6	8732	2	1139	0	0	1
227081	14441.7	17766.4	5.7	0	159	8734	2	2515	0	0	1
227262	14439.9	17660.1	4.7	0	152.4	8773	2	2598	0	0	1
227284	14438.1	17698.5	6	0	153.4	8778	2	2156	0	0	1
227432	14439	17726.1	3.4	0	149.8	8807	4	5906	0	0	1
227492	14367.6	18194.3	7.7	0	180	8817	3	4094	0	0	1
227680	14601.1	17710.1	6.8	0	160.7	8862	2	1523	0	0	1
227831	14139.8	17756.3	5.6	0	144	8894	3	1793	0	0	1
227843	14807.1	17460.4	10.9	0	174.6	8898	2	693	0	0	1
227966	14600.7	17746.5	5.4	0	165.1	8923	2	2136	0	0	1
228049	14431.3	17740.5	4.9	0	152.7	8942	2	1906	0	0	1
228313	14458.4	17732.4	6.1	0	143.8	8993	2	1005	0	0	1
228325	14448.2	17746.4	5.7	0	151.2	8995	4	1959	0	0	1
228544	14443	17747.6	7.8	0	155.4	9044	2	1004	0	0	1
228794	14487.1	17756.5	7.7	0	151.4	9097	2	1877	0	1	1
228841	14485.8	17748.9	5.8	0	149.4	9106	3	1596	0	0	1
228850	14467.9	17753.7	3.5	0	153.4	9109	4	6516	0	0	1
228911	14036	17650.6	11.5	0	152.2	9121	2	482	0	0	1
229005	14625.8	17699.7	8.6	0	165.7	9141	3	1284	0	1	1
229010	14647.1	17698.6	7.7	0	148	9143	3	1103	0	1	1
229031	14318	17820.1	5.9	0	148.9	9148	3	2024	0	0	1
229380	14515.4	17617.8	8.2	0	156.2	9219	2	1707	0	0	1
229465	14412.6	17745.6	7.4	0	164.7	9235	4	1583	0	3	1
229587	14214	17826.9	5.6	0	160.3	9265	3	2077	0	0	1
229602	14248.9	17786.3	3.4	0	163.9	9268	2	5502	0	0	1
229642	14204.8	17819.9	5.8	0	164.8	9275	3	1701	0	0	1
229701	14203.5	17830.1	6.9	0	149.2	9289	2	1080	0	1	1
229771	14217.1	17824.9	8.8	0	152.1	9303	2	877	0	1	1
229848	14199.2	17822	9.5	0	156	9318	2	686	0	0	1
229914	14454.5	17735.2	8.5	0	145.9	9337	2	853	0	0	1
230003	14203.2	17835.5	10	0	166.4	9358	2	904	0	0	1
230200	14208.3	17870.4	6.5	0	155.8	9397	2	1155	0	0	1
230469	14188.6	17833	7.2	0	130.7	9464	2	742	0	0	1
230534	14225.1	17878.6	8.2	0	138.1	9482	2	747	0	0	1
230615	14208.2	17825.5	7.2	0	156.4	9500	2	1463	0	0	1
230805	14840	17664	5.7	0	151.2	9540	2	1293	0	0	1
230821	14847.1	17671.6	7.9	0	155.6	9542	2	1561	0	0	1
230946	14216.5	17882	7.3	0	149.5	9565	2	1169	0	0	1
231014	14442.1	17740.6	5.8	0	148.5	9578	2	1248	0	0	1
231266	14826.4	17667.6	3.3	0	145.8	9633	2	3063	0	1	1
231332	14318.7	17799.1	15.8	0	135	9647	3	372	0	2	1
231394	14629.5	17719.2	8.4	0	155.5	9663	2	1490	0	0	1
231403	14669.2	17742.9	5	0	156.6	9665	3	3958	0	0	1
231434	14192.6	17823.8	11.6	0	149	9672	2	531	0	2	1
231504	14208.8	17833.3	5.6	0	146.5	9687	3	2699	0	0	1
231535	14445.8	17757.2	7.6	0	147.5	9692	3	1072	0	1	1
231782	14583.3	17443.7	11.9	0	177.4	9749	2	772	0	0	1
231839	14840.1	17650.8	7.7	0	151.2	9763	2	1774	0	0	1
232251	14207.1	17819.2	5.7	0	155.9	9856	4	2344	0	2	1
232292	14449.6	17743.2	6.1	0	147.1	9866	4	2464	0	0	1
232356	14209.7	17824.6	5.2	0	146.9	9880	2	1851	0	0	1
232872	14211.6	17819.1	7.6	0	152.6	9992	3	1098	0	1	1
232887	14215.2	17853.1	12.9	0	155.6	9996	2	493	0	1	1
232929	14207.6	17791.9	6.9	0	138.1	10006	2	1342	0	0	1
232952	14367.5	17776.4	7.5	0	179	10010	3	1800	0	2	1
232980	14234.9	17800.8	13.4	0	162.6	10016	2	481	0	0	1
232991	14233.6	17843.4	8.9	0	160.5	10018	4	1007	0	4	1
232999	14200.6	17846.6	13.8	0	157	10021	4	919	0	5	1
233030	14187.6	17829.6	13.8	0	169.9	10027	2	526	0	0	1
233118	14208.9	17840.2	7.3	0	142.6	10046	2	1231	0	2	1
233286	14526.5	18217.8	3.9	0	144	10085	3	3021	0	0	1
233499	14071.7	17931.7	8.2	0	162.7	10134	2	1231	0	0	1
233578	14330.6	17959.4	4.3	0	150.9	10148	3	2864	0	0	1
233670	14444.9	17751	4.7	0	141.5	10167	4	2833	0	1	1
233737	14087.1	17932.4	4.7	0	160.9	10184	4	3156	0	1	1
233857	14636	17692.8	11.6	0	166.3	10209	2	612	0	0	1
233964	14209.9	17824.8	7.7	0	163	10232	2	1072	0	0	1
234007	14205.5	17825.4	6.4	0	151.6	10241	4	1912	0	4	1
234119	14221.9	17874.4	6.2	0	148.9	10264	2	1010	0	0	1
234249	14444.2	17735.9	6.6	0	146.7	10291	2	949	0	0	1
234331	14604.9	17466.8	7.4	0	182.8	10312	2	2160	0	0	1
234415	14402.9	17759.3	5	0	156.8	10330	3	4737	0	0	1
234474	14511.8	18221.8	5.7	0	143.8	10342	3	2161	0	0	1
234876	14444.4	17745.8	5	0	150.4	10428	5	3082	0	0	1
234962	14184.1	17864.9	5.7	0	149	10446	2	1288	0	0	1
235061	14649.1	17714.6	9.2	0	163	10466	2	1191	0	0	1
235095	14437.8	17747.4	4.7	0	150.3	10473	6	3771	0	2	1
235125	14432.8	17692.2	6.5	0	163.6	10478	2	3045	0	0	1
235586	14387.7	17787.6	5.8	0	143.9	10585	2	1213	0	0	1
235649	14049.9	17655.6	5.2	0	148.9	10599	2	2715	0	0	1
235668	14437.1	17736.2	4.1	0	149.5	10603	5	2925	0	1	1
235839	14141.8	17734.5	4.7	0	149.5	10639	3	2604	0	0	1
235884	14210.4	17850.9	11.4	0	153.6	10648	4	841	0	1	1
235922	14215	17841.4	3.6	0	151	10658	5	5750	0	0	1
235963	14207.2	17836.3	3.1	0	149.5	10669	7	8160	0	1	1
236030	14210.4	17842.4	5.3	0	152	10684	4	2202	0	0	1
236065	14199.5	17837.6	9.1	0	151.4	10693	3	790	0	3	1
236096	14239.8	17846	12	0	152.7	10702	3	575	0	1	1
236114	14217.5	17841.2	7.2	0	149.9	10706	3	1198	0	0	1
236169	14394.7	17765	7.7	0	166.8	10717	2	1554	0	0	1
236188	14249.9	17817.4	12	0	145.7	10722	2	428	0	2	1
236238	14224.6	17838.6	4.7	0	149.6	10733	9	3483	0	6	1
236291	14229	17870.3	11.3	0	152.7	10743	2	469	0	1	1
236490	14518.2	18219.3	6.4	0	142.2	10783	2	1063	0	0	1
236898	14209.2	17823.6	7	0	155.9	10878	3	1990	0	0	1
236928	14227.4	17834.9	8.9	0	145.5	10887	1	521	0	7	1
236963	14219	17859.9	3.5	0	149.1	10895	4	6513	0	0	1
236984	14230.4	17827.9	5.5	0	156.7	10900	2	3530	0	1	1
237015	14213.7	17833.7	4.8	0	150.4	10907	4	3465	0	2	1
237072	14216.2	17836.6	4	0	152.8	10920	5	4773	0	1	1
237115	14174.1	17856.3	12.3	0	146.3	10929	2	419	0	0	1
237128	14198.6	17846.6	16.3	0	137.9	10932	2	335	0	0	1
237142	14237.9	17843.9	14.4	0	153	10935	2	418	0	0	1
237166	14223.8	17821.4	7.2	0	146.6	10938	6	1434	0	4	1
237195	14208.4	17837.8	7.5	0	157.8	10943	2	1274	0	1	1
237228	14211.5	17830.7	3.3	0	153.4	10951	4	6273	0	1	1
237306	14391.9	17761.3	6.1	0	164.9	10966	2	1612	0	1	1
237339	14213.1	17838	9.6	0	163.4	10972	4	894	0	1	1
237394	14233.3	17820	11.8	0	139.9	10981	2	390	0	2	1
237440	14217.7	17846.7	11.6	0	163.9	10990	3	665	0	2	1
237463	14202.3	17832	8.4	0	154.3	10995	5	1074	0	3	1
237503	14223.7	17854.9	12.7	0	140.4	11004	2	370	0	1	1
237521	14235.6	17816.2	14	0	153.7	11007	2	431	0	2	1
237576	14156.9	17756.5	6.2	0	153.5	11019	2	1899	0	0	1
237601	14199.1	17863.5	13.7	0	158.2	11026	2	433	0	1	1
237623	14238.7	17817.5	11.6	0	163.6	11032	2	528	0	0	1
237645	14217.7	17850.8	12.5	0	152.9	11037	2	441	0	1	1
237660	14232.2	17836.8	9.4	0	160.5	11040	4	874	0	1	1
237679	14240.1	17854.6	10	0	139.5	11045	2	419	0	1	1
237681	14215	17832.1	16.1	0	165.8	11046	2	396	0	2	1
237728	14205.6	17849.4	14	0	144.5	11057	3	561	0	1	1
237829	14203.6	17854.7	11.3	0	139	11079	2	405	0	0	1
237844	14398.1	17779.1	5.4	0	153.3	11082	2	2078	0	0	1
237915	14216.7	17857	15.4	0	157.9	11096	2	402	0	0	1
237927	14210.5	17841.5	12.8	0	158	11099	2	504	0	0	1
237949	14200.2	17848.6	12.1	0	143.6	11104	2	396	0	1	1
237991	14214.7	17808.6	12.7	0	171.4	11112	2	519	0	0	1
238016	14829	17663.8	5.5	0	156	11117	2	1464	0	1	1
238045	14218.5	17839.9	6	0	145.3	11124	8	1901	0	4	1
238130	14205.9	17827.1	12.6	0	163.4	11143	3	683	0	1	1
238165	14214.2	17834.3	7.9	0	166.5	11150	5	1262	0	5	1
238236	14445.2	17738.5	6.2	0	148.5	11167	3	1793	0	0	1
238398	14664.8	17752.2	7.7	0	156.6	11200	3	1539	0	0	1
238507	14224.7	17865.8	5.8	0	143.8	11222	3	2695	0	0	1
238554	14693.4	17746.5	3.6	0	157.2	11232	2	2906	0	0	1
239249	14452.8	17739	7.1	0	154.8	11401	2	1374	0	0	1
239405	14502	17260.9	6.9	0	153.3	11430	2	1003	0	0	1
239818	14406.4	17767	5.9	0	138.3	11528	2	1337	0	0	1
239972	14643.4	17713.3	9.8	0	159.3	11561	2	768	0	0	1
240317	14642.8	17729.5	11	0	162.2	11645	2	690	0	0	1
240355	14391.1	18242.7	5.1	0	164.4	11654	3	4374	0	0	1
240579	14629.7	17710	10.9	0	169.6	11709	2	716	0	0	1
240720	14421.6	18205.4	9.8	0	147.6	11742	2	815	0	0	1
240756	14450.2	17747.5	6.8	0	143.4	11750	2	1030	0	0	1
240784	14627.4	17686.6	9.9	0	161.6	11755	2	841	0	0	1
240805	14620.8	17757.6	7.1	0	156.5	11758	2	1219	0	0	1
Orientation 	1
ROI width 	1005
ROI height 	1005
ROI x1 	13960
ROI x2 	14965
ROI y1 	17260
ROI y2 	18265
1
