Index	X	Y	Precision	SEM	PSF	First_Frame	N_detections	Photons	Intensity	Frames_missing	Channel
194194	10355.2	17719.8	30	0	114.6	62	1	167	0	0	2
194329	10079	17391.8	34.9	0	148.7	110	1	211	0	0	2
195483	10149.5	17691.4	34.7	0	117.2	602	1	95	0	0	2
195839	10352.6	17606.9	40.1	0	98.8	775	1	59	0	0	2
196145	9782.4	17696.5	31.7	0	125	914	1	124	0	0	2
196152	9739.9	17691.3	37.3	0	137.8	918	1	125	0	0	2
197684	10085.2	17498	14.7	0	122.8	1778	1	257	0	0	2
197928	10417.8	17543.7	36.5	0	89.4	1920	1	51	0	0	2
198350	10238.2	17977.1	29.1	0	89.7	2190	1	62	0	0	2
202221	10182.9	17663.4	24.7	0	124.8	4710	1	153	0	0	2
203015	10573.7	17932	28.9	0	148.7	5230	1	177	0	0	2
203030	10522.4	17970.7	29.7	0	151.1	5243	1	187	0	0	2
203115	10580.3	17963.4	33.1	0	171.6	5301	1	209	0	0	2
203868	10174.2	17325.5	36.5	0	99.3	5783	1	53	0	0	2
204235	9929.7	17767.6	35.8	0	118.4	6033	1	101	0	0	2
204316	10258.6	17551.2	30.2	0	133	6084	1	116	0	0	2
204491	9978.3	17404.3	47.4	0	136.8	6187	1	97	0	0	2
205156	10518.1	17337.3	33.8	0	91.8	6605	1	57	0	0	2
206766	10209.2	17623.5	41.5	0	130.2	7586	1	94	0	0	2
207189	10142.3	17938.7	27.6	0	148.8	7833	1	145	0	0	2
209402	10286.9	17254.1	47.4	0	157.9	9223	1	145	0	0	2
209489	10094.1	17996	32.4	0	131.3	9277	1	134	0	0	2
209666	10586.1	17838.5	31.1	0	154.9	9403	1	177	0	0	2
209741	10279	17553.8	33.9	0	111.5	9453	1	95	0	0	2
210108	10331.6	17817.9	26.4	0	85.9	9702	1	68	0	0	2
210119	10356.3	17834.8	31.5	0	115.7	9708	1	83	0	0	2
212000	10105.5	17623.4	37.5	0	156.2	10941	1	162	0	0	2
214847	10381.1	17756.4	13.5	0	105.8	823	4	349	0	1	2
215849	10220.2	18001.2	16.8	0	125.2	1742	2	204	0	1	2
215888	10071.9	17520.7	14	0	122.2	1783	3	391	0	0	2
216003	10448.2	17496	20.2	0	120.4	1941	2	165	0	0	2
216748	10629.5	17730.3	22.9	0	167.5	2894	2	420	0	0	2
216926	9955.6	17764.8	14.6	0	156.2	3136	2	472	0	0	2
217127	10207.4	17642	14.6	0	140.5	3362	4	698	0	1	2
217191	9894.1	17757.9	15.3	0	137.9	3438	2	321	0	1	2
218231	10351.7	17241.3	18.7	0	168.2	4501	3	875	0	0	2
218920	10540.4	17910.5	19.1	0	168.1	5235	4	694	0	1	2
218932	10548.1	17970.3	8.8	0	152.4	5248	21	3411	0	10	2
218973	10579.2	17956.5	17.3	0	132.3	5282	6	733	0	1	2
218977	10591	17950.9	22.7	0	141.8	5292	3	379	0	2	2
218993	10573.5	17950.1	17.5	0	142.2	5310	5	630	0	0	2
219062	10590.9	17942	21.2	0	127.1	5389	2	246	0	1	2
219279	9996	17888.3	17.8	0	101.4	5636	2	221	0	1	2
219584	9960.7	17757.4	15.1	0	128.4	6017	2	242	0	0	2
219974	10251.6	17550.7	18.4	0	148.7	6435	5	1085	0	0	2
219986	10225.7	17584.8	12	0	113.5	6451	2	485	0	0	2
220238	10160.1	17675.4	11.2	0	123.2	6720	4	782	0	0	2
220395	10431.9	17331.6	19.4	0	152.7	6873	2	337	0	0	2
220520	10247.4	17572.3	10.3	0	124	6994	5	1215	0	1	2
221060	10170.7	17697.7	18.2	0	109.7	7581	2	184	0	0	2
222072	10057	17248.3	16.5	0	167.5	8592	2	487	0	0	2
222142	10228.8	17574.9	16.8	0	152.6	8671	3	477	0	2	2
222484	10281.5	18056.6	20.6	0	128.1	9036	3	530	0	1	2
222493	10311.8	18030.9	18.7	0	168.3	9047	2	429	0	0	2
223027	10093.4	18068.1	10.2	0	124.4	9617	2	977	0	0	2
225348	10271	17618.8	12	0	118.9	11986	9	937	0	4	2
Orientation 	1
ROI width 	1005
ROI height 	1005
ROI x1 	9700
ROI x2 	10705
ROI y1 	17140
ROI y2 	18145
2
