Index	X	Y	Precision	SEM	PSF	First_Frame	N_detections	Photons	Intensity	Frames_missing	Channel
405	7157.6	12850.4	18.2	0	159.1	24	1	1270	0	0	1
500	6914.1	13139.1	28.8	0	152.2	31	1	302	0	0	1
1565	7176.3	12933	6.8	0	153.1	106	1	1887	0	0	1
1710	7169.4	12926.4	18.5	0	164.3	115	1	490	0	0	1
2146	7177.6	12959.1	22.5	0	131.9	143	1	272	0	0	1
2479	7197.5	13009.7	13.6	0	168	165	1	695	0	0	1
2601	7345.3	13292.1	24.6	0	192.9	172	1	656	0	0	1
3073	7181.6	12864.9	5.1	0	176.9	205	1	4593	0	0	1
3097	7118.1	12637.9	11.9	0	146.1	207	1	1034	0	0	1
3322	7182.3	12991.1	11.5	0	141.3	224	1	658	0	0	1
3688	7164.6	12981.4	11.1	0	147.3	249	1	746	0	0	1
3744	7387.2	12886.6	20.9	0	182.7	253	1	667	0	0	1
4022	7098.8	12930.4	34.3	0	194.9	275	1	561	0	0	1
4330	7218.5	13053.3	17.9	0	148.6	301	1	328	0	0	1
5054	7413.5	13313.8	32.2	0	179.5	350	1	317	0	0	1
5143	7176.5	13009.3	9.2	0	160.9	357	1	1375	0	0	1
5437	7179.1	12979.5	10.8	0	150.9	377	1	796	0	0	1
5478	7175.4	12940.4	9.6	0	154.6	380	1	868	0	0	1
6048	7088.2	13029.7	18.2	0	144.3	419	1	414	0	0	1
6391	7648.3	13139.3	18.3	0	148.2	442	1	434	0	0	1
6403	7647.2	13108.6	11.5	0	166.7	443	1	1431	0	0	1
6423	7609.8	13130.8	20.5	0	185.4	444	1	512	0	0	1
7342	6757	12952.5	15.6	0	145.8	506	1	557	0	0	1
7357	6813.9	13005	27.6	0	171.1	507	1	357	0	0	1
7392	6789.7	12931.2	40.1	0	164.7	509	1	267	0	0	1
8105	7088.7	13074.5	14.6	0	156.6	564	1	439	0	0	1
8118	7140.8	12946.2	29.9	0	145.6	565	1	209	0	0	1
8122	7164.8	12941.4	12	0	157	566	1	955	0	0	1
8343	6775.9	12959.6	15.7	0	154.2	583	1	523	0	0	1
8593	7162.3	12954.4	26	0	146.1	601	1	257	0	0	1
9002	7156	13101.5	8.1	0	196.1	633	1	1912	0	0	1
9017	7131.6	13059.1	19.3	0	179.7	634	1	471	0	0	1
9480	7160.6	12910.9	25.4	0	146.9	668	1	366	0	0	1
9612	7160.2	12966.6	13.6	0	136.7	678	1	682	0	0	1
9958	7155.8	13090	19.5	0	198	703	1	618	0	0	1
10081	7154.8	13091.9	20.3	0	190.7	711	1	471	0	0	1
10633	7082.4	12709.7	18	0	161	750	1	1108	0	0	1
10887	6815	13149.4	30.7	0	179	769	1	474	0	0	1
11027	7157.9	12798.1	31.5	0	136.3	781	1	190	0	0	1
11389	7162	12924.8	15.9	0	182.6	809	1	1024	0	0	1
11436	7204.7	13104.6	18.2	0	197.7	813	1	746	0	0	1
11876	7410.6	13292.1	6.8	0	161.3	847	1	1862	0	0	1
11884	7463.2	13284.4	11	0	166.1	848	1	1057	0	0	1
11952	7172.4	12958.8	9.6	0	141	853	1	852	0	0	1
12225	7569.5	13283.4	15.2	0	153.6	874	1	429	0	0	1
12405	7183.8	12902.3	26.2	0	174.9	890	1	406	0	0	1
12607	7157.5	13137.3	12.1	0	185.7	907	1	861	0	0	1
12636	7145.1	13120.3	18.3	0	181.4	909	1	945	0	0	1
12709	7204.2	13151.2	23.9	0	198.1	914	1	445	0	0	1
12867	7160.7	13130.8	20.9	0	193.9	926	1	615	0	0	1
12936	7178.8	13107.5	21.8	0	178.5	931	1	465	0	0	1
13207	7150	13080.5	27.3	0	183.1	952	1	400	0	0	1
13421	7637.8	13110.9	15.2	0	176	971	1	633	0	0	1
13435	7618.3	13133.2	13.1	0	165.8	972	1	799	0	0	1
13471	7140.2	12958.6	9.8	0	152.8	975	1	1031	0	0	1
13593	7198.7	12794.8	11.3	0	148.6	986	1	1000	0	0	1
13609	7167.8	12807.5	22.6	0	148.9	987	1	317	0	0	1
13622	7180.9	12831.6	22	0	163	988	1	501	0	0	1
13692	7179	13036.9	15.3	0	164.5	993	1	512	0	0	1
13954	7091.7	13012.4	42.7	0	148.7	1013	1	466	0	0	1
14146	6749.6	13073.7	10.7	0	145.5	1029	1	640	0	0	1
14197	6779.5	12985.2	10.5	0	153.9	1033	1	861	0	0	1
14321	7416.7	13305.6	14.9	0	153.1	1043	1	544	0	0	1
14448	7177.7	12948.6	23.3	0	139.2	1053	1	249	0	0	1
14469	7098.7	13047.7	11.9	0	154.9	1055	1	640	0	0	1
15093	7362.8	13304	11.9	0	150.8	1104	1	603	0	0	1
15251	7148.3	12950.9	10	0	141.6	1117	1	626	0	0	1
15320	7201.4	12961.1	22.7	0	158.1	1120	1	293	0	0	1
15671	7177.3	13037.5	46.6	0	104.4	1150	1	92	0	0	1
16295	7178.7	13018.8	7.6	0	150.7	1202	1	1259	0	0	1
16496	7142.5	12638.8	6.6	0	148.8	1218	1	2009	0	0	1
16514	7117.2	12629.4	12.9	0	142.3	1219	1	465	0	0	1
16526	7168.8	12940.7	10.9	0	142.9	1220	1	723	0	0	1
16551	7149.6	12908.8	6.5	0	144.3	1222	1	1496	0	0	1
16562	7135.6	12780.3	10.9	0	143.7	1223	1	660	0	0	1
16714	7228.9	12959.1	6.7	0	152.3	1235	1	1769	0	0	1
16783	7177.2	13126.8	13.6	0	192.6	1240	1	1029	0	0	1
17018	7163.2	13030	15.8	0	161.6	1261	1	507	0	0	1
17202	7090.1	13045.8	9.9	0	156.9	1278	1	967	0	0	1
17215	7066.8	13034.1	8	0	138.3	1280	1	940	0	0	1
17224	7109.1	13026.2	21.3	0	161.7	1281	1	488	0	0	1
17439	7160.3	12939.2	10.9	0	150.2	1298	1	727	0	0	1
17613	7230.7	12838	17.1	0	150.2	1314	1	486	0	0	1
17768	7202	12799.5	9	0	148.9	1329	1	827	0	0	1
17907	7099.1	13110.8	14	0	189.4	1340	1	966	0	0	1
17912	7148.7	13129.5	9.4	0	197.7	1341	1	1375	0	0	1
18676	7169.2	12954	14	0	129.3	1408	1	435	0	0	1
18689	7339.5	13257.2	5.9	0	158.2	1409	1	3100	0	0	1
18739	7335.3	13247.1	15.2	0	179.8	1413	1	843	0	0	1
18759	7147.9	12930.6	13.5	0	124.9	1415	1	332	0	0	1
18861	7167.8	13088.4	18.2	0	158.2	1422	1	324	0	0	1
18871	7214.4	13019.3	5.6	0	156.1	1423	1	2212	0	0	1
19039	7139.7	12938.9	16.3	0	139.4	1438	1	365	0	0	1
19281	7536.6	12644.5	26.3	0	175.9	1457	1	347	0	0	1
19460	7648.6	13132.3	7.5	0	170.8	1475	1	2049	0	0	1
20360	7151.1	12991	30.3	0	146.2	1546	1	328	0	0	1
20989	6953.4	13135.7	11.8	0	126.4	1604	1	462	0	0	1
21095	7133.7	13028.4	11.3	0	151.9	1614	1	706	0	0	1
21246	6832.2	13050.4	31.3	0	117	1627	1	142	0	0	1
21259	6841.7	13022.7	17.3	0	183.3	1629	1	664	0	0	1
21266	6790.5	13015	14.2	0	189.1	1630	1	786	0	0	1
21444	7185.8	13009.2	15.6	0	146.3	1643	1	489	0	0	1
21673	7129.5	13056	18.9	0	147.3	1661	1	465	0	0	1
21879	7612.7	12692.7	11.3	0	173.1	1678	1	1040	0	0	1
21935	7629.5	13102.4	11.8	0	164	1683	1	1003	0	0	1
21966	7540.7	12661.9	12.8	0	161.9	1685	1	690	0	0	1
22313	7125.6	13082.1	8.2	0	141.5	1715	1	1046	0	0	1
22387	6752.3	13060.7	15.6	0	156.8	1721	1	516	0	0	1
22437	7208.1	13005.1	22.5	0	151.6	1726	1	288	0	0	1
22501	6909.7	13120.9	34.5	0	157.1	1730	1	205	0	0	1
22591	7645	13162.3	12.3	0	145.2	1739	1	572	0	0	1
22739	7199.3	12953	8.9	0	149	1752	1	1061	0	0	1
22985	7215.5	13037.1	10.7	0	148.2	1774	1	654	0	0	1
23155	6992.9	12555.8	29.2	0	153.2	1787	1	286	0	0	1
23189	7223.3	13020.4	8.6	0	134.9	1790	1	780	0	0	1
23338	7175.8	12946.4	9.9	0	139.4	1802	1	667	0	0	1
23466	7245	12738.7	17.1	0	198.2	1812	1	758	0	0	1
23493	7270.8	12738.4	14.7	0	196.3	1814	1	740	0	0	1
23793	7209.4	13027.8	17.1	0	167.1	1840	1	758	0	0	1
23833	7238.9	13050.8	37.5	0	181.3	1843	1	244	0	0	1
23961	7206.3	13048.7	12.6	0	143.2	1856	1	481	0	0	1
23973	7233.6	13037.3	6.4	0	148.5	1857	1	1597	0	0	1
24004	7141.9	13135.9	24.2	0	197.7	1859	1	489	0	0	1
24014	7165.4	13016.3	22.9	0	131.1	1860	1	196	0	0	1
24144	7200.7	12779.9	26	0	143.3	1871	1	352	0	0	1
24425	7498.6	12724.6	27.8	0	185.1	1893	1	436	0	0	1
24729	7115.6	13027	25	0	170.7	1921	1	318	0	0	1
24732	7119.5	13047.6	12	0	171.5	1922	1	974	0	0	1
24787	7149.4	13025.6	30.3	0	190.9	1926	1	400	0	0	1
24958	7137.8	12752.4	14.8	0	134.7	1942	1	531	0	0	1
25024	6766.5	12966.8	12.7	0	153.1	1948	1	562	0	0	1
25044	7119.7	12951.3	13.2	0	168.9	1950	1	891	0	0	1
25345	7125.2	13069.8	21.2	0	179.3	1975	1	424	0	0	1
25954	7510	13315.3	34.5	0	196.4	2028	1	423	0	0	1
26131	7144.2	12951.6	17.4	0	161.5	2045	1	443	0	0	1
26251	7124.8	13058.5	24.4	0	146.6	2054	1	250	0	0	1
26419	7669.9	12888.5	28.1	0	141.7	2068	1	184	0	0	1
26653	7122.2	13068.9	9.5	0	138.6	2091	1	788	0	0	1
28108	7572.1	12867.1	21.3	0	174.2	2222	1	489	0	0	1
28136	7141.2	12945.4	11.1	0	143.5	2226	1	665	0	0	1
28316	7118.5	13047.9	12.3	0	195.5	2241	1	1252	0	0	1
28388	7135.7	13019.2	31.4	0	143	2247	1	185	0	0	1
28559	7173.5	13093.7	8.4	0	195	2265	1	2034	0	0	1
28572	7160.2	13077.7	8.4	0	197	2266	1	2665	0	0	1
28654	7208.2	13060.3	13.9	0	159.4	2273	1	513	0	0	1
28978	7213.4	13023	16	0	159.7	2297	1	401	0	0	1
29178	7166.9	12998	5.1	0	136.2	2313	1	3046	0	0	1
29200	7205.4	13016.1	40.2	0	159.9	2314	1	184	0	0	1
29309	7091.3	13012.6	24.4	0	105.7	2323	1	148	0	0	1
30423	7163.5	13096.3	22.5	0	174.5	2410	1	351	0	0	1
30766	7110.1	13083.4	15.6	0	149	2439	1	436	0	0	1
30964	7101.9	13094.6	24.7	0	142.7	2457	1	226	0	0	1
31231	7141.3	13075.3	15.9	0	192	2478	1	616	0	0	1
32039	6810.2	13202.3	26.7	0	193.1	2546	1	403	0	0	1
32658	7193.8	12963.6	19.4	0	131.2	2597	1	233	0	0	1
32802	7617.8	13111	13.6	0	168	2611	1	700	0	0	1
33874	7160.3	13009.8	6.8	0	153.4	2706	1	1417	0	0	1
33886	7169.2	12963.7	8.2	0	159.1	2707	1	1276	0	0	1
34619	7055.9	13184.9	23.1	0	127.6	2773	1	156	0	0	1
34738	7207.3	13068.5	28.4	0	130.4	2782	1	131	0	0	1
35079	7181.3	13094.6	22.6	0	195.7	2811	1	474	0	0	1
35114	7182.3	13174.7	26.9	0	164	2814	1	262	0	0	1
35599	6799.2	12786.1	7.3	0	153.7	2859	1	1647	0	0	1
35684	7100.7	13069.6	25.5	0	146.2	2867	1	192	0	0	1
35793	7227.7	13116.7	28.6	0	163.7	2876	1	330	0	0	1
35798	7145.8	13073.1	15.7	0	199.6	2877	1	984	0	0	1
35816	7128.3	13085.2	13.8	0	186.9	2878	1	939	0	0	1
36157	7206.7	13062.6	25.3	0	154.2	2907	1	208	0	0	1
36168	6769.6	12982	14.3	0	154.6	2909	1	408	0	0	1
36272	7144.3	12862.1	26.3	0	179	2918	1	297	0	0	1
36372	7217.2	13054.7	18.6	0	187.7	2928	1	534	0	0	1
36383	7169.6	13003	11.8	0	148.3	2929	1	545	0	0	1
36426	7128.7	13096.8	33.2	0	175.4	2933	1	320	0	0	1
36444	6822	12828.6	14.4	0	145.6	2935	1	453	0	0	1
36456	6882.9	12984.8	19.3	0	184.5	2936	1	392	0	0	1
36926	7362	13309.5	18.1	0	152.4	2984	1	324	0	0	1
37003	7636.2	13146.3	8.5	0	175.5	2992	1	1338	0	0	1
37012	7625.1	13123.6	6.6	0	171	2993	1	1964	0	0	1
37605	6955.7	12963	10.9	0	159.6	3049	1	851	0	0	1
37821	7133.4	13057.5	9.2	0	152.6	3070	1	1161	0	0	1
37836	7136.6	13084	10.8	0	163.4	3071	1	1346	0	0	1
38198	7167.5	13204	23.8	0	179.7	3104	1	295	0	0	1
38257	7209.7	13026.9	9.2	0	150.4	3110	1	944	0	0	1
38451	6845.7	13235.9	13.1	0	166	3127	1	1154	0	0	1
38487	7116.6	13043.5	33.7	0	168.9	3130	1	239	0	0	1
38662	7435.9	12736.7	36.8	0	126	3147	1	133	0	0	1
39123	7506.5	13045.3	46.6	0	173.5	3190	1	271	0	0	1
39199	6774.5	13073.3	25.7	0	151.1	3197	1	203	0	0	1
39403	7255.6	12989.3	16.8	0	148.8	3215	1	366	0	0	1
39459	7159.6	12961.4	13.8	0	166.6	3220	1	651	0	0	1
39521	7186.4	12767.3	25	0	135.5	3225	1	184	0	0	1
39607	7092.3	12982.5	13.5	0	194.5	3234	1	1144	0	0	1
39677	6791.9	12893.3	45	0	114.2	3241	1	116	0	0	1
40450	7211.2	13017.3	9.4	0	145.7	3306	1	791	0	0	1
41190	7202.2	13059.7	17.7	0	190.9	3375	1	577	0	0	1
41492	7131.2	13026.6	20.3	0	135.7	3403	1	216	0	0	1
41500	7168.7	12926.6	10.6	0	182.8	3404	1	1491	0	0	1
42202	7181.9	13050.4	23.7	0	192.1	3467	1	414	0	0	1
42510	7243	13186.3	22.9	0	149.1	3496	1	214	0	0	1
42666	7167.5	12962	12.6	0	147	3513	1	524	0	0	1
42712	7195.7	13025.8	8.7	0	162.6	3518	1	1067	0	0	1
42749	7206.6	13002.5	18	0	157.3	3521	1	341	0	0	1
42765	7104.6	13089.6	31.7	0	185.2	3522	1	301	0	0	1
42769	7106	12989.6	21.1	0	198.4	3523	1	552	0	0	1
42807	7127.3	13102.6	24.4	0	198.7	3527	1	452	0	0	1
43792	7596.9	12850.7	15.7	0	167.4	3616	1	680	0	0	1
44427	7624.6	13132.7	11.6	0	133.6	3676	1	572	0	0	1
44477	7079.5	13081.2	15.7	0	154.1	3681	1	446	0	0	1
44664	6791.4	12941.8	12.3	0	181.1	3696	1	1121	0	0	1
44909	7355	13271.4	18.5	0	141	3720	1	302	0	0	1
44954	7317.8	13219.3	10.2	0	189.8	3726	1	1432	0	0	1
45032	7307.6	13192.9	29.1	0	172.4	3734	1	249	0	0	1
45206	7187.7	13132.7	28.2	0	181.4	3752	1	329	0	0	1
45211	7310.7	13233.5	21.4	0	173.2	3753	1	348	0	0	1
45215	7339.4	13296.9	22.7	0	158.6	3754	1	277	0	0	1
45224	7336.2	13266.7	25.6	0	173.7	3755	1	258	0	0	1
45228	7343.7	13244	14.2	0	169.4	3756	1	601	0	0	1
45246	7364.3	13290.1	13.2	0	142.2	3758	1	435	0	0	1
45264	7401.8	13263.1	20.8	0	150.7	3760	1	267	0	0	1
45283	7389.8	13287.8	16.3	0	150.5	3762	1	398	0	0	1
45374	7238.6	13011.7	8.6	0	144	3774	1	944	0	0	1
45748	7186.3	13225.5	32.8	0	149.1	3807	1	181	0	0	1
45769	7195	13143.9	20.8	0	186.5	3809	1	384	0	0	1
45818	7605.9	12873.9	12.3	0	162.3	3814	1	833	0	0	1
46039	7110.6	13088.8	13.9	0	198.8	3831	1	855	0	0	1
46404	7175.7	13026.5	22.1	0	165.4	3864	1	292	0	0	1
46907	7155.3	13048.7	21.6	0	150.4	3913	1	258	0	0	1
46910	7131	13058.2	9	0	147.8	3914	1	885	0	0	1
47585	7520.6	12653.9	18.9	0	165.7	3975	1	307	0	0	1
47673	7234.8	12873.4	20.9	0	117	3984	1	137	0	0	1
47971	7116.9	13104.4	12.4	0	190.6	4012	1	955	0	0	1
48127	7635.2	13107.2	7.3	0	174.5	4030	1	2290	0	0	1
48234	7192.5	12800.6	23.8	0	151.6	4040	1	245	0	0	1
48453	7243.3	13011.2	7.3	0	146.3	4062	1	1329	0	0	1
49092	7280.6	13200.3	16.8	0	174.9	4122	1	482	0	0	1
49162	7160.1	12997.3	27.4	0	158.9	4128	1	219	0	0	1
49386	7071.3	13120.3	24.1	0	199.3	4149	1	466	0	0	1
49489	7202.4	12990.8	8.6	0	129.1	4159	1	901	0	0	1
49997	7216.2	12838.6	12.8	0	161.3	4206	1	579	0	0	1
50055	6812.6	12769.5	7.1	0	151.9	4213	1	1525	0	0	1
50186	7201.8	13053.8	30.5	0	152.6	4227	1	205	0	0	1
50691	6808	12772.1	6.2	0	152.2	4277	1	1860	0	0	1
50708	6834.3	12823.9	13.5	0	166.4	4278	1	557	0	0	1
50930	7153.8	12927.6	17.6	0	128.2	4299	1	248	0	0	1
51050	7430.7	13305.9	12.9	0	156.9	4310	1	574	0	0	1
51204	7206.4	12978.1	9	0	156.7	4323	1	951	0	0	1
51224	7189.3	13026.3	32.9	0	120.3	4324	1	124	0	0	1
51358	7553.5	12655.7	19.7	0	174.8	4336	1	359	0	0	1
51466	7201.7	13047.5	15.8	0	158	4346	1	814	0	0	1
51905	7170.6	13028.4	14.5	0	149.2	4390	1	402	0	0	1
51920	7125.1	12999.3	12.5	0	161.4	4392	1	767	0	0	1
52537	6934.7	12907.3	38.5	0	130.1	4451	1	152	0	0	1
52560	6927.8	13017.1	32.9	0	104.9	4453	1	96	0	0	1
53011	7108.5	13084	22.7	0	139.2	4497	1	200	0	0	1
53272	7186.8	12976.2	20.1	0	122.6	4521	1	203	0	0	1
53661	7190.4	13094.4	12.4	0	197.2	4557	1	1206	0	0	1
53673	7178.5	13116.5	11.4	0	195.2	4558	1	983	0	0	1
53684	7175.7	13077.5	21.7	0	169.3	4559	1	418	0	0	1
54471	7108.8	13054.8	10.9	0	159.2	4635	1	960	0	0	1
54531	7304.9	13232.4	25.7	0	144.2	4639	1	205	0	0	1
54641	7218	12874.6	15.7	0	174.9	4649	1	443	0	0	1
55552	7168.9	12990.5	14.6	0	159.6	4736	1	613	0	0	1
55659	7413.7	12879.3	15.3	0	189.9	4748	1	721	0	0	1
55892	7182.1	13019.6	14.2	0	160.4	4770	1	538	0	0	1
56073	7172.8	13076.6	18.9	0	199.7	4789	1	666	0	0	1
56165	7176.1	13151.6	25.8	0	139.7	4798	1	178	0	0	1
56457	7651.3	13172.6	15.6	0	136.5	4829	1	294	0	0	1
56464	7678.9	13150.6	18.5	0	147	4830	1	308	0	0	1
56640	7361.3	13282	9.9	0	152.3	4846	1	866	0	0	1
56737	7209.1	13022.2	18.5	0	150.7	4854	1	334	0	0	1
56852	7150.8	13003.9	15.1	0	155.2	4866	1	480	0	0	1
57196	6755.4	12987.2	10.6	0	159.6	4899	1	770	0	0	1
57794	7152.8	12965.6	8.7	0	143.8	4965	1	899	0	0	1
57825	6988.6	12959	9.1	0	152.6	4968	1	875	0	0	1
57854	7221.4	13016	12.4	0	147	4971	1	474	0	0	1
58493	7470.7	13145.4	19.3	0	150.3	5032	1	316	0	0	1
58866	7240.3	13022.4	17.3	0	160.5	5071	1	397	0	0	1
58912	6784	12957	12.7	0	140.8	5078	1	477	0	0	1
59232	7203.5	13085.7	19.1	0	179.4	5114	1	472	0	0	1
59257	7204.1	12811	8.7	0	154.4	5118	1	1166	0	0	1
59271	7227	12812.3	10.8	0	144.9	5119	1	666	0	0	1
59294	6864.2	13034.5	24.8	0	163.6	5121	1	241	0	0	1
59355	7380.3	13228.6	27.7	0	197.7	5128	1	380	0	0	1
59376	7299.7	13149.2	17.3	0	197.3	5131	1	990	0	0	1
59387	7360.9	13256.1	16.9	0	146.3	5132	1	471	0	0	1
59399	7382.3	13257.6	21	0	135.6	5133	1	303	0	0	1
59492	7256.6	12752.9	16	0	190	5142	1	608	0	0	1
59811	7269.8	12936.6	8.1	0	160.7	5176	1	1479	0	0	1
60273	7153.5	13034.4	14.9	0	158.2	5230	1	503	0	0	1
60319	7118.9	13012.8	22.4	0	185.4	5235	1	706	0	0	1
60327	7137.2	13043.9	23.6	0	132.6	5236	1	208	0	0	1
60337	7211	13009.2	12.5	0	150.1	5237	1	561	0	0	1
60435	6975.6	12948.3	9.1	0	161.2	5248	1	1047	0	0	1
60473	7165.6	13054.6	29.6	0	125.8	5250	1	118	0	0	1
60825	7621.1	12862.6	25.9	0	150.9	5286	1	302	0	0	1
60832	7605.2	12839.7	10.7	0	156.7	5287	1	948	0	0	1
60881	7143.2	12975.8	12.1	0	146.4	5292	1	554	0	0	1
61076	6957.7	13117.6	8.3	0	135.4	5313	1	859	0	0	1
61083	7184	12944.7	10.6	0	159.3	5314	1	739	0	0	1
61090	7212.1	12985.1	12.9	0	165.2	5315	1	982	0	0	1
62189	7293.4	13180.7	25.6	0	165.8	5418	1	258	0	0	1
62557	6977	13113.2	19.5	0	149.3	5453	1	295	0	0	1
62634	7130	13039.6	13.2	0	187.6	5463	1	1061	0	0	1
62645	7102.1	13019.8	11	0	182.6	5464	1	1316	0	0	1
62702	7270.3	13188.3	18.5	0	162.4	5469	1	530	0	0	1
62777	7086.6	13090.5	14.8	0	197.1	5476	1	1302	0	0	1
62950	7222.3	13020.5	25.6	0	154.1	5493	1	180	0	0	1
62996	6959.6	13158.9	20.3	0	133.4	5498	1	230	0	0	1
63386	7226.4	12829.2	21.7	0	113.3	5536	1	145	0	0	1
63420	7139.4	13048.1	17.3	0	196.8	5539	1	604	0	0	1
63495	7145.2	13079.6	25.2	0	174.7	5545	1	276	0	0	1
63505	7168.6	13077.8	28.8	0	184.5	5546	1	351	0	0	1
63886	7185.8	13079.7	26.8	0	199.9	5587	1	425	0	0	1
63895	7291.9	13214.1	14.7	0	186.7	5588	1	652	0	0	1
63902	7158.9	13098.3	12.8	0	187.4	5589	1	778	0	0	1
64573	7534.4	12681.1	27.7	0	153.4	5662	1	214	0	0	1
65111	6764.2	13068.1	24.4	0	157.4	5690	1	282	0	0	1
65542	7589.9	12844.8	28.8	0	199	5713	1	456	0	0	1
65842	7213.9	12982.2	37.1	0	158.8	5730	1	251	0	0	1
66367	7218.7	12976.4	15	0	193.2	5760	1	986	0	0	1
66381	7228.9	12930.8	9.4	0	175.3	5761	1	1375	0	0	1
66549	7158.9	13103	19.9	0	199	5769	1	534	0	0	1
67027	7606.8	13116.7	19.2	0	180.5	5796	1	456	0	0	1
67166	7143	12985.8	15.1	0	150.5	5804	1	484	0	0	1
67182	7162.6	12972.7	12.7	0	173.6	5805	1	816	0	0	1
67321	7170.8	13064.4	22.7	0	161.5	5812	1	322	0	0	1
67357	6816.7	12783.7	11.7	0	157.2	5815	1	1065	0	0	1
67395	7196.3	13064.1	24.7	0	186.6	5817	1	362	0	0	1
67605	7249.3	12940.5	25.5	0	161.7	5829	1	254	0	0	1
67635	7142.8	13116.8	30.4	0	196.9	5831	1	359	0	0	1
67817	7288.5	13112.6	29.4	0	180.7	5842	1	276	0	0	1
67830	7248	13076.5	33	0	163.2	5843	1	197	0	0	1
68088	7147.7	12954.4	10.3	0	165.8	5860	1	1258	0	0	1
68110	7192.8	12959.8	21.9	0	166.3	5861	1	330	0	0	1
68520	7178.6	12943.5	8.4	0	149.6	5884	1	909	0	0	1
68999	7328.9	12800.2	39.2	0	172	5910	1	249	0	0	1
69640	7188.8	12824.8	24	0	128.6	5947	1	173	0	0	1
69646	7208.9	12804.6	9.4	0	150.2	5948	1	1133	0	0	1
70009	7662.9	13136.5	9.6	0	144.7	5968	1	911	0	0	1
70182	7135.3	13035.9	28.1	0	155.3	5977	1	225	0	0	1
70961	7457.5	13326.8	24.3	0	152.3	6022	1	228	0	0	1
71017	7463.5	13262.8	23	0	162.7	6026	1	301	0	0	1
71231	7602.1	13260.3	13.9	0	163.9	6038	1	758	0	0	1
71434	7189.3	12930.7	16.3	0	160.4	6049	1	477	0	0	1
72611	7180.6	13040.4	26.9	0	135.4	6125	1	207	0	0	1
72638	7147.1	13028.2	14.7	0	136.2	6126	1	383	0	0	1
72770	7571.8	12676.8	13.1	0	148.9	6135	1	726	0	0	1
73016	7206.8	12902.1	18	0	140.2	6150	1	314	0	0	1
73086	7236.7	13023.5	22.3	0	139	6153	1	311	0	0	1
73097	7271	13013	16	0	142.7	6154	1	382	0	0	1
74176	7160.9	12650.7	18	0	157.5	6219	1	411	0	0	1
74668	7210.6	13055.2	24.5	0	182.1	6250	1	268	0	0	1
74789	7440.8	13320.1	17	0	145.8	6259	1	306	0	0	1
74806	7409.9	13283.3	13.9	0	164	6260	1	708	0	0	1
75126	7304.1	13208.6	14.9	0	183.2	6280	1	1011	0	0	1
75326	7347	13266.4	12.9	0	165	6291	1	748	0	0	1
75552	7104.9	13090.7	25.9	0	166	6305	1	218	0	0	1
75709	7185.5	12879.5	14.5	0	149.6	6316	1	429	0	0	1
76037	7163.2	13137.4	16.7	0	189.6	6335	1	523	0	0	1
76384	7172.8	13005.9	11	0	130.9	6357	1	512	0	0	1
76491	6953.1	12614.4	28.2	0	170	6365	1	357	0	0	1
76515	6936.5	12578.5	30.1	0	163.8	6367	1	291	0	0	1
76629	7183.1	13014.5	14	0	168.2	6375	1	819	0	0	1
76770	7118.5	13066.1	29.2	0	194.3	6384	1	351	0	0	1
77064	7162.2	13024.3	17.5	0	162.2	6404	1	378	0	0	1
77113	7193.5	12952.9	28.5	0	175.4	6407	1	288	0	0	1
77554	7273.6	13029.9	9.8	0	165.7	6438	1	1180	0	0	1
78144	6775.3	12781.8	29.7	0	141.8	6475	1	168	0	0	1
78163	6797.4	12769.5	9.8	0	154.6	6476	1	820	0	0	1
78255	7118.8	13044.1	16.3	0	152.7	6482	1	367	0	0	1
78433	7201.2	13018.6	13.4	0	150.4	6493	1	473	0	0	1
78814	7201.6	13018.2	10.2	0	145.1	6518	1	690	0	0	1
79139	7184.5	12789.3	18.5	0	130.2	6543	1	308	0	0	1
79238	7417.3	12934.8	25.2	0	189.1	6550	1	357	0	0	1
79423	7161.2	13021	11.2	0	160.7	6562	1	640	0	0	1
79673	7127.8	12955.8	14.3	0	154.3	6579	1	473	0	0	1
80026	7139.5	13107.5	17.4	0	192.9	6605	1	719	0	0	1
80527	7136.7	13107	15.7	0	187.6	6637	1	660	0	0	1
80565	7346.8	12894	28	0	185.6	6640	1	374	0	0	1
80642	7400.8	12922.6	23.3	0	173.7	6646	1	367	0	0	1
81345	7194.1	12932.6	14.6	0	175.5	6689	1	2166	0	0	1
81427	7062.9	12541.2	11.8	0	168.3	6694	1	641	0	0	1
81457	7051.5	12504.6	27	0	161.4	6695	1	223	0	0	1
81669	7150.8	13075.6	17.5	0	199.1	6710	1	908	0	0	1
81693	7144	13054.3	21.5	0	127.9	6712	1	240	0	0	1
81974	6857.2	13243.5	10.3	0	173.4	6735	1	1189	0	0	1
82026	7145.1	13045.3	22.6	0	114.8	6739	1	141	0	0	1
82099	7218.1	12826.7	13.1	0	172.3	6743	1	1243	0	0	1
82316	7142.6	12997.3	14.8	0	174.6	6757	1	701	0	0	1
82657	6965.9	12615.4	21.9	0	193.5	6782	1	448	0	0	1
83214	7120.1	13069	7.4	0	156	6818	1	2089	0	0	1
83250	7230.7	13177.1	8.7	0	191	6821	1	1889	0	0	1
83264	7302.4	13239.1	8.3	0	175.4	6822	1	2176	0	0	1
83281	7187	13080.6	10.4	0	185.5	6823	1	2252	0	0	1
83353	7278.8	13160.2	22.4	0	193.3	6827	1	572	0	0	1
83461	7174.2	13009	15.4	0	166	6835	1	418	0	0	1
83522	7115.3	13110.5	21.2	0	189.4	6841	1	354	0	0	1
83675	7132.4	13102.3	27.5	0	155	6852	1	178	0	0	1
83765	7138.3	13066	30.6	0	134.8	6858	1	173	0	0	1
83838	7139.3	12986.5	10.4	0	146.5	6863	1	699	0	0	1
83841	7126	13020	18.8	0	142.3	6864	1	240	0	0	1
83883	7157.2	13076.9	32.5	0	171.7	6867	1	260	0	0	1
83970	7138.2	13082.3	25.5	0	148.7	6874	1	201	0	0	1
84086	7105.3	13056.9	25.1	0	147.5	6881	1	189	0	0	1
84279	7229.6	13075.6	11.8	0	147.9	6896	1	507	0	0	1
84303	7144.9	13071.5	6.1	0	157.4	6897	1	1806	0	0	1
84457	7648.3	13103.1	12.6	0	178	6908	1	1763	0	0	1
84767	7106.8	13047	12.2	0	167.5	6930	1	1034	0	0	1
85313	6933.6	13142.3	21.6	0	157.5	6967	1	358	0	0	1
85542	7667.1	13167.9	23.8	0	165.2	6982	1	316	0	0	1
85577	7136.3	13071.4	22.2	0	137.4	6984	1	201	0	0	1
86043	7215.6	12939.3	10.8	0	156	7017	1	821	0	0	1
86496	7227	13019.7	8.7	0	150.6	7051	1	933	0	0	1
86593	7424.4	13309.9	16	0	149.4	7058	1	341	0	0	1
87297	7143.5	13133.7	20.9	0	195.3	7108	1	477	0	0	1
87708	7608.3	13157.3	20.3	0	118.5	7136	1	170	0	0	1
88052	7157.8	12945.3	12.3	0	160.6	7161	1	572	0	0	1
88120	7174.4	12818.5	23.1	0	155.5	7166	1	264	0	0	1
88724	7222.7	12954	9.6	0	157	7207	1	850	0	0	1
89122	7199.8	12982	17.3	0	180.2	7238	1	581	0	0	1
89394	7101.4	13061.3	32.5	0	157.3	7257	1	189	0	0	1
89407	7153.7	13043.1	20.8	0	156.9	7259	1	373	0	0	1
89583	7178	13036.5	25	0	148.2	7270	1	236	0	0	1
90205	7123	13076.7	25.9	0	196.5	7316	1	347	0	0	1
90254	7175.2	13105.3	33.2	0	197	7318	1	305	0	0	1
90373	7182.6	13074.4	15.9	0	195.3	7327	1	636	0	0	1
90383	7102.9	13062.3	38.2	0	195.4	7328	1	275	0	0	1
90703	7665	13147.2	12.2	0	158.7	7353	1	734	0	0	1
90860	7196.6	12922.2	12.7	0	146	7364	1	500	0	0	1
91065	7300	13267.8	14.6	0	176.2	7379	1	655	0	0	1
91085	7236.1	13060.8	14.2	0	171.1	7381	1	596	0	0	1
91101	7248	13105.4	14.1	0	186.3	7382	1	888	0	0	1
91129	7311.6	13224.2	19.4	0	194.7	7384	1	495	0	0	1
91133	7344.5	13239.5	23.2	0	194.7	7385	1	395	0	0	1
91386	6965.1	12568.4	13.8	0	158.8	7407	1	581	0	0	1
91434	6959.7	12620.6	18.5	0	165.2	7410	1	358	0	0	1
92240	7569	13292.6	13.6	0	186.6	7471	1	808	0	0	1
92445	7192.9	13043.5	26.3	0	186.9	7486	1	404	0	0	1
92639	7210.8	12892.4	18.8	0	112.1	7501	1	157	0	0	1
93134	7316.4	12784.1	13.9	0	199.7	7534	1	981	0	0	1
93380	7049.5	13014	23.9	0	186.9	7550	1	450	0	0	1
93512	7103.3	13054.5	32	0	170	7561	1	197	0	0	1
93595	7151.9	12983	10.8	0	196.1	7566	1	1137	0	0	1
94642	7385.6	12907.2	27.3	0	160.9	7644	1	213	0	0	1
94802	6986.2	12603.2	21.2	0	166.9	7656	1	365	0	0	1
94815	6955.8	12601.3	28.7	0	180.7	7657	1	426	0	0	1
95530	7195.6	12854	8.4	0	148.1	7709	1	1008	0	0	1
95939	7101.9	12929.7	30.6	0	165.3	7741	1	210	0	0	1
97057	7377.2	13285.4	20	0	155.7	7822	1	253	0	0	1
97355	7157.2	12997.4	11.8	0	147.6	7842	1	542	0	0	1
97562	7239.8	12751.8	32.4	0	183	7857	1	213	0	0	1
97731	7580.3	12570.2	18.7	0	164.6	7869	1	352	0	0	1
97835	7210.1	12941.9	12.5	0	149.4	7878	1	526	0	0	1
98022	7152.2	13210.3	9.7	0	151.1	7894	1	834	0	0	1
98370	7223.5	13036.7	12.6	0	137.2	7923	1	434	0	0	1
98932	6982.5	12648.8	27	0	189.8	7966	1	316	0	0	1
98945	7006.6	12597	32.2	0	157.5	7967	1	327	0	0	1
99030	6954.5	12560.1	23.2	0	169.9	7972	1	376	0	0	1
99382	7326.5	12760.5	10	0	199.7	7999	1	1869	0	0	1
99426	7344	12777.7	11.4	0	178.5	8002	1	918	0	0	1
99728	7172.1	13092.8	28.9	0	196.6	8024	1	312	0	0	1
100127	7164.1	12993.2	15.8	0	163.2	8055	1	413	0	0	1
100579	7365.9	13274.6	23	0	166.6	8088	1	281	0	0	1
100773	7175.8	12863	12.9	0	165	8100	1	651	0	0	1
100843	7163.1	13081.8	34.4	0	113.4	8107	1	85	0	0	1
100870	7119.3	13016.2	27.2	0	175	8109	1	230	0	0	1
100885	7134.3	13062.7	22.7	0	147.2	8110	1	195	0	0	1
100898	7196.4	12956.5	23	0	199.7	8112	1	604	0	0	1
100981	7168.3	12959.2	11	0	164.6	8119	1	856	0	0	1
100988	7148.5	12979.6	13.1	0	169.6	8120	1	678	0	0	1
101005	7165.1	13032.9	25.7	0	151.7	8122	1	191	0	0	1
101019	7121.8	13047	25.4	0	149.7	8123	1	178	0	0	1
101032	7144.2	13051.3	22.5	0	150.6	8124	1	208	0	0	1
101056	7165.1	12992.5	31.5	0	167.3	8126	1	203	0	0	1
101080	7138.9	13042	24.1	0	163.9	8129	1	200	0	0	1
101165	7187.7	12997.5	31.6	0	172.6	8136	1	193	0	0	1
101170	7127.7	13037.6	28	0	103.1	8137	1	84	0	0	1
101255	7459.9	13154.1	10.8	0	191.7	8144	1	1256	0	0	1
101683	7441.4	13288	14.1	0	174.7	8176	1	612	0	0	1
101711	7469.3	13293.1	13.9	0	178.9	8177	1	704	0	0	1
101847	7385.6	13275.5	15.3	0	156.5	8187	1	501	0	0	1
101892	7197.2	13011.6	14.2	0	157.2	8190	1	518	0	0	1
102853	7611	12858	32.8	0	157.1	8262	1	381	0	0	1
103316	7187.6	12795.7	14.8	0	155.5	8295	1	458	0	0	1
103421	7619.5	13126.1	23.1	0	164.7	8304	1	266	0	0	1
104769	6923.4	12588.2	22.8	0	152.2	8418	1	236	0	0	1
105234	6953.7	12605	30.5	0	187.9	8454	1	258	0	0	1
105301	6992.1	12575.8	21.4	0	170.2	8460	1	310	0	0	1
105358	6803.7	12902.2	19.8	0	176.7	8463	1	393	0	0	1
106056	7341.3	13257	28.1	0	125.7	8521	1	144	0	0	1
106246	7174.5	13139.3	18	0	195	8535	1	538	0	0	1
106336	7322.4	12792.5	12.5	0	186.6	8543	1	841	0	0	1
106640	6945.6	13088.2	28.3	0	190.5	8570	1	262	0	0	1
107070	7184.4	13010.6	28.1	0	173	8601	1	308	0	0	1
107342	7215.7	12855.5	26.7	0	159.5	8622	1	247	0	0	1
107517	7214.9	12850.5	20.9	0	140.4	8634	1	254	0	0	1
107707	7035.7	13050.7	34.8	0	199.5	8648	1	322	0	0	1
107770	7182.2	12936.1	9.1	0	143	8653	1	834	0	0	1
107974	7613.5	13127.1	19.3	0	144.8	8667	1	357	0	0	1
108019	7193	12830.5	20.5	0	134.1	8671	1	253	0	0	1
108020	7182.5	12986.4	24.1	0	160.6	8672	1	331	0	0	1
109307	7210.5	13068.8	29.8	0	187	8775	1	301	0	0	1
109316	7185.1	13092.7	42.8	0	195.5	8776	1	303	0	0	1
109347	7230.6	13060.9	11.9	0	157.5	8779	1	676	0	0	1
109736	6755.4	13076.7	16	0	154.9	8807	1	401	0	0	1
110100	7008.3	12733.5	17.2	0	199.6	8837	1	626	0	0	1
110300	7658.5	13142	10.6	0	172.2	8851	1	770	0	0	1
110603	7211.5	12950.3	28	0	140.7	8876	1	224	0	0	1
111086	6945.4	13002.5	23.2	0	168.6	8916	1	317	0	0	1
111100	6951.6	12968.4	33.9	0	135.9	8917	1	164	0	0	1
111522	7226.3	13032.4	10.5	0	145.8	8948	1	668	0	0	1
111763	7372.3	12971.8	13.5	0	196	8966	1	1039	0	0	1
111775	7233.4	13097.1	23.4	0	182.2	8968	1	339	0	0	1
112037	7308.4	13190.3	15.3	0	154.3	8989	1	438	0	0	1
112729	7438.6	12722.7	31	0	163.5	9046	1	250	0	0	1
113118	7140.8	12931.2	19.8	0	141.9	9075	1	285	0	0	1
113234	7172.8	13075.4	28.2	0	194	9083	1	325	0	0	1
113325	7094.8	13041.7	12.6	0	150.2	9091	1	597	0	0	1
113811	7141	12775.1	14.2	0	138.2	9130	1	411	0	0	1
114161	7410.8	13146.3	20.9	0	153.6	9160	1	266	0	0	1
114175	7132.8	12964.1	9.3	0	138.7	9161	1	621	0	0	1
114261	7102.9	13026	16.5	0	157.5	9167	1	558	0	0	1
114305	7136.3	13022.9	16.9	0	148.5	9171	1	533	0	0	1
114479	7046.3	12899.4	28.4	0	191.3	9187	1	334	0	0	1
114531	7540.9	13287.2	41.8	0	155.1	9192	1	186	0	0	1
114572	7424.1	12592.3	37	0	185.5	9195	1	264	0	0	1
114735	7378.1	13254.3	22.7	0	145.9	9207	1	274	0	0	1
114750	7191.9	12967	27.9	0	131.6	9208	1	175	0	0	1
114756	7218.3	12996.6	26.8	0	188.1	9209	1	329	0	0	1
114774	7223	13019.5	11.3	0	175.2	9210	1	1138	0	0	1
114814	7168.3	12974.3	10.4	0	132.8	9213	1	608	0	0	1
114830	7136.9	12995.9	19.3	0	158.7	9214	1	307	0	0	1
115353	7164.1	13035.8	9.3	0	157.3	9252	1	834	0	0	1
115596	7177.6	12965.1	11.8	0	130	9270	1	445	0	0	1
117191	7117.7	13101.8	31.6	0	199.8	9402	1	313	0	0	1
117572	7111.8	13013.9	9.4	0	164.5	9435	1	1354	0	0	1
117949	6811	12926.2	12.5	0	167	9463	1	699	0	0	1
118199	7179.6	12786.8	14.5	0	137.5	9483	1	339	0	0	1
118570	7212.1	12963	19.3	0	187.4	9513	1	497	0	0	1
118736	7230.2	12817.4	27.2	0	164.6	9528	1	217	0	0	1
118807	6771.5	12984.3	22	0	148.3	9534	1	449	0	0	1
118938	7201.4	12988.1	12.1	0	166.3	9545	1	726	0	0	1
119354	7183.9	12809.4	11.7	0	153.5	9581	1	556	0	0	1
119444	7206.9	13067.7	8.9	0	152.7	9588	1	870	0	0	1
119450	7218.3	13048.5	8.8	0	159.7	9589	1	1012	0	0	1
119469	7233.1	13027.2	14.2	0	156.9	9590	1	530	0	0	1
119676	7062.4	13083.7	17	0	174.9	9609	1	510	0	0	1
119713	7096.4	13032.7	7.3	0	157	9613	1	1350	0	0	1
120089	7118.1	12965.7	27.5	0	150.6	9647	1	198	0	0	1
120108	7133.1	12947	16.1	0	161.6	9648	1	474	0	0	1
120334	7331.4	12759.9	14	0	199.4	9667	1	1099	0	0	1
120349	7462.4	12728.4	16.9	0	148.3	9668	1	315	0	0	1
120413	7192.4	13016	9.3	0	143.3	9674	1	623	0	0	1
120526	6808.8	13194.9	17.7	0	181.1	9683	1	459	0	0	1
121211	7142.5	13227.1	15.9	0	145.3	9739	1	410	0	0	1
121568	7157.1	13043.8	10	0	154.7	9772	1	792	0	0	1
122292	7171.4	12960.4	25.8	0	153.2	9830	1	355	0	0	1
122442	7164.4	13024.9	14.7	0	149.2	9843	1	350	0	0	1
122453	7152.4	12994.6	13.9	0	163.9	9844	1	532	0	0	1
122468	7125.8	13061.2	10.6	0	139.8	9846	1	613	0	0	1
122574	7110.7	13025	37.3	0	193.5	9854	1	236	0	0	1
122594	7230	13069.1	16.6	0	166.2	9856	1	509	0	0	1
122961	6802.6	12776.1	8.8	0	157.2	9891	1	1131	0	0	1
123064	7154.8	13154.2	23	0	194.4	9901	1	378	0	0	1
123583	7155.3	13064.6	26.4	0	166.5	9944	1	247	0	0	1
123607	7127.4	12989	21.4	0	159.4	9946	1	269	0	0	1
123874	7402.9	12923.3	22.8	0	118.8	9969	1	132	0	0	1
124326	7654.4	13121.6	21.2	0	157.7	10007	1	356	0	0	1
124565	7170	13026.7	33	0	168.5	10028	1	208	0	0	1
124591	7173.4	13081.7	16.2	0	172.5	10030	1	388	0	0	1
124773	7178.6	13034.9	10.9	0	182.2	10044	1	1181	0	0	1
124790	7574.7	13242.9	26.7	0	143.1	10045	1	163	0	0	1
124813	7144.7	13003.2	35.2	0	108.3	10047	1	93	0	0	1
124989	7565.7	13274.2	35.2	0	131.8	10062	1	114	0	0	1
125068	7177.1	12808.1	8	0	151.6	10069	1	1176	0	0	1
125082	7185.7	13065.4	31.8	0	156.5	10071	1	213	0	0	1
125155	7124	13055.3	11.2	0	148.6	10076	1	778	0	0	1
125219	7209.4	13043	19.3	0	170.1	10081	1	576	0	0	1
125326	7153.8	13077.8	32.9	0	146.9	10089	1	159	0	0	1
125685	7124.6	12947.3	29.1	0	155.9	10118	1	307	0	0	1
125698	7182.9	12943.6	7.5	0	159.3	10119	1	1372	0	0	1
125708	7146.5	13025.7	10.2	0	147.8	10120	1	929	0	0	1
125731	7017.4	13061.9	19.5	0	186.9	10122	1	528	0	0	1
125774	7207	13052.3	18.6	0	172.8	10125	1	550	0	0	1
126188	7312.8	13268.5	26.7	0	152.9	10160	1	240	0	0	1
126295	7131	12964.1	11.2	0	165.4	10169	1	1020	0	0	1
126876	7204	12835.7	13.6	0	154.4	10223	1	465	0	0	1
127418	7586	12836.8	15.4	0	155.6	10273	1	379	0	0	1
127490	7609	12835.6	8.5	0	162	10280	1	1044	0	0	1
127615	7396.1	13261.2	29.5	0	156.8	10290	1	173	0	0	1
127808	7383.1	12896.8	14.2	0	190.6	10306	1	1049	0	0	1
127826	7350.7	12862.6	30.9	0	180.6	10307	1	327	0	0	1
127919	7120.7	13089	26.8	0	154.2	10316	1	215	0	0	1
128188	6782.8	12958.4	21.4	0	179.1	10340	1	363	0	0	1
128364	7163.4	13035.7	22.7	0	171.9	10356	1	421	0	0	1
128429	7140.6	13021	11.6	0	135.3	10362	1	462	0	0	1
128443	7159.2	13029.7	23.5	0	153.4	10363	1	277	0	0	1
128466	7642.6	13206.4	32.1	0	139	10365	1	122	0	0	1
128502	7629.4	13164.2	16.7	0	184.8	10368	1	613	0	0	1
128552	7195.8	12833.5	14.9	0	156.7	10372	1	427	0	0	1
129079	7310.5	12766.5	19.6	0	174.4	10417	1	540	0	0	1
129269	7149.7	13041.5	24.9	0	199.9	10437	1	334	0	0	1
129283	7059.3	13029.5	26.4	0	194.6	10438	1	405	0	0	1
129396	7231.4	13054.5	17.2	0	151.7	10449	1	358	0	0	1
129437	7147.8	12829.2	8.4	0	173.3	10452	1	1874	0	0	1
129457	7121.4	13019.8	12.4	0	159.9	10453	1	651	0	0	1
129478	7092.5	13025.3	18.2	0	160.6	10455	1	642	0	0	1
129665	7255.5	12979.3	20.2	0	153.3	10472	1	365	0	0	1
129772	7195.3	12973.8	28.4	0	170.5	10481	1	217	0	0	1
130207	7182.6	13067	15.7	0	196.3	10520	1	853	0	0	1
130378	7134	13044.7	21.6	0	175.3	10535	1	476	0	0	1
130396	7158.5	13040.7	31.8	0	154.5	10537	1	173	0	0	1
130408	6820	12891.1	29.9	0	172.1	10538	1	281	0	0	1
130420	6783.9	12888.4	26.7	0	174.4	10539	1	286	0	0	1
130709	6924.1	13263.5	35.8	0	159.6	10563	1	174	0	0	1
130798	7126.4	12960.9	18.8	0	150.5	10571	1	295	0	0	1
131089	7257.2	12902.4	18.9	0	171	10594	1	556	0	0	1
131248	7617	13124.5	9.2	0	146.9	10607	1	824	0	0	1
132507	7137.4	13058.6	15.4	0	147.6	10714	1	405	0	0	1
132804	6819	12918.5	12.2	0	180.5	10736	1	905	0	0	1
132831	6805.8	12889.9	17.9	0	166.8	10737	1	565	0	0	1
133072	7159.4	12937.1	11	0	149	10758	1	753	0	0	1
133221	7174.3	12941.6	9.1	0	138.4	10770	1	732	0	0	1
134082	7175.5	13163.9	35.2	0	169.6	10852	1	178	0	0	1
134652	7241.6	13142.6	26.6	0	185.6	10901	1	287	0	0	1
134667	7278.3	13144.4	32.6	0	198.7	10902	1	275	0	0	1
134799	7194.9	12888.7	21.4	0	142.1	10916	1	273	0	0	1
134813	7190.6	12924.7	16	0	157.4	10917	1	423	0	0	1
134826	7223.4	12911.4	14.7	0	190.4	10918	1	822	0	0	1
135116	7187.7	13076.6	14.8	0	193.7	10945	1	700	0	0	1
135197	7186.9	12940.7	18.9	0	152.4	10952	1	307	0	0	1
135343	7192.4	12907.7	12.8	0	151.6	10967	1	505	0	0	1
135392	7160.8	13126.2	39.6	0	188.6	10970	1	289	0	0	1
135928	7211	12905.4	27.1	0	124.9	11022	1	131	0	0	1
136030	7161.1	13014.6	22.4	0	184.2	11032	1	359	0	0	1
136405	7140.8	13063.6	11.8	0	183.6	11062	1	1429	0	0	1
136676	7246.9	13010.8	13.5	0	146	11085	1	478	0	0	1
136742	7241.1	13013	10.1	0	152.6	11090	1	727	0	0	1
136749	7263.6	12987.8	11.1	0	147	11091	1	639	0	0	1
137080	7050.3	12959.1	13.3	0	182.5	11124	1	1057	0	0	1
137180	6812.4	13197.4	24.2	0	144.4	11134	1	238	0	0	1
137286	7141.9	12998.3	26.1	0	127.7	11145	1	159	0	0	1
137295	7098.8	12976.4	26.5	0	158.5	11146	1	218	0	0	1
137320	7250.7	12714.9	41.8	0	178.6	11148	1	212	0	0	1
137327	7237	12792.3	24.9	0	177.2	11149	1	243	0	0	1
137338	7115.2	12974.8	29.7	0	134.5	11150	1	137	0	0	1
137378	7126.9	13001.5	23	0	138.1	11153	1	163	0	0	1
137438	7483.2	13133.6	17.5	0	181.4	11159	1	496	0	0	1
137513	6767.7	12826.4	15.9	0	199	11167	1	775	0	0	1
137541	7140.5	13033.9	13.7	0	163.4	11169	1	726	0	0	1
137741	6958.4	12610.2	19.8	0	192.3	11187	1	431	0	0	1
137798	6971.9	12622.8	17.5	0	185.1	11191	1	452	0	0	1
138077	7264.1	13181.2	32.4	0	172.8	11214	1	217	0	0	1
138163	7231.9	13151.3	23.5	0	147.6	11222	1	185	0	0	1
138292	7166.6	13035.7	18.1	0	180.3	11233	1	458	0	0	1
138313	7139.9	13035.4	15.6	0	175.6	11234	1	483	0	0	1
138334	7225.7	13075.6	25.9	0	198.2	11235	1	448	0	0	1
138345	7204.8	13050.8	27	0	185.3	11236	1	250	0	0	1
138476	7202.6	12835.2	29.6	0	147.6	11247	1	192	0	0	1
138490	7180.4	12832.4	9.3	0	158.6	11248	1	1117	0	0	1
139626	7114.8	13068.3	22	0	143	11341	1	220	0	0	1
139922	7500.9	13175.8	32.9	0	141.6	11363	1	160	0	0	1
139934	7123.7	13091.9	18.5	0	154	11365	1	295	0	0	1
140306	7099.3	13046.3	8.7	0	162.7	11397	1	1097	0	0	1
140489	7141.2	13071	16	0	148.8	11412	1	439	0	0	1
140495	7120.8	13093.2	22.6	0	145.4	11413	1	352	0	0	1
140503	7100.3	13073.7	17.4	0	140.1	11414	1	301	0	0	1
140760	7232.1	13006.7	19.9	0	156	11440	1	262	0	0	1
141681	7668.4	13167.4	19.6	0	174.6	11525	1	379	0	0	1
141757	7144.1	12974.8	14.1	0	158.1	11531	1	492	0	0	1
142179	7359.6	13231.5	18.5	0	146	11567	1	313	0	0	1
142304	6808.3	12922.1	19.6	0	160	11577	1	318	0	0	1
142315	6830.6	12910.8	10.4	0	192.5	11578	1	1533	0	0	1
142335	7218.6	12807.1	15.5	0	166.5	11579	1	540	0	0	1
142345	7194.3	12840	24.6	0	152.1	11580	1	250	0	0	1
142542	6980.1	12945.2	14	0	140.8	11596	1	435	0	0	1
142578	7344	12578.1	26.7	0	199.1	11599	1	338	0	0	1
143109	6964.6	12934	18.5	0	146.7	11648	1	312	0	0	1
143237	6942.4	12961.3	6.4	0	156.9	11659	1	1722	0	0	1
143250	6915.4	12962.8	12.1	0	169.9	11660	1	925	0	0	1
143273	6966.3	12968.4	7.8	0	146	11662	1	983	0	0	1
143371	7150	12963.2	14.6	0	137.9	11669	1	341	0	0	1
143438	7523.4	12622.4	22.4	0	153	11674	1	244	0	0	1
143834	7616.4	12814.6	15.3	0	165.5	11708	1	648	0	0	1
144046	7109.2	13013.4	13.1	0	152.2	11724	1	516	0	0	1
144069	6871.8	12597.2	22.4	0	168.6	11726	1	343	0	0	1
144090	7118.1	13036.6	11.9	0	158.6	11728	1	596	0	0	1
144225	7128.7	13014.2	13.4	0	150.2	11741	1	464	0	0	1
144304	7149.6	13038.5	21.5	0	150.9	11748	1	236	0	0	1
145114	7173.9	12998	20.1	0	176.1	11820	1	386	0	0	1
145469	7166.1	12642.5	36.8	0	121.3	11855	1	99	0	0	1
145564	7139	13011.8	19.2	0	148.4	11863	1	288	0	0	1
145841	7214.8	12915.4	17.9	0	146.5	11885	1	341	0	0	1
145863	7191.5	12913.3	7.5	0	149.7	11886	1	1011	0	0	1
145940	7098.6	13087	19.4	0	158.9	11892	1	341	0	0	1
145951	7104.5	13062	20.8	0	123.8	11893	1	162	0	0	1
145964	7161.2	13004	12.8	0	166.6	11894	1	612	0	0	1
146045	7220.4	13043.4	36	0	120	11900	1	90	0	0	1
146529	7159.7	12957.6	20	0	140.2	11938	1	236	0	0	1
146577	7154.9	12642.1	14.2	0	155.6	11942	1	466	0	0	1
146853	7166.7	12930.9	12.3	0	139.3	11965	1	520	0	0	1
146936	7055.3	12522.9	25.5	0	185.8	11973	1	265	0	0	1
147061	7156.3	12942.8	11.6	0	141.2	11982	1	477	0	0	1
147141	7147.1	12950.6	12.8	0	155.4	11988	1	580	0	0	1
147532	7350.8	13283.9	8.5	0	154.4	47	2	1342	0	0	1
147587	7133.4	12968.2	3.1	0	149.3	60	2	5569	0	0	1
147662	7121	13055.7	7.9	0	152.1	75	2	1083	0	0	1
148146	7322	13259.5	8	0	165.3	173	2	1971	0	1	1
148179	7179.8	12934.4	6.8	0	146.9	180	2	1532	0	0	1
148865	7442.7	13305.3	5.4	0	168.7	348	2	3768	0	0	1
149002	7152.3	12951.3	8.9	0	160.7	378	2	1293	0	0	1
149097	7206.7	13013.6	6.9	0	143.5	401	2	929	0	0	1
149177	7078.1	13057.3	5.9	0	146.3	420	2	1607	0	0	1
150052	7141.2	13030.1	4.4	0	148	620	2	3003	0	0	1
150083	7129.9	13083.7	5.5	0	193.4	627	3	6458	0	0	1
150279	6975.5	13314.2	8.5	0	143.9	673	2	1370	0	0	1
151183	7148.4	12999.5	9.3	0	155.6	885	2	1082	0	0	1
151287	7175.7	13143.5	8.2	0	196.8	911	2	1766	0	0	1
151331	7179.9	13132.3	6.9	0	195.7	920	2	3225	0	1	1
151781	7181.8	13097	11.7	0	184.5	1035	2	841	0	0	1
152618	7644.4	13145.6	7.6	0	159.3	1252	2	1319	0	0	1
152644	7600.8	12852.3	11.5	0	186.8	1258	2	1048	0	0	1
153072	7151.7	12947.8	5.5	0	141.5	1366	3	1756	0	0	1
153135	7159.7	13020	6.5	0	156.9	1385	2	1456	0	0	1
153732	7227.9	13030	4.6	0	141.3	1538	2	1916	0	0	1
153798	7556.5	12646.9	7.5	0	169	1555	2	1337	0	0	1
154001	6938.4	13110.9	6.1	0	134.9	1605	2	1188	0	0	1
154136	7149.2	12616	5.3	0	151.9	1640	2	5063	0	0	1
154276	7555.9	12644.2	5.7	0	168.8	1675	2	1868	0	0	1
154283	7543.3	12658.3	7.9	0	165.6	1677	3	2293	0	1	1
154426	7132.4	13053.7	6	0	148.7	1714	2	2362	0	1	1
154679	7225	13026	7.7	0	153.9	1780	2	1349	0	0	1
155079	7444.3	12716	8.4	0	165.1	1894	2	1035	0	0	1
156087	7202.5	12901.3	4.9	0	151.8	2162	2	2441	0	0	1
156178	7104.1	13068.1	10.4	0	146.1	2187	2	685	0	0	1
156298	7191.3	12810.7	5.8	0	150.5	2213	2	3893	0	0	1
156392	7605	12816.5	11.5	0	156.2	2238	2	831	0	0	1
156507	7196.7	13144.4	8.3	0	196.8	2271	2	1995	0	0	1
156569	7450.9	13301.9	5.8	0	168.3	2289	4	2732	0	0	1
156598	7182.2	13019.3	5.7	0	151.9	2295	2	2474	0	0	1
157483	7478.5	13036.6	5.6	0	170.2	2497	3	3174	0	2	1
157796	7102.5	13043.8	4.8	0	151.6	2575	2	1868	0	0	1
157908	7170.9	12999.7	4.3	0	147	2598	2	2903	0	0	1
157966	6956	12974.6	3.6	0	141	2612	2	2811	0	0	1
158065	7224.8	13047.1	8.8	0	157.1	2640	2	863	0	0	1
159335	7355.6	13279.6	2.9	0	146.6	2985	5	7468	0	0	1
159494	7372.7	13294.4	6	0	147.8	3028	2	1280	0	0	1
159535	6767.4	12979	4.2	0	151	3038	5	4943	0	1	1
159930	7460.8	12704.1	5.4	0	157.9	3144	2	1833	0	0	1
160622	7020.6	12745	5.1	0	192.6	3352	5	4350	0	3	1
160750	7272.2	13178.6	2.9	0	150.1	3385	5	5650	0	0	1
161330	6943.1	12960.1	8.2	0	152.4	3545	2	957	0	0	1
161537	7453.9	12709.5	2.6	0	159.2	3601	9	14255	0	2	1
161667	7538.5	12545.6	6.8	0	148.6	3637	3	2215	0	0	1
161815	7105.9	13074.7	5.5	0	150.4	3682	2	1400	0	0	1
161878	7157.9	13101.1	5.3	0	199	3702	2	4206	0	1	1
161939	7355	13262.9	4.8	0	164.1	3721	5	4192	0	0	1
161959	7343.7	13247.5	5.9	0	171.8	3727	4	2370	0	2	1
162062	7373.4	13273	7	0	153.9	3763	2	1334	0	1	1
162130	7145	13053	9.7	0	160.5	3784	2	1011	0	0	1
162275	7179.1	13022.7	6	0	159.5	3822	2	1309	0	0	1
162617	7384.1	13304.5	13.6	0	153	3925	2	478	0	0	1
162626	7203	13116.2	13	0	188.3	3927	2	717	0	0	1
162780	7198.4	12856.6	2.9	0	147.9	3980	4	13136	0	0	1
163063	7180.2	13015.4	8.7	0	145.4	4069	2	788	0	0	1
163428	7281.7	13211.6	15.3	0	157.4	4175	2	439	0	0	1
163493	7151.2	13156.3	11	0	186	4197	2	1052	0	0	1
163614	7145.8	13042.2	3.9	0	165	4236	4	15361	0	2	1
163725	7142.8	13060	7	0	140.9	4273	2	1314	0	0	1
164103	7181.5	13020.5	8.4	0	129.8	4388	2	549	0	0	1
164113	7159.4	13023.4	3.2	0	150.4	4391	6	6525	0	2	1
164416	7150	13064.2	5.6	0	155.5	4495	2	3054	0	0	1
164553	6771.9	12967.4	4.6	0	148.3	4535	2	2597	0	0	1
164746	7137.3	13017	7.9	0	141.2	4590	2	888	0	0	1
164957	7199.4	12851.9	8	0	160.7	4650	2	2251	0	0	1
165291	6807.4	13187.5	10.4	0	168.3	4751	2	995	0	0	1
165299	6814.4	13201.6	8.5	0	169.5	4753	2	1019	0	0	1
165753	6774.3	12977.8	5.2	0	149.8	4897	2	2544	0	0	1
166276	7176.3	13006.1	5.3	0	153.8	5058	4	3764	0	0	1
166458	7389	13269	7.9	0	153.5	5124	2	1150	0	0	1
166475	7354.3	13242.1	13.6	0	149.1	5129	2	562	0	0	1
166627	7021.6	12747.1	7.5	0	196.5	5172	2	1666	0	0	1
166805	7207.6	12809.9	4.3	0	161.1	5232	2	5716	0	0	1
167140	6968.1	13111.1	6.9	0	168.6	5348	2	1587	0	0	1
167515	6959.3	13114.2	5.4	0	139.7	5451	4	2117	0	1	1
167561	6961.8	13117.5	6.3	0	133.7	5465	2	1378	0	0	1
167583	7271.8	13161.5	10.5	0	152.3	5470	2	1078	0	1	1
167621	7203.9	12810.3	3	0	148.6	5481	3	7556	0	0	1
167842	7149.6	13009.7	2.4	0	149.3	5548	3	5890	0	0	1
168302	6772.9	12968.6	4	0	155.6	5685	4	6034	0	0	1
168343	6750.2	13052.5	6.2	0	148.3	5691	2	1584	0	0	1
168487	7127	13077.7	4.8	0	141.1	5718	2	1806	0	0	1
168796	7199.7	12840.4	6.3	0	155.7	5782	3	1883	0	0	1
170538	7584.6	12703.2	11.6	0	162	6132	2	730	0	0	1
170551	7597.1	12684.3	7.9	0	162.3	6134	2	1218	0	1	1
170571	7164.7	12959.7	8.4	0	153	6140	2	1722	0	0	1
170579	7181.4	12959.3	7.1	0	149.6	6142	3	1924	0	1	1
170816	7361.8	13278.9	8.9	0	140	6194	2	864	0	0	1
171189	7245.1	13053.1	5.2	0	149.2	6272	2	1718	0	0	1
171217	7362.1	13278.8	5.9	0	147.6	6277	3	2180	0	0	1
171246	6796.9	12781.9	4.9	0	152	6284	4	3120	0	1	1
171303	6778.4	12782.5	8.9	0	157.4	6295	2	1018	0	0	1
171511	7649.6	13123.8	12	0	180.9	6343	2	778	0	0	1
171852	7235.1	13065.4	6.7	0	156.6	6414	2	1364	0	0	1
171963	7234.6	13009.5	5	0	141.9	6437	3	2177	0	1	1
172592	6802.8	12760.8	4.8	0	154.1	6581	2	2697	0	0	1
172612	6801.8	12771.3	4.2	0	151.1	6586	4	5282	0	2	1
172714	7128.4	13086.3	12	0	183.9	6610	2	835	0	0	1
173421	7418.2	12938	7.5	0	190.3	6760	2	4418	0	0	1
173704	7154.6	13028.4	3.1	0	166.8	6824	2	8244	0	0	1
173728	7154.3	13040.4	5	0	155.7	6832	3	2697	0	0	1
173956	7126.1	13063.7	3.6	0	150	6883	4	4386	0	0	1
174017	7113.6	13085.5	5.2	0	148.6	6898	2	1487	0	0	1
174060	7630.8	13127.7	5	0	170.6	6909	3	6939	0	0	1
174301	7143.8	12953.9	6.5	0	147.5	6974	2	1179	0	0	1
174321	7654	13148.5	4.7	0	169.9	6978	4	10175	0	0	1
174419	7671.2	13167.8	7.6	0	160.7	7001	3	1962	0	0	1
174664	7191.2	12988.6	7.2	0	137.3	7066	2	1152	0	0	1
174712	7179.5	13001	7.2	0	150	7077	2	1229	0	0	1
174791	7137.1	12952.7	9.7	0	137	7096	2	582	0	0	1
174871	6976.9	13300.5	6.4	0	148.3	7111	3	1851	0	0	1
175782	7142.3	13004	6.9	0	143.9	7310	2	1317	0	0	1
176091	7318.2	13251.1	7.2	0	176.4	7380	2	1414	0	2	1
176175	6949.1	12591.4	10.6	0	182.2	7406	2	908	0	2	1
176314	6947.3	12959.4	9.5	0	140.7	7437	2	766	0	1	1
176553	7212.8	13056.7	6.2	0	151.8	7493	2	1881	0	0	1
177161	6910.7	12609.2	11.9	0	175.4	7647	2	680	0	1	1
177249	6791.7	12908.6	10.3	0	169.6	7669	2	642	0	1	1
177543	7142.4	12950.9	4	0	146.4	7737	3	2720	0	1	1
178548	6946.4	12612	9.6	0	183.1	7976	2	919	0	0	1
179023	7348.4	13257.5	7.6	0	151.9	8089	2	1300	0	0	1
179060	7114.8	13059.5	7	0	159.2	8098	2	1516	0	0	1
179556	6816.1	13179	13.1	0	171.6	8209	2	664	0	0	1
179833	7152.4	12961.2	7.7	0	149	8274	2	1134	0	0	1
180007	7164.4	12977.9	4.2	0	154	8319	4	3361	0	0	1
180360	6976.5	12574.4	10.7	0	175.2	8408	2	880	0	1	1
180544	6978.4	12586.5	13.2	0	183.9	8455	2	813	0	0	1
180957	7129.9	12622.8	4.1	0	144.7	8563	3	3115	0	0	1
181591	7188.4	12802.4	3.1	0	150.4	8727	5	9017	0	2	1
182154	7169.2	12939.9	6.9	0	138.7	8877	2	1118	0	0	1
182261	7162.1	12957.2	6.5	0	154.4	8909	2	1918	0	0	1
182540	7132.7	13124.4	13.4	0	190	8978	2	698	0	0	1
182610	6985.5	12598.8	10.6	0	183.5	8999	2	946	0	0	1
183266	7134.4	13018.4	6.7	0	151.6	9162	3	1459	0	1	1
183295	7091.9	13031.3	7	0	156.6	9169	2	1646	0	0	1
183309	7150.5	13012	10.5	0	152.4	9172	2	815	0	0	1
183733	7181.9	12982	6.3	0	142	9272	4	1706	0	0	1
183784	7210.8	13104.7	9.1	0	188.5	9285	4	1862	0	1	1
184251	7564.9	12642.4	11.4	0	160.7	9410	2	557	0	0	1
184356	7090.3	13035.9	9.7	0	152.3	9439	2	693	0	0	1
184414	7149.5	12774.7	5.1	0	160.9	9456	2	2056	0	0	1
184491	7362.4	13283.9	6.5	0	152.8	9474	2	1497	0	0	1
184843	7205.2	13056.3	6	0	149.5	9572	2	1406	0	0	1
185096	7152.1	13079.6	12	0	183.8	9642	2	795	0	0	1
185105	7150.1	12984.8	7.1	0	153.2	9644	2	1309	0	1	1
185206	7555.1	12675.1	13.3	0	155.4	9669	2	455	0	0	1
185437	6960.2	12955.6	2.6	0	150.5	9727	5	9603	0	2	1
185612	7197.8	13015.1	9.7	0	172	9770	2	809	0	0	1
185677	7183.8	13017.1	9.1	0	149.6	9785	2	671	0	0	1
186292	7136.8	12979.2	3.8	0	140.8	9939	3	3073	0	0	1
186307	7064	12965.8	8.7	0	189	9942	2	1109	0	0	1
186683	7176.4	13015.3	4.5	0	152.6	10042	2	2408	0	0	1
187529	7137.9	12977.6	4.8	0	148.4	10255	4	4229	0	2	1
187558	7116	12956.9	9.8	0	157.6	10263	2	756	0	0	1
187624	7590	12855.3	9.6	0	151.3	10279	2	679	0	1	1
187669	7367.5	13256.5	10.7	0	149	10291	2	664	0	1	1
188279	7140	13017.6	8.3	0	156.7	10457	2	1378	0	0	1
188484	7208.1	12919.5	7.2	0	150.3	10512	2	1225	0	0	1
189246	7194.8	12919.2	5.2	0	131.2	10726	3	2135	0	0	1
189253	7185.2	12908.7	6.3	0	137.7	10729	3	1674	0	0	1
189313	7174.6	12922.8	3.2	0	149.2	10743	3	4545	0	0	1
189344	7165.9	12915.8	9	0	134.5	10754	2	529	0	2	1
189359	7160.2	12979	7.6	0	183	10759	2	1989	0	0	1
189367	7183.1	12949.7	5.6	0	154.6	10761	3	2546	0	0	1
189376	7163.1	12961.8	4.8	0	150	10764	4	6031	0	1	1
189395	7197.6	12937.1	6.9	0	139.6	10771	2	1192	0	0	1
189403	7203.1	12911.3	3.5	0	154.1	10775	5	5667	0	0	1
189424	7228.1	13004.8	4	0	148.1	10784	3	3606	0	0	1
189881	7194.8	12919.8	5.4	0	153	10907	3	2224	0	0	1
190215	6746.6	13059.5	7.5	0	140.3	11001	4	1472	0	0	1
190254	6955.7	13093.7	5	0	160.2	11016	3	4955	0	0	1
190267	6968.6	13089.7	5.1	0	165.7	11019	3	4442	0	0	1
190546	6752.9	13072.7	8.8	0	136.3	11092	2	628	0	0	1
190661	6812	12914.2	6.3	0	168.6	11125	2	1366	0	0	1
190870	6935.2	12573.3	9.3	0	186.8	11186	3	1184	0	2	1
191084	7172.2	12994.3	9	0	154.4	11240	2	841	0	0	1
191481	7137.2	13056.5	8.1	0	173.4	11343	2	1362	0	0	1
191645	7078.6	13026.3	5.8	0	155.3	11394	3	2066	0	0	1
191931	7220.7	12946.3	9.5	0	142.9	11478	2	703	0	0	1
192011	6966.5	12958.2	4.1	0	143.8	11504	2	2499	0	0	1
192140	6940	12564.6	10.3	0	192.4	11535	2	1033	0	0	1
192232	7380.7	13265.4	6.1	0	143.8	11557	5	1737	0	3	1
192680	7544.1	12652.3	11.8	0	179.5	11672	2	615	0	0	1
192791	7584.9	12810.6	7.7	0	164.5	11707	3	1621	0	1	1
192842	6904.4	12602.8	12	0	190.7	11721	2	776	0	0	1
192862	7111.4	13017.2	6	0	154	11725	5	2491	0	2	1
192890	7132.7	13035.8	6.3	0	159.2	11732	4	1788	0	0	1
192906	7117.3	13035.7	5.3	0	156	11736	5	2809	0	3	1
192936	7128.3	13025.7	7.6	0	160.9	11745	3	1223	0	0	1
192957	7115.4	13021.5	11	0	158.7	11749	2	597	0	0	1
193274	7114.4	13052	4	0	148.4	11844	4	5165	0	0	1
193330	7189.5	12986.6	4.4	0	137.8	11859	3	1993	0	0	1
193361	7165.1	13002.3	11.4	0	159	11864	2	841	0	2	1
193369	7147.9	13053.9	11	0	161.4	11865	2	1206	0	0	1
193945	6932	12554.5	9.9	0	178.1	11998	2	853	0	0	1
Orientation 	1
ROI width 	1005
ROI height 	1005
ROI x1 	6730
ROI x2 	7735
ROI y1 	12430
ROI y2 	13435
1
