Index	X	Y	Precision	SEM	PSF	First_Frame	N_detections	Photons	Intensity	Frames_missing	Channel
386	13295.2	6756	17.7	0	107	23	1	400	0	0	1
799	13056.5	7013.8	18.5	0	137.5	54	1	474	0	0	1
873	13258.6	6724.8	27.4	0	107.3	59	1	224	0	0	1
902	12936.3	7051.6	28.8	0	187.4	61	1	649	0	0	1
926	12826.6	7036.2	18.9	0	108.3	63	1	232	0	0	1
1115	12859.3	7036.1	23.5	0	128.1	74	1	246	0	0	1
1137	12908.9	7035.5	20.4	0	167	76	1	604	0	0	1
1160	12838.5	7044.8	35	0	105.5	77	1	145	0	0	1
1171	12859.7	7026.2	23.3	0	168.6	78	1	495	0	0	1
1349	12984.5	6970.5	21.3	0	177.4	91	1	607	0	0	1
1356	13008.5	6969.1	17	0	177.1	92	1	637	0	0	1
1362	13257.2	7090	9.7	0	174.4	93	1	1712	0	0	1
1384	13243.8	7107.3	22.3	0	199.4	94	1	1140	0	0	1
1651	13102.6	6924.7	21.5	0	170.5	111	1	611	0	0	1
1881	13073.4	6720.3	22.7	0	116	125	1	241	0	0	1
2029	13106.1	6915.6	31.5	0	189.1	135	1	402	0	0	1
2472	13186	6679	29.5	0	152.4	164	1	231	0	0	1
2987	13157.9	6949.8	9.1	0	167.2	200	1	1413	0	0	1
3015	13145.4	6903.7	21.2	0	173.7	201	1	546	0	0	1
3052	12989.9	7359.8	29.2	0	175.4	203	1	344	0	0	1
3109	12977.9	7321.9	31.9	0	169.2	207	1	324	0	0	1
3419	13083.6	6972.5	24.7	0	173	230	1	396	0	0	1
3625	13208.3	6942.2	22.5	0	123.6	244	1	224	0	0	1
3838	13145.8	7001.2	18.2	0	173.4	261	1	854	0	0	1
3917	13130.2	6980	19.5	0	184.3	267	1	633	0	0	1
4265	13242.4	6781.1	21.6	0	149.1	296	1	263	0	0	1
4430	13104.4	7030.5	23.1	0	142.1	308	1	294	0	0	1
4434	13111.3	6967	16.4	0	159.7	309	1	467	0	0	1
4456	13106.6	7005.8	21.9	0	163	310	1	421	0	0	1
4922	13130.1	6747.7	42.7	0	163.8	341	1	294	0	0	1
6761	12987.4	7079.2	21.6	0	162.7	467	1	629	0	0	1
6786	12957.6	7094.3	28.9	0	152.3	468	1	319	0	0	1
7701	13082	7010.5	15.7	0	147	534	1	469	0	0	1
8025	13130.9	7067.3	17.9	0	178.7	557	1	528	0	0	1
8382	12845.1	6727	21.9	0	147.1	585	1	277	0	0	1
8785	13122	7047.5	18.6	0	142.3	617	1	310	0	0	1
8797	13046.5	7154.3	21.8	0	166.9	618	1	540	0	0	1
8809	13049.2	7127	17	0	159.2	619	1	500	0	0	1
8821	13078	7035	17.4	0	165.9	620	1	569	0	0	1
8836	13086.7	7061	23.2	0	145.1	621	1	299	0	0	1
8982	12950.5	6733.1	24.6	0	147.6	631	1	248	0	0	1
9194	13110.5	7070.2	31.1	0	159.3	647	1	321	0	0	1
9263	13062.2	7028.6	17.3	0	144.2	652	1	362	0	0	1
9473	13435.3	6953.7	39.5	0	124.4	667	1	133	0	0	1
9898	13044.5	7037.6	30	0	133.9	698	1	180	0	0	1
10742	12721.7	6847	11.9	0	159.6	760	1	835	0	0	1
10779	12740.2	6861.6	15.5	0	163.7	762	1	583	0	0	1
10854	13073.4	7035.2	20.1	0	135.2	767	1	284	0	0	1
13226	12988.4	7356.3	20.5	0	162.4	954	1	348	0	0	1
13256	12943.6	7340.8	23.4	0	154.9	956	1	282	0	0	1
13960	12851.5	6697.5	24.3	0	104.4	1014	1	177	0	0	1
14490	13133.6	7048.6	28.4	0	143.3	1056	1	216	0	0	1
14499	13157.5	7052.7	24.7	0	129.6	1057	1	276	0	0	1
15397	12825.1	6731.9	26.3	0	103.3	1126	1	147	0	0	1
15441	12805.7	6709.6	33.4	0	102.8	1130	1	96	0	0	1
16094	13148	6999.6	22.2	0	129.1	1185	1	220	0	0	1
16124	13128.6	7004.4	23.4	0	137.7	1187	1	195	0	0	1
16207	13153.6	6979.1	18	0	122	1194	1	203	0	0	1
16356	13028.7	7007.5	24.3	0	135.5	1207	1	182	0	0	1
16753	13097.1	7023.1	14.8	0	141.9	1237	1	398	0	0	1
16802	13083.4	7067.7	18.7	0	162.3	1242	1	290	0	0	1
16863	13075.1	7020.1	23.4	0	124.5	1248	1	196	0	0	1
16877	13058.8	7038.1	25.1	0	143.4	1249	1	224	0	0	1
16984	13070.7	7062.9	22.1	0	136.3	1258	1	221	0	0	1
17038	13062.7	7028.6	26.3	0	139.4	1262	1	210	0	0	1
17044	13071.2	7053.5	24.5	0	146.5	1263	1	269	0	0	1
17055	13058.3	7071.1	23.4	0	137.2	1264	1	231	0	0	1
17065	13086.6	7079.6	25.3	0	158.5	1265	1	336	0	0	1
17079	13101.7	7117.7	27.5	0	125.4	1266	1	174	0	0	1
17095	13043.2	7004.5	34.8	0	138.9	1267	1	230	0	0	1
17156	13046.7	7003.2	34.2	0	111	1273	1	127	0	0	1
17174	13050.9	7028.1	44.8	0	143.4	1274	1	207	0	0	1
17190	13039.7	7009.6	10	0	155.8	1277	1	890	0	0	1
17237	13105.3	7070.7	26.4	0	149.6	1282	1	321	0	0	1
17312	13101.6	7046.9	37.6	0	153.8	1288	1	244	0	0	1
17332	13086.3	7023.1	30.1	0	129.1	1289	1	180	0	0	1
17419	12806	6698.5	28.2	0	113.6	1296	1	158	0	0	1
17916	13071	6932.9	39.7	0	190.4	1341	1	283	0	0	1
17958	13075.1	7044.9	24.8	0	144.3	1345	1	266	0	0	1
17997	13050.6	7054.9	21	0	195.6	1348	1	640	0	0	1
18010	13072.7	7029.3	23.6	0	135.1	1349	1	219	0	0	1
18032	13049	7027.1	23.8	0	144.2	1351	1	304	0	0	1
18084	13084.9	7035.4	25.4	0	136.9	1356	1	256	0	0	1
18131	13108	7064.8	29.8	0	160.8	1360	1	367	0	0	1
18135	13119.8	7033	19.8	0	162.2	1361	1	751	0	0	1
18168	13075.3	7040.5	29.6	0	112.2	1364	1	164	0	0	1
18192	13104.8	7061.3	23	0	167.6	1365	1	341	0	0	1
18208	13089.3	6999.1	33.8	0	127.9	1366	1	148	0	0	1
19179	12881.4	7111.7	21.8	0	148.2	1449	1	267	0	0	1
19187	12926.3	7131.4	13.9	0	149.8	1450	1	524	0	0	1
19454	13079.2	7034.2	19.5	0	166.7	1474	1	398	0	0	1
19869	13291.4	7087.9	27.7	0	182.4	1506	1	326	0	0	1
21097	12907.2	7149	19.8	0	162.9	1614	1	575	0	0	1
21106	12986.9	7084.9	11.1	0	164.6	1615	1	733	0	0	1
21117	13103	7053.4	29.8	0	146.8	1616	1	217	0	0	1
21721	13058	6979.4	24.5	0	155.9	1664	1	334	0	0	1
21728	13065.5	7008.6	19.9	0	141.5	1665	1	385	0	0	1
22204	12771.2	6710.7	13.3	0	154.7	1706	1	473	0	0	1
22217	12789	6684.9	12.6	0	154.8	1707	1	653	0	0	1
22413	12918.4	7318.9	10.4	0	173.2	1724	1	1233	0	0	1
22444	12948.8	7331	9.1	0	168.3	1727	1	1370	0	0	1
22560	12980.6	7373	19.9	0	165.9	1736	1	446	0	0	1
22654	13019.5	7346.8	18.4	0	157.3	1744	1	479	0	0	1
22954	13231.2	6965.7	27.5	0	100.2	1771	1	103	0	0	1
23989	12990.7	7027	16.2	0	156.8	1858	1	457	0	0	1
23998	12971.8	7049	16.2	0	150.1	1859	1	440	0	0	1
24059	13015.8	7307.4	18.3	0	195.4	1865	1	676	0	0	1
24486	13001.6	7335.3	32.9	0	147.1	1898	1	174	0	0	1
24852	12867.7	7123.6	28.1	0	150.6	1931	1	265	0	0	1
24985	12973.9	7052.1	20.2	0	155.7	1944	1	572	0	0	1
25207	12669.7	6934	21.8	0	169	1962	1	306	0	0	1
25252	12682.8	6912.7	13.4	0	181.1	1967	1	840	0	0	1
25936	12850.7	6702.3	23.2	0	164.7	2026	1	296	0	0	1
25968	13517.6	6927.4	48.5	0	114.2	2029	1	138	0	0	1
25981	13136	6983.6	12.4	0	141.2	2031	1	530	0	0	1
26543	13058.1	7076.5	21.7	0	150	2081	1	306	0	0	1
26627	13038.3	7079.9	20.5	0	153.6	2088	1	329	0	0	1
27659	13235.5	7201.7	33.5	0	107.2	2182	1	102	0	0	1
27775	13254.7	7187.4	30.3	0	100.9	2191	1	75	0	0	1
27864	13055.1	7050.9	13.4	0	151.4	2199	1	569	0	0	1
28093	12750.2	6826.5	25.1	0	174.7	2220	1	315	0	0	1
28100	12765.2	6863.6	26.6	0	166.8	2221	1	279	0	0	1
28147	13024.4	7001.2	26.9	0	166.4	2226	1	271	0	0	1
28307	13042.2	7080	28.2	0	129.9	2240	1	225	0	0	1
28615	12735.3	6629.2	18.8	0	194.8	2270	1	706	0	0	1
28666	12735.8	6682.8	17.1	0	184.7	2274	1	696	0	0	1
28677	12741.7	6661.5	17.3	0	184.1	2275	1	583	0	0	1
28728	12723.9	6641.9	17.1	0	181.9	2279	1	484	0	0	1
28815	12710.5	6684.6	23.6	0	163	2285	1	361	0	0	1
28933	12703.9	6671.1	20.1	0	175	2294	1	449	0	0	1
29140	12732.4	6676.1	24.3	0	158.3	2309	1	286	0	0	1
29172	13099.4	7017.6	20.2	0	154	2312	1	392	0	0	1
29180	13060.9	7041.5	17.1	0	187.2	2313	1	583	0	0	1
29199	12928	6992.3	25.7	0	133.2	2314	1	179	0	0	1
29236	12960.8	7056.1	24.1	0	151.4	2317	1	218	0	0	1
29391	12993.1	7012.4	28.4	0	125.8	2328	1	156	0	0	1
29398	12949.2	7000.7	22.7	0	145.5	2329	1	237	0	0	1
29419	12951	7049.8	15.1	0	155	2331	1	471	0	0	1
29458	12958.5	7019.1	12.8	0	159	2334	1	706	0	0	1
29538	12957.2	7059.5	21	0	179.2	2339	1	445	0	0	1
29687	12959.8	7026.6	19.7	0	154.1	2350	1	314	0	0	1
29722	12943.5	7028.6	24.6	0	167.5	2354	1	330	0	0	1
29878	12948.1	7017.2	22.6	0	142.7	2367	1	317	0	0	1
29931	12962.9	7007.8	18.2	0	142	2372	1	337	0	0	1
29985	12946.5	7039.7	22.8	0	124.4	2376	1	265	0	0	1
30027	12993.7	7032.5	39.2	0	132.6	2379	1	134	0	0	1
31407	13233.6	7108.3	20.3	0	140.4	2492	1	233	0	0	1
31646	12787.7	7044.4	23.8	0	166.3	2513	1	244	0	0	1
31652	12740.7	7045.5	22.4	0	184.8	2514	1	377	0	0	1
31822	12793	7057.3	19.4	0	163.1	2530	1	423	0	0	1
32453	12800.6	7049.6	17.3	0	155.6	2580	1	419	0	0	1
32860	12984.1	7166.8	31.7	0	100.7	2614	1	99	0	0	1
32984	12814.2	7025.1	24.2	0	154.4	2623	1	235	0	0	1
35028	12903.4	7161.3	27.6	0	146.6	2807	1	192	0	0	1
35031	12898.3	7139.9	14.8	0	157.7	2808	1	487	0	0	1
35073	12913.3	7117.7	16.9	0	140.6	2811	1	435	0	0	1
36187	13049.8	7296.8	29.8	0	155.1	2910	1	216	0	0	1
38014	13053.4	7006.2	14.9	0	161.1	3087	1	539	0	0	1
39023	13484.6	6980.7	29.5	0	104.3	3181	1	116	0	0	1
39187	13178.8	7032	25.1	0	168.5	3196	1	256	0	0	1
39312	13089.5	7016.3	15.5	0	136	3207	1	343	0	0	1
39375	12907.3	7116	17.7	0	143.2	3213	1	328	0	0	1
39390	12883.7	7110	11.9	0	151.9	3214	1	533	0	0	1
40618	13075.3	7023.5	29.7	0	175.8	3320	1	316	0	0	1
40667	12817.9	6683.3	23.6	0	156.4	3325	1	315	0	0	1
40718	12877.2	6638.3	31.1	0	175.5	3330	1	440	0	0	1
41085	12794.2	6663.8	20.7	0	144.9	3364	1	307	0	0	1
41847	12905.7	7121.9	12.6	0	157.9	3435	1	578	0	0	1
42124	12991.2	6799.8	13.6	0	129.7	3459	1	411	0	0	1
42141	13027.1	6800	14.4	0	151.6	3461	1	544	0	0	1
42173	13056.9	6772.4	19.2	0	166.9	3464	1	612	0	0	1
42183	13003	6799.7	17	0	143.4	3465	1	289	0	0	1
42194	12999.4	6822.2	16.5	0	119.5	3467	1	240	0	0	1
42314	12968.4	6769.7	29.1	0	178.6	3478	1	344	0	0	1
42491	13006.6	6806	15.2	0	134.5	3495	1	376	0	0	1
42736	13037.8	7069.1	15.5	0	129.9	3520	1	293	0	0	1
42744	13034.5	7048.8	16.2	0	123.7	3521	1	271	0	0	1
43177	12841.4	6710.1	16.1	0	135.1	3561	1	320	0	0	1
43417	13085.1	7030.6	15.4	0	164.9	3583	1	489	0	0	1
43714	13012.2	7259	13.7	0	178.4	3610	1	613	0	0	1
43781	13023	7271.8	14.2	0	175.7	3615	1	699	0	0	1
43795	12998.9	7275.6	14.2	0	173.6	3616	1	635	0	0	1
44387	13242.9	7127.7	28.8	0	150.8	3672	1	195	0	0	1
44405	12929.7	7052.8	12.5	0	179.7	3674	1	1326	0	0	1
44465	13062.3	7033.6	16.9	0	162.5	3680	1	413	0	0	1
44478	13162.4	7001.2	16.6	0	144.2	3681	1	340	0	0	1
44493	13123.9	6986.4	26.5	0	149.5	3682	1	216	0	0	1
44638	12958.4	7332.3	20.7	0	167.4	3694	1	369	0	0	1
44657	12945.9	7360	22.9	0	158	3695	1	349	0	0	1
44755	13146.7	7026.1	32.1	0	139.5	3703	1	165	0	0	1
45572	12764.3	6714	24.9	0	151.4	3790	1	215	0	0	1
45659	13022.2	7016.4	19.9	0	122	3799	1	186	0	0	1
46063	13039.5	7043.2	32.4	0	104.8	3832	1	83	0	0	1
46109	13032.7	7076.3	31.1	0	108.2	3837	1	90	0	0	1
46212	13027.2	7006.5	27.7	0	122.4	3846	1	128	0	0	1
46299	13120.2	7020.5	34.6	0	174.7	3854	1	242	0	0	1
46659	13012.9	7007.5	38	0	134.8	3888	1	166	0	0	1
46673	13035	7016.3	29.8	0	116.8	3890	1	124	0	0	1
46750	13046.8	7070.2	36.7	0	127.6	3897	1	129	0	0	1
46858	13015.3	7062.5	39.5	0	102.1	3908	1	80	0	0	1
46917	13058.9	7046.4	33	0	135.3	3914	1	182	0	0	1
47129	13057	7055.7	25.9	0	138.8	3932	1	147	0	0	1
47143	13003	7073	32.4	0	102.3	3933	1	86	0	0	1
47169	13004.9	7033.2	27.7	0	123.9	3936	1	138	0	0	1
47177	13038.5	7037.8	22.4	0	108.8	3937	1	134	0	0	1
47187	13047.3	7069.6	34.3	0	127.3	3938	1	137	0	0	1
47198	12967.6	7055.4	32.8	0	114.8	3939	1	103	0	0	1
47233	13032.2	7283.8	8.8	0	193.5	3943	1	2287	0	0	1
47271	13011	7233.3	19.9	0	176.9	3946	1	467	0	0	1
47330	13042.3	7111.7	28.8	0	132.5	3951	1	127	0	0	1
47424	13026.1	7035.3	28.5	0	108.4	3960	1	98	0	0	1
47533	13021.1	7048.9	30.2	0	124.5	3969	1	131	0	0	1
47560	12999.5	7055.7	31	0	127.7	3972	1	122	0	0	1
47619	12996.5	7056.9	24.4	0	124.5	3978	1	142	0	0	1
47713	13082.8	7032.5	15.8	0	145.3	3988	1	401	0	0	1
47789	13065.2	7012.5	19.8	0	144.1	3995	1	283	0	0	1
47800	13059	7033.5	14.1	0	150.1	3996	1	540	0	0	1
48043	13044	7065.1	23.2	0	150.4	4019	1	258	0	0	1
48216	13295.1	7097.1	30.1	0	189.2	4038	1	303	0	0	1
48477	13018.7	7277.8	23	0	173.7	4064	1	353	0	0	1
48482	13040.7	7253.1	9.7	0	182	4065	1	1299	0	0	1
48508	13042.1	7285.7	18.3	0	178.8	4066	1	439	0	0	1
49757	13109.7	6675.7	37.8	0	141	4183	1	165	0	0	1
50057	13117.3	7037.1	13.6	0	165.7	4213	1	516	0	0	1
50736	13031	6787.4	20.1	0	145.7	4280	1	475	0	0	1
51575	12826.1	6688.2	21.5	0	104.5	4356	1	172	0	0	1
51647	13085.6	7069	11.4	0	149.7	4364	1	577	0	0	1
51912	13310	7124.5	30.1	0	200	4390	1	365	0	0	1
51972	13131.8	7063.3	14.6	0	169.1	4396	1	541	0	0	1
52287	12984.2	7018.7	28	0	190.7	4427	1	468	0	0	1
52297	13098.8	7038.8	15.5	0	141.7	4428	1	410	0	0	1
52339	12906.5	7149.6	11.6	0	160.3	4432	1	1304	0	0	1
53040	13090.9	7040.1	28.1	0	177.3	4499	1	371	0	0	1
53547	13482.3	6738.8	33.8	0	170.2	4545	1	219	0	0	1
53713	13077.8	7022.8	8.9	0	142.2	4563	1	923	0	0	1
53731	13080.1	6991.6	23.1	0	183.1	4564	1	300	0	0	1
53803	12800.9	6684.6	37.3	0	183	4570	1	227	0	0	1
54167	12988.7	7015.4	18.8	0	163.9	4605	1	330	0	0	1
54173	12966.2	7059.9	13.2	0	164.9	4606	1	630	0	0	1
54230	12994.4	6993.1	18	0	170.7	4611	1	465	0	0	1
54747	12991	7020.1	15	0	148.9	4659	1	458	0	0	1
54758	12974.5	7036.7	14.1	0	141.7	4660	1	409	0	0	1
54866	13526.3	7013.4	43.8	0	147.5	4669	1	118	0	0	1
54979	12859.9	6703.9	17.6	0	150.4	4679	1	347	0	0	1
55250	13166.7	6995.8	31.4	0	122.9	4706	1	146	0	0	1
55311	13125.9	7031.1	16.2	0	143.7	4713	1	407	0	0	1
55711	12762.9	6693.5	9.3	0	161.5	4753	1	997	0	0	1
56038	12955.1	6604.3	5.9	0	167.1	4786	1	2633	0	0	1
56052	12976.4	6615.8	12.1	0	168.8	4787	1	1545	0	0	1
56070	13131.6	6980.6	14.3	0	146.3	4789	1	532	0	0	1
56671	13067.4	7008.6	17.2	0	158.3	4848	1	435	0	0	1
56710	13060.8	7017.3	13.7	0	147.8	4852	1	473	0	0	1
56748	12765.8	7100.2	18.6	0	154.6	4857	1	312	0	0	1
56766	12760.5	7179.8	16.5	0	191.8	4858	1	557	0	0	1
56793	12806	7054.2	19.4	0	163.3	4860	1	414	0	0	1
56822	12784	7043.4	9.6	0	167.7	4863	1	914	0	0	1
56845	12772	7026.5	24.3	0	166.1	4865	1	298	0	0	1
57138	13517.9	6605	12	0	163.9	4893	1	720	0	0	1
57248	13177.6	7042.7	17	0	151.9	4904	1	431	0	0	1
57355	13184.5	6473.4	32.2	0	120.9	4916	1	90	0	0	1
58209	13288.4	7103.5	20.9	0	135.4	5005	1	249	0	0	1
58407	12755.7	7214.9	28.9	0	192.3	5022	1	274	0	0	1
58778	12893.9	7314.6	47.6	0	118.3	5061	1	96	0	0	1
58941	13082	7087.6	30.8	0	146.2	5081	1	240	0	0	1
58948	13064.2	7063	11.6	0	137.7	5082	1	585	0	0	1
58957	13038.8	7055.1	9.9	0	142	5083	1	612	0	0	1
58971	13095.6	7038.1	18.3	0	186.5	5084	1	706	0	0	1
59130	13147.9	7039.9	24.2	0	150.4	5102	1	257	0	0	1
59256	13165.7	7001.6	24.6	0	144.2	5117	1	205	0	0	1
59259	13171.5	6976.8	15.2	0	151.7	5118	1	458	0	0	1
59286	13135.1	7001.6	34.5	0	147.2	5120	1	174	0	0	1
59322	13136.5	7009.1	28.4	0	166.7	5125	1	279	0	0	1
59337	13142.9	6971.9	41.9	0	124.9	5126	1	118	0	0	1
59344	13167.2	6991.8	26.6	0	137.6	5127	1	182	0	0	1
59391	13156.9	6976.9	25.2	0	156.9	5132	1	273	0	0	1
59431	13148	6996.7	18.4	0	146.7	5136	1	345	0	0	1
59446	12892.4	6745.3	23.7	0	185.7	5138	1	467	0	0	1
59825	13130.3	7008.8	22.8	0	162	5177	1	263	0	0	1
59862	13502.1	7026.7	43.7	0	105.1	5181	1	100	0	0	1
60179	13530.7	6993	26.2	0	117.7	5220	1	169	0	0	1
60263	13013.3	7011.1	11	0	150.8	5229	1	710	0	0	1
60282	13047.6	6996.7	27.1	0	180	5230	1	334	0	0	1
61253	13077.4	7250	21	0	185.5	5329	1	421	0	0	1
61488	12907.1	7108.6	18.6	0	156.1	5353	1	296	0	0	1
61537	13020.2	7017	13.4	0	155.4	5357	1	444	0	0	1
61547	13053.3	7020	19.5	0	168.3	5358	1	334	0	0	1
61795	12980	6810.1	20.7	0	141.7	5383	1	253	0	0	1
61884	12989.9	7024.2	17.6	0	188	5391	1	539	0	0	1
61893	12997.9	6995.4	12.5	0	191.4	5392	1	930	0	0	1
62036	12943	6619.5	23.5	0	187.5	5404	1	406	0	0	1
62041	12925.2	6605.2	14.7	0	175	5405	1	702	0	0	1
62156	12998.5	6749.9	19	0	137.7	5416	1	330	0	0	1
62520	12954.6	6631.3	9	0	159	5450	1	1082	0	0	1
62526	12945.6	6606.8	10.4	0	145.6	5451	1	786	0	0	1
62555	13117.6	7071.9	19.1	0	135.8	5453	1	280	0	0	1
62774	12982.2	7327.6	24.9	0	105.5	5475	1	89	0	0	1
63455	13099.4	7027.8	14.6	0	158.6	5543	1	533	0	0	1
63718	13077.2	7012.1	10.5	0	153.6	5570	1	714	0	0	1
64125	12754.7	7211.8	26.7	0	159.5	5612	1	193	0	0	1
64192	12756.9	7206.9	24.7	0	137.9	5619	1	159	0	0	1
64262	12758.7	7224.1	19.2	0	157.7	5627	1	262	0	0	1
64472	12859.5	7121.7	36.6	0	178.9	5651	1	238	0	0	1
64659	13211.2	7025	29.9	0	102.7	5666	1	98	0	0	1
64884	13138.2	7054.5	24.7	0	147.4	5679	1	265	0	0	1
64910	13068.7	7086.9	20.2	0	143.8	5680	1	298	0	0	1
64996	13154.3	7029.6	31.5	0	124	5684	1	142	0	0	1
65022	12935.9	7131	9.7	0	141.3	5686	1	871	0	0	1
65200	12920.5	7193.3	28.5	0	175.4	5695	1	394	0	0	1
65625	13098.8	7052.4	31.1	0	179.3	5717	1	303	0	0	1
65638	13067.2	7013.8	34.4	0	154.8	5718	1	313	0	0	1
65693	13116.8	7073.3	11.7	0	144.1	5722	1	647	0	0	1
65712	13095.3	7095.6	17.7	0	159.7	5723	1	676	0	0	1
65802	13042.8	7039.8	21.9	0	169.6	5728	1	397	0	0	1
65856	13120.2	7025.6	24	0	154.8	5731	1	302	0	0	1
65876	13103.2	7044.5	23.8	0	135.6	5732	1	246	0	0	1
66582	12883.8	7127.2	22.1	0	190.1	5771	1	505	0	0	1
66646	12990.7	6803.1	18.5	0	178.1	5775	1	544	0	0	1
67189	13083.1	7065.9	21.9	0	154.9	5805	1	362	0	0	1
67207	13058.4	7069	27	0	161.9	5806	1	296	0	0	1
67501	13059.1	7064.5	14.7	0	161.7	5823	1	600	0	0	1
67767	12993.5	7107.1	25.4	0	124.8	5839	1	185	0	0	1
67774	12997.3	7017.8	11.4	0	142.6	5840	1	911	0	0	1
68014	13076.8	7067.1	23.7	0	138.9	5854	1	227	0	0	1
68318	13093.5	7053.1	24.1	0	123.6	5873	1	179	0	0	1
68358	13216.8	7064.8	9.3	0	155.7	5876	1	1005	0	0	1
68385	13165.9	7045.7	15.1	0	172.9	5877	1	618	0	0	1
68432	13071.8	6953	24.8	0	188.4	5879	1	579	0	0	1
69043	12738.3	7198	28.1	0	170.8	5912	1	303	0	0	1
69195	13132.9	7012.1	16.2	0	151.5	5921	1	393	0	0	1
69226	12775.9	6912.6	25.2	0	182.1	5923	1	393	0	0	1
69315	13130.5	6984.3	25.2	0	139.8	5928	1	332	0	0	1
69362	13107.8	7004.4	18	0	129.9	5931	1	409	0	0	1
69892	12985.1	7328.2	19.8	0	162.7	5962	1	349	0	0	1
70259	12992.9	7031.7	17.3	0	139.4	5981	1	319	0	0	1
70267	13013.2	7037.7	14.8	0	133.4	5982	1	438	0	0	1
70361	13148.1	7041.8	27.4	0	174.3	5987	1	394	0	0	1
70832	12719.6	6626.8	11.2	0	193.1	6016	1	1376	0	0	1
71359	13116.5	6984.9	16.4	0	160.4	6044	1	332	0	0	1
72146	12795.7	6684	6.8	0	159.2	6093	1	1562	0	0	1
72219	12869.8	7087.3	28.5	0	135.5	6099	1	151	0	0	1
72677	12986.8	7023.4	8.1	0	149.4	6128	1	1073	0	0	1
72872	13026.2	6784.8	17.2	0	146.9	6141	1	314	0	0	1
72891	12994.8	6798.5	17.9	0	121.7	6142	1	182	0	0	1
73395	13007.8	6812.1	13.5	0	135.7	6170	1	380	0	0	1
73725	12923.2	6756.4	16.5	0	160.6	6191	1	485	0	0	1
73777	13000.4	6774.5	21.4	0	133.5	6195	1	251	0	0	1
73790	13012.1	6809.9	16	0	144.3	6196	1	382	0	0	1
74015	12786.5	6708.8	22	0	144	6210	1	288	0	0	1
74064	13007.9	6785.5	18.5	0	129.7	6213	1	212	0	0	1
74094	12985.2	6798.3	22.9	0	121.5	6214	1	156	0	0	1
74201	13074	6954.7	14.6	0	171	6221	1	667	0	0	1
74215	13075.1	6984.6	13.3	0	165.4	6222	1	567	0	0	1
74238	13022.8	6887.8	16.4	0	165.5	6223	1	588	0	0	1
74256	13049.6	6979.1	23.7	0	170.4	6224	1	390	0	0	1
74279	13085.7	7025	20.9	0	137.7	6225	1	251	0	0	1
74392	13012	6783	24.1	0	153.4	6233	1	366	0	0	1
74413	13025.4	6814.3	19.9	0	152.6	6234	1	429	0	0	1
74470	12930.3	6766.1	26.3	0	145.2	6237	1	179	0	0	1
74675	12802.6	6666.4	27.5	0	105.4	6251	1	112	0	0	1
74697	12782.1	6682.8	32.5	0	102.3	6252	1	109	0	0	1
74705	12776.7	6702.8	39.6	0	114.9	6253	1	116	0	0	1
74822	13072.4	7054	27.7	0	173.1	6261	1	526	0	0	1
75313	12982	6829.1	20.6	0	144.6	6290	1	228	0	0	1
75427	12984.6	6812.1	25.9	0	132.6	6298	1	166	0	0	1
75545	13063	6875.4	14.1	0	158.6	6305	1	471	0	0	1
75563	13024.3	6836.9	24.9	0	151.7	6306	1	249	0	0	1
75585	12986	6844.2	29.2	0	154.8	6307	1	212	0	0	1
75693	13115.5	6971.2	15.4	0	147.9	6315	1	355	0	0	1
76151	13101.9	6914.3	19.5	0	181.3	6343	1	516	0	0	1
76179	13076	6902.6	17.7	0	193.9	6344	1	844	0	0	1
76188	13047.7	6801.1	17.5	0	147.7	6345	1	316	0	0	1
76481	12901	7118	9	0	155.5	6364	1	1236	0	0	1
76487	12904.3	7085.2	14	0	163.3	6365	1	787	0	0	1
76650	12935.6	6770.2	19.5	0	157.3	6376	1	431	0	0	1
76659	12969.6	6776	13.1	0	168.2	6377	1	645	0	0	1
76669	12953.1	6751.6	17	0	160.8	6378	1	642	0	0	1
76707	12867.2	6654.9	25.9	0	144.4	6380	1	282	0	0	1
76755	12995.9	6838.5	23.9	0	135	6383	1	230	0	0	1
76774	13007.5	6790.3	16	0	128.8	6384	1	313	0	0	1
76788	13000.8	6811.4	17.4	0	134.8	6386	1	294	0	0	1
76807	12974.5	6818.8	26.6	0	145.5	6387	1	365	0	0	1
76985	13016.2	6801.4	16.9	0	141.1	6399	1	411	0	0	1
76998	12981.2	6806.7	17.1	0	130.5	6400	1	307	0	0	1
77595	12921.6	7073.5	12.9	0	182.2	6441	1	1539	0	0	1
77619	12902.1	7126.7	10.4	0	195.6	6442	1	1413	0	0	1
77832	12951.2	6821.6	39.8	0	151.8	6455	1	322	0	0	1
77901	13025.9	6794.9	22.4	0	155.9	6460	1	267	0	0	1
77941	13018.1	6833.1	17.3	0	145.3	6462	1	335	0	0	1
78056	13028.3	6777.2	20.6	0	129.5	6470	1	212	0	0	1
78148	13019.1	6821.1	19.3	0	165.7	6475	1	362	0	0	1
78162	12978.1	6795	17.1	0	151.2	6476	1	386	0	0	1
78212	13002.1	6805.7	13.8	0	149.4	6479	1	412	0	0	1
78347	12992.1	6815.1	13.2	0	150.4	6487	1	417	0	0	1
78414	13021.1	6842	29.9	0	143.7	6491	1	196	0	0	1
78688	13201.7	7022.5	24.4	0	101.1	6510	1	147	0	0	1
78710	13217.7	6959.5	30.9	0	110	6511	1	158	0	0	1
78761	12912.8	6471.6	31.2	0	197.2	6514	1	349	0	0	1
78866	13018.7	7272.4	7.6	0	171	6522	1	2166	0	0	1
78944	13002.7	7323.5	27.3	0	176.4	6528	1	285	0	0	1
79947	13138.4	7007	12.6	0	165.5	6598	1	726	0	0	1
81159	12933.3	7047.6	13.3	0	156.9	6679	1	491	0	0	1
81178	12918.9	7021.8	16.8	0	151.3	6680	1	384	0	0	1
81372	12871.3	7156.4	17.4	0	140.2	6691	1	293	0	0	1
81419	12966.5	7110.6	12.8	0	169.5	6693	1	617	0	0	1
81482	12908.9	7146.4	26.4	0	131.4	6697	1	215	0	0	1
81982	12761.7	6844.8	23.9	0	115.5	6735	1	111	0	0	1
82027	12735.9	6874.3	21.7	0	179.9	6739	1	353	0	0	1
82138	12911.2	7145.5	23.5	0	152.9	6745	1	241	0	0	1
82840	13134	6987.6	27.2	0	152.3	6796	1	228	0	0	1
82911	13512.9	6608.2	16.1	0	136.1	6800	1	343	0	0	1
82932	13512.9	6640.5	14.5	0	145.9	6801	1	393	0	0	1
83315	13235.5	7100.1	15.2	0	161.8	6824	1	543	0	0	1
83463	12932.8	7125.8	29.2	0	142.9	6835	1	161	0	0	1
83534	12938.2	7126.3	21.3	0	133.8	6842	1	159	0	0	1
84075	13048	7031	20.1	0	146.7	6880	1	315	0	0	1
84131	12942.3	7147.2	25.7	0	169.3	6884	1	279	0	0	1
84371	12926.7	6605.5	19.1	0	152.3	6901	1	285	0	0	1
84422	12829.9	6710.5	26.6	0	150.6	6905	1	202	0	0	1
84988	12798.2	6623.7	33.1	0	104.4	6947	1	85	0	0	1
85159	12845.9	7141.9	27.8	0	165.2	6957	1	219	0	0	1
85162	12877.1	7155.6	19.8	0	149	6958	1	273	0	0	1
85179	12906.3	7135.5	15.9	0	139	6959	1	310	0	0	1
85189	13032.2	7036.8	19.6	0	182.7	6960	1	467	0	0	1
85232	13140	7038.3	22.6	0	139.3	6961	1	231	0	0	1
85526	13040.2	7043	15.5	0	157.3	6981	1	475	0	0	1
85534	13026	7062.8	13.4	0	168.7	6982	1	703	0	0	1
85882	13038	7219.3	14.4	0	182.6	7005	1	861	0	0	1
86512	13458.8	7019.1	23.3	0	102.3	7051	1	138	0	0	1
86517	13205.8	7011.5	23.2	0	195.5	7052	1	428	0	0	1
86544	13123.8	7027	22.3	0	157.6	7054	1	301	0	0	1
86857	13094.8	7013.2	21.1	0	167.8	7077	1	351	0	0	1
87002	13018.2	7015.6	16.6	0	143.8	7088	1	378	0	0	1
87361	13133.5	7002.3	24.6	0	150.4	7113	1	248	0	0	1
87511	13468.9	7050.8	38.5	0	104.5	7122	1	74	0	0	1
87920	13046.6	7005.8	21.8	0	143.6	7151	1	285	0	0	1
88263	12922.7	7136.4	16.1	0	166.2	7178	1	431	0	0	1
88530	12933.6	7034.5	29.7	0	175	7194	1	324	0	0	1
88669	12956.6	6556.7	34.8	0	111	7203	1	89	0	0	1
88743	13105.6	7034.3	15.7	0	134	7210	1	293	0	0	1
88760	13126.6	7034.8	16.2	0	124.4	7211	1	281	0	0	1
88954	13273.2	7077.7	13.5	0	179.9	7227	1	771	0	0	1
88967	13256.2	7096.1	12.6	0	177.2	7228	1	809	0	0	1
88985	13285.3	7126.2	24	0	177.6	7229	1	261	0	0	1
89373	13142.6	6966.6	13.3	0	160.6	7256	1	626	0	0	1
89396	13129.7	6987.4	10	0	151	7257	1	764	0	0	1
89426	13166.6	7027.6	24.3	0	180.6	7260	1	351	0	0	1
89438	13139.8	6963.7	19.7	0	170.1	7261	1	307	0	0	1
90003	13077.6	7022.8	29.5	0	140.7	7303	1	162	0	0	1
91082	12976.8	6886.7	26.5	0	193.4	7380	1	371	0	0	1
91380	12842.8	6673.4	39	0	106	7406	1	101	0	0	1
91395	12880.3	6656.1	23.5	0	103.3	7407	1	106	0	0	1
91665	13293.8	7070.7	27.6	0	130.1	7426	1	165	0	0	1
91873	12914	7136.7	21.8	0	143.2	7443	1	252	0	0	1
92259	12911.9	6747.1	15.1	0	145.4	7473	1	335	0	0	1
92281	12962	6778	13.9	0	150.1	7474	1	424	0	0	1
92289	13004	6776.4	14.7	0	144.7	7475	1	402	0	0	1
92353	12983.1	6792.5	16.3	0	135.7	7480	1	362	0	0	1
92441	12975.2	6794.4	13.5	0	129.5	7486	1	307	0	0	1
92458	12979	6819.1	17	0	139.8	7487	1	262	0	0	1
92486	13001.6	6802.1	13.6	0	155.7	7489	1	512	0	0	1
92526	13046.6	6956.7	20.3	0	179.7	7492	1	455	0	0	1
92541	13034.6	6934	13.5	0	168.1	7493	1	580	0	0	1
92546	13007.5	6831.2	16.5	0	152.6	7494	1	463	0	0	1
92616	12907.5	7123.4	21.7	0	146.3	7499	1	199	0	0	1
92620	12879.5	7129.5	16.4	0	158.6	7500	1	384	0	0	1
92706	13149.6	7079.1	27.1	0	151.5	7506	1	224	0	0	1
92722	13118.7	7046.8	25.3	0	155.6	7507	1	223	0	0	1
92794	13075.8	6952	15.5	0	188.8	7511	1	623	0	0	1
92830	12988	6776.1	26.7	0	107.8	7514	1	95	0	0	1
92905	13001.2	6765.5	15.7	0	136.8	7519	1	350	0	0	1
92926	13006.6	6734.3	23.9	0	158.2	7520	1	355	0	0	1
92983	12890.9	6511.3	17.9	0	200	7524	1	999	0	0	1
93031	13012.6	6799	14	0	134.9	7527	1	385	0	0	1
93051	13072.3	6938.3	21.6	0	162.6	7528	1	297	0	0	1
93098	12975.6	6798.8	13.2	0	129.8	7531	1	348	0	0	1
93105	12988.6	6818.8	16.2	0	133.1	7532	1	307	0	0	1
93249	12995.9	6815.4	15.7	0	138.3	7541	1	329	0	0	1
93278	12966.1	6777.4	18.6	0	137.5	7543	1	327	0	0	1
93365	13027.2	6813.1	21.3	0	115.1	7549	1	148	0	0	1
93431	12991.1	6778.9	16.7	0	143.1	7555	1	302	0	0	1
93467	12984.1	6806.1	12.9	0	135.8	7558	1	382	0	0	1
93543	12975.5	6767.3	15.2	0	152.4	7563	1	452	0	0	1
93594	13000.9	6785.2	15	0	155.6	7566	1	387	0	0	1
93618	12886	6478.4	15.4	0	173.3	7568	1	852	0	0	1
93852	12945.3	6792.9	46.6	0	117.1	7584	1	150	0	0	1
93880	12965.7	6801.7	30.3	0	128	7586	1	290	0	0	1
94044	13023.6	6830.6	18.4	0	160.2	7598	1	530	0	0	1
94092	12994.3	6773.5	17.1	0	152	7601	1	376	0	0	1
94097	12938.3	6803.2	16.4	0	142	7602	1	285	0	0	1
94123	12984.6	6801.7	25.3	0	105.1	7603	1	132	0	0	1
94140	12950.2	6821.9	26.5	0	143	7605	1	316	0	0	1
94181	13037.6	6840.7	21.1	0	183.9	7608	1	562	0	0	1
94254	13008.3	6813.2	21.8	0	128.2	7613	1	209	0	0	1
94296	12996.9	6809.1	16.8	0	129.5	7617	1	310	0	0	1
94310	13014.9	6859.8	18.3	0	158.5	7618	1	425	0	0	1
94379	13027.9	6889.6	13.8	0	169.7	7624	1	632	0	0	1
94500	12973.9	6803.7	19	0	123.2	7634	1	245	0	0	1
94567	13011.1	6736.5	34.3	0	158	7638	1	441	0	0	1
94592	13030.9	6781.6	28.6	0	161.1	7639	1	319	0	0	1
94607	12980.5	6821.9	18.8	0	119.7	7641	1	198	0	0	1
94623	13010.2	6802.9	21.4	0	147.4	7642	1	303	0	0	1
94660	13035.5	6856.4	15.2	0	170.3	7645	1	578	0	0	1
94696	13000.8	6908.4	12.8	0	182.3	7648	1	836	0	0	1
94715	13048.9	6959	17.3	0	174.6	7649	1	503	0	0	1
94734	12973.3	6960.6	11.2	0	184.2	7650	1	803	0	0	1
94747	12987.4	6920.7	14	0	197.1	7652	1	950	0	0	1
94783	13058.9	6857.5	19.6	0	172	7655	1	337	0	0	1
94801	13001.9	6811.8	15.1	0	136.9	7656	1	343	0	0	1
94827	12970.4	6815.8	20.3	0	163.3	7658	1	338	0	0	1
94884	12975.2	6825	15.5	0	160.9	7662	1	459	0	0	1
94906	12945.2	6884.6	16.2	0	163.1	7664	1	506	0	0	1
94914	12914	6932.1	15.8	0	175.2	7665	1	572	0	0	1
94946	12991.6	6963.1	16.6	0	167.9	7667	1	388	0	0	1
94964	12938.4	7026.4	12.5	0	177.7	7668	1	777	0	0	1
94983	12885.8	6997.5	14.2	0	182.3	7669	1	650	0	0	1
94992	12980.8	6820.8	15.7	0	149.7	7670	1	342	0	0	1
95144	12982.6	6784.8	18.1	0	145.5	7681	1	332	0	0	1
95212	12992.5	6815.4	16.3	0	154.7	7685	1	413	0	0	1
95376	12982.1	6807.5	17.2	0	142.3	7699	1	321	0	0	1
95587	13063.1	7001.5	8	0	164.3	7713	1	1620	0	0	1
95710	13012.8	6780	20.4	0	159.8	7724	1	250	0	0	1
95798	13079.7	6925.3	12.1	0	180	7731	1	885	0	0	1
95813	13112	6995.1	12.7	0	147.7	7732	1	536	0	0	1
95814	13116.8	7016	11.8	0	149.2	7733	1	563	0	0	1
95838	13083	6959	12.3	0	162.7	7734	1	610	0	0	1
95906	13002.5	7013.1	14.3	0	177.1	7738	1	727	0	0	1
95909	13016.5	6981.6	12.8	0	182.9	7739	1	804	0	0	1
96191	13038.7	7000.6	17.8	0	145.8	7759	1	397	0	0	1
96317	13264	6872.1	13.8	0	175.4	7768	1	689	0	0	1
96325	13231.2	6897.8	30.2	0	121.2	7769	1	109	0	0	1
97705	12969.8	6994.1	14	0	134.3	7867	1	364	0	0	1
99090	13219.5	6731.6	31.2	0	170.9	7976	1	231	0	0	1
99451	13034.2	7062.6	15.6	0	142.6	8005	1	430	0	0	1
99571	13009.7	7007.8	35.4	0	111.4	8012	1	87	0	0	1
99993	13162.9	7006	23.9	0	167.9	8043	1	252	0	0	1
100050	12833.1	6664.1	28.6	0	106.4	8048	1	85	0	0	1
100203	12923.3	7050.5	18.6	0	147.5	8061	1	305	0	0	1
100234	12945.7	7057.1	30.4	0	137.5	8062	1	151	0	0	1
100840	13407.7	6779.5	34.2	0	133.5	8106	1	154	0	0	1
100871	13171.6	7055.2	21.5	0	193.9	8109	1	477	0	0	1
101405	12999.1	7279.4	28.2	0	190.5	8155	1	327	0	0	1
102476	13124.4	7070.7	20.5	0	159	8233	1	352	0	0	1
102487	13200	7049.9	41.3	0	132.2	8234	1	132	0	0	1
102731	13017	7009	9.8	0	143.7	8253	1	830	0	0	1
102898	12860.5	7125.2	9.3	0	155.6	8266	1	892	0	0	1
102992	12938.3	7133.9	27.6	0	143.9	8272	1	148	0	0	1
103006	12862.1	7083.7	25.7	0	145.5	8273	1	182	0	0	1
103093	12924.7	7126.6	17	0	129	8278	1	237	0	0	1
103638	13053.5	7097.5	28.1	0	149.4	8323	1	171	0	0	1
103989	13150.3	6998.3	22.6	0	137	8351	1	178	0	0	1
104013	13117.2	6996.9	9.1	0	157.6	8354	1	1003	0	0	1
104091	13141.5	7001.2	28.2	0	166.8	8361	1	251	0	0	1
104110	13141.7	7139.1	21.5	0	171	8362	1	373	0	0	1
104116	13109.6	7092.1	16.5	0	182.8	8363	1	720	0	0	1
104130	13113.8	7009.2	11.4	0	142.8	8364	1	574	0	0	1
104145	13122.4	7038.4	18.2	0	132	8365	1	237	0	0	1
104291	12818.8	6666.9	36.7	0	135.8	8378	1	157	0	0	1
104499	12857	7049.6	18.3	0	130.8	8395	1	245	0	0	1
104544	13055.1	7006.7	9.4	0	138.1	8398	1	606	0	0	1
104890	12922.7	7034.9	29.6	0	139.4	8427	1	168	0	0	1
104895	13087	7038	18.2	0	135.4	8428	1	262	0	0	1
105312	12765.1	6862.6	29.5	0	153.9	8461	1	182	0	0	1
106988	12770.5	6689.7	17.9	0	144.7	8596	1	330	0	0	1
107376	13108.4	7015.4	18.5	0	152.9	8624	1	297	0	0	1
107985	13080.5	7026.8	20.5	0	146.8	8668	1	221	0	0	1
108109	13189.4	7037.2	32.1	0	105	8680	1	80	0	0	1
108180	13143.6	6996.9	23	0	158.7	8685	1	284	0	0	1
108209	13116.5	7011.3	21.9	0	153.8	8687	1	265	0	0	1
108217	13167.1	6951.4	25.7	0	165.8	8688	1	252	0	0	1
108317	13102.5	6997.8	24.6	0	165.5	8695	1	271	0	0	1
108340	13122.7	7004.5	26.7	0	174.9	8696	1	264	0	0	1
108898	13248.8	7082.9	13	0	158.9	8743	1	574	0	0	1
109261	13105.1	6984.7	23.1	0	127.1	8771	1	126	0	0	1
109648	13168.3	7016.9	15.6	0	148	8802	1	382	0	0	1
109739	12908.9	7055.7	15.3	0	139.9	8808	1	325	0	0	1
109758	12915.8	7032	17.2	0	147.3	8809	1	324	0	0	1
110032	13036.8	7014.5	20.3	0	146.7	8830	1	226	0	0	1
110059	13037.1	7041.4	20.4	0	146.9	8833	1	234	0	0	1
110455	13017.6	7022.4	21.9	0	129	8865	1	185	0	0	1
110474	12984.9	7025.9	25.3	0	148.7	8866	1	218	0	0	1
111041	13152.2	7054.8	21.4	0	144.4	8912	1	258	0	0	1
111146	13129.7	7048.9	18.3	0	128.3	8920	1	217	0	0	1
111150	13156	7040.9	18.7	0	136.7	8921	1	226	0	0	1
111185	13116.9	7017.9	19.3	0	130.2	8923	1	251	0	0	1
111864	13145.6	6980.6	25.3	0	158.5	8975	1	218	0	0	1
111875	13206.1	6968.7	31.9	0	124.8	8976	1	106	0	0	1
112047	12992.4	7015.7	31	0	158.4	8989	1	197	0	0	1
112068	13104.8	7029.2	18.3	0	168.4	8992	1	429	0	0	1
112095	13173.5	6988	30	0	113.7	8994	1	89	0	0	1
112239	13141.6	6974.6	12	0	153.3	9005	1	529	0	0	1
112254	13140.3	6939.5	30.4	0	186.7	9006	1	275	0	0	1
112368	13273.4	7093.3	23.1	0	170.6	9017	1	383	0	0	1
114227	13050	7024.3	19.8	0	138.4	9165	1	283	0	0	1
114252	13075.3	7020.4	18	0	153.9	9166	1	294	0	0	1
114932	12905.1	7108	19.2	0	166.7	9222	1	366	0	0	1
115060	13485.2	6697.1	32.4	0	194.4	9231	1	285	0	0	1
115170	13018.4	7000.3	14.3	0	156.5	9240	1	431	0	0	1
115270	13027.3	7015.9	22.1	0	161.5	9247	1	302	0	0	1
115660	13138.5	7082.3	32	0	115.7	9276	1	131	0	0	1
116806	13277	7077	26.2	0	183.7	9368	1	366	0	0	1
116835	13132.2	6973.8	27.6	0	133.8	9371	1	137	0	0	1
116848	13210.4	7037.4	17.2	0	191.6	9372	1	632	0	0	1
116865	13242.5	7044.4	18.2	0	183.7	9373	1	844	0	0	1
116872	13263.9	7091.6	17.2	0	172.3	9374	1	565	0	0	1
117028	13524	6642.1	33.1	0	184.7	9387	1	272	0	0	1
117150	13133.3	6971.9	24.2	0	181.2	9399	1	284	0	0	1
117210	13132.9	6988.6	26.9	0	147.4	9404	1	200	0	0	1
117312	13048.1	7054.9	20.2	0	144.7	9413	1	282	0	0	1
117846	13266.5	7092.9	19.6	0	166.7	9456	1	366	0	0	1
117860	13290.1	7101.7	26	0	172.5	9457	1	231	0	0	1
118116	13019.5	6988.8	24.8	0	143	9476	1	197	0	0	1
118344	13145.3	7118	28.3	0	128.5	9497	1	123	0	0	1
118391	13296.4	7099.6	25.1	0	191.8	9500	1	332	0	0	1
118521	12789.5	6861.7	41.6	0	115.6	9509	1	123	0	0	1
118555	12757	6852.4	19	0	163	9511	1	313	0	0	1
118567	12797.1	6840.9	24.9	0	164.2	9513	1	230	0	0	1
118613	12747.5	6845.4	25	0	173.7	9517	1	324	0	0	1
118679	12944.3	7321.4	23	0	159.7	9523	1	259	0	0	1
118932	13159.1	6999.3	22.9	0	155.5	9545	1	283	0	0	1
118985	13290.7	7104.3	20.5	0	143.5	9550	1	270	0	0	1
119075	12994.2	6742.8	14.9	0	151.1	9558	1	579	0	0	1
119087	13079.8	6839.4	30.4	0	195.7	9559	1	451	0	0	1
119092	13294.2	7099.4	19	0	141.4	9560	1	337	0	0	1
119328	13116.5	6991.7	29.1	0	187.5	9580	1	298	0	0	1
119501	13105.8	6994.2	31.6	0	160.9	9594	1	248	0	0	1
120004	12946.6	6608.7	16.3	0	158	9640	1	497	0	0	1
121138	13089.4	7047.7	8.6	0	142.8	9733	1	892	0	0	1
121349	13000	7302	12.3	0	155.9	9753	1	634	0	0	1
121355	13022.6	7297.2	10	0	156.5	9754	1	775	0	0	1
121815	13029.6	7008.6	29.1	0	146.2	9791	1	159	0	0	1
121895	13215.4	6983.7	34.4	0	102.6	9796	1	86	0	0	1
121900	13194	7018.6	36.4	0	115.7	9797	1	111	0	0	1
121920	13238.4	6981.6	26.3	0	101.8	9798	1	124	0	0	1
122395	12839.4	6690.2	19	0	159.3	9839	1	243	0	0	1
122403	12842.6	6710	15.4	0	155.6	9840	1	383	0	0	1
122424	12822	6738.6	18.4	0	180.9	9841	1	646	0	0	1
122434	12816.2	6692.1	19	0	156	9842	1	291	0	0	1
122599	13163	6998	22.1	0	171.1	9856	1	349	0	0	1
122607	13147.2	6968.3	12.8	0	161.5	9857	1	577	0	0	1
122636	13119.8	7001.1	13.4	0	152.3	9860	1	775	0	0	1
122888	13087.7	7031.5	15.4	0	148.2	9884	1	317	0	0	1
122922	13100.4	7017.5	25.8	0	161.4	9888	1	294	0	0	1
122942	13064.5	6985.9	28.6	0	179.8	9889	1	425	0	0	1
123060	13493.6	6602.7	17.1	0	138.4	9901	1	422	0	0	1
124178	13061.8	7041.9	27.7	0	135.2	9994	1	163	0	0	1
124195	13075.6	6981.2	27.5	0	162.1	9995	1	190	0	0	1
124209	13075.8	7009.8	20.8	0	125.4	9996	1	183	0	0	1
124347	13081.6	7036	9.6	0	145.9	10009	1	617	0	0	1
124805	13117	7031.2	21.6	0	158	10047	1	319	0	0	1
124826	13015.5	7024.7	28	0	154.2	10049	1	182	0	0	1
124880	13076.2	7014.2	17.2	0	143	10054	1	309	0	0	1
125016	13131.4	7310.6	15.3	0	161.1	10064	1	384	0	0	1
125028	13117.9	7329.5	15.6	0	168.6	10065	1	623	0	0	1
125153	13175	7319.9	16.8	0	173.7	10076	1	484	0	0	1
125158	13126.3	7309.2	27.4	0	193	10077	1	259	0	0	1
126355	12768.4	6804.2	30.5	0	157.3	10173	1	168	0	0	1
126403	12910.6	7093.2	20.6	0	164.6	10177	1	354	0	0	1
126408	12884.4	7069.5	17	0	157	10178	1	327	0	0	1
126426	12924.4	7111.2	19	0	132.7	10179	1	240	0	0	1
126452	12908.7	7052.6	20.4	0	171.8	10183	1	408	0	0	1
126461	12894	7081.3	21.1	0	157.3	10184	1	319	0	0	1
126483	12835.8	6676.3	29.4	0	172.1	10186	1	245	0	0	1
127862	13001.8	6783.9	14.4	0	157.7	10310	1	468	0	0	1
127866	13027.8	6793.2	16.3	0	169.9	10311	1	506	0	0	1
127938	13005.1	6768.4	15.3	0	148.9	10318	1	395	0	0	1
128005	13063.9	6851.1	26.1	0	139.8	10323	1	138	0	0	1
128050	12998.9	6778.9	16.1	0	112.5	10328	1	191	0	0	1
128095	12960.3	6796.7	24	0	175.1	10332	1	295	0	0	1
128121	12997.3	6817	13.9	0	158.3	10334	1	511	0	0	1
128127	13003.2	6771.8	19.6	0	112.1	10335	1	150	0	0	1
128470	13078.7	7053.3	19.7	0	141.6	10366	1	244	0	0	1
129122	13043.6	6989.3	23.1	0	138.6	10421	1	235	0	0	1
129468	12972	6623.4	27.4	0	115.7	10454	1	109	0	0	1
130137	13102.3	7023.7	16.3	0	147.8	10514	1	371	0	0	1
130201	13150.6	7031.2	23	0	155.6	10519	1	247	0	0	1
130877	13039.1	7251.6	23.8	0	139.8	10576	1	217	0	0	1
131832	13036	7051.3	13.1	0	141.3	10653	1	391	0	0	1
131850	13295.3	6768.1	36.4	0	105.8	10654	1	98	0	0	1
132013	12866	6718.7	9.7	0	164	10669	1	984	0	0	1
132861	13149.6	6993.9	16.1	0	150.9	10740	1	311	0	0	1
133024	12990.3	7316.6	18.1	0	126.8	10753	1	213	0	0	1
133031	13014.3	7315.4	12.8	0	164.9	10754	1	642	0	0	1
133720	12708.4	6884.5	32.7	0	126.4	10819	1	115	0	0	1
133745	12688	6969.1	29.3	0	116.8	10821	1	90	0	0	1
133922	13136.8	7018.3	23	0	149.8	10838	1	239	0	0	1
133951	13165.4	6995.2	27.2	0	153.3	10841	1	189	0	0	1
134187	12972.2	6804.8	16.3	0	136.5	10862	1	281	0	0	1
134341	12982.5	7005.1	15	0	156.1	10876	1	388	0	0	1
134353	12959.4	7034.4	18.1	0	163	10877	1	359	0	0	1
134491	12810.1	7115.3	17.7	0	191.2	10886	1	647	0	0	1
134534	12833.3	7067.7	14.5	0	157.4	10889	1	412	0	0	1
134867	12781.8	6714.6	18.9	0	144.1	10923	1	264	0	0	1
135278	12976.1	7008.5	17.7	0	132.4	10959	1	279	0	0	1
135549	13019.2	7019.1	22.6	0	171.3	10986	1	326	0	0	1
135633	12964.6	6803.8	17.6	0	158.8	10993	1	332	0	0	1
135641	12849.5	6850.4	28.2	0	182.4	10994	1	255	0	0	1
135679	12672.7	6926.7	28.3	0	130.4	10997	1	121	0	0	1
136185	12935.6	7088.3	18.2	0	165.5	11044	1	486	0	0	1
136202	12864.7	7068	40.7	0	162.6	11045	1	185	0	0	1
136591	13000	7003.6	11.9	0	152.6	11076	1	684	0	0	1
136603	13023.9	6999.2	9.1	0	141.1	11077	1	793	0	0	1
136757	13136.1	6987	23.6	0	162.6	11091	1	279	0	0	1
136762	13115.2	6974.9	20.7	0	149.6	11092	1	245	0	0	1
137076	12973	7028.9	17.6	0	158.9	11124	1	327	0	0	1
138206	13112.1	7020.5	11.9	0	161	11225	1	563	0	0	1
138243	13065.8	6990.2	12.2	0	153.8	11228	1	543	0	0	1
138471	12842.4	6693.4	18.4	0	161.8	11247	1	332	0	0	1
138492	13004.9	6804.3	18.1	0	124.3	11249	1	217	0	0	1
139711	13017.6	7001.7	12.6	0	160.3	11347	1	828	0	0	1
140264	13066.1	6997.5	31.3	0	139.5	11393	1	187	0	0	1
140278	13110.7	7035	29.3	0	137.6	11394	1	152	0	0	1
140325	13500.4	6823.5	18	0	157.4	11398	1	321	0	0	1
140340	13468.1	6806.9	24.1	0	153.9	11399	1	251	0	0	1
140438	13125.2	6994.8	26.1	0	134.2	11407	1	152	0	0	1
140698	13127	7024.2	14.9	0	133.1	11434	1	330	0	0	1
141090	13132.3	7030.7	18.9	0	138.4	11471	1	261	0	0	1
141099	13108	7060.3	23.8	0	157.3	11472	1	214	0	0	1
141161	13151.4	7076.2	21.5	0	123.1	11478	1	142	0	0	1
141207	13487.1	6669.5	21.8	0	196.7	11482	1	493	0	0	1
142460	12806.1	6715.7	31.8	0	122.1	11590	1	107	0	0	1
142478	12784.7	6699.6	22	0	153.7	11591	1	223	0	0	1
142686	13163.3	6985.9	20.9	0	149.3	11609	1	251	0	0	1
142690	13124.4	7035.2	21.5	0	180.4	11610	1	258	0	0	1
142854	13506.5	7015.4	49.7	0	155.5	11623	1	143	0	0	1
142967	13280.3	7125.8	24.5	0	160.3	11634	1	285	0	0	1
143514	13235.3	7020.6	32	0	110.6	11681	1	86	0	0	1
143703	12974.3	7036.8	27	0	167.3	11697	1	240	0	0	1
143746	13215.7	7015.5	49.8	0	106.6	11701	1	70	0	0	1
143912	12968.7	6784.4	25.2	0	125.7	11714	1	209	0	0	1
144032	13004.2	7026.8	17.8	0	159.5	11723	1	349	0	0	1
144510	13001.7	7293.2	24.6	0	126.6	11767	1	143	0	0	1
144960	13174	7341.4	34.8	0	147.9	11807	1	167	0	0	1
145042	13105.8	7102.6	23.7	0	179.6	11813	1	446	0	0	1
145063	13061.6	7071.9	18	0	177.6	11815	1	544	0	0	1
145457	13093.7	7017.3	16.8	0	152.3	11854	1	383	0	0	1
145571	12661.5	6950.7	26.4	0	175.2	11864	1	276	0	0	1
145701	13075.7	7039.1	27.6	0	145.2	11874	1	164	0	0	1
145728	13067.3	7015.1	26	0	135.6	11875	1	159	0	0	1
145857	13057.7	7026.7	20.4	0	149.3	11886	1	315	0	0	1
146112	13106.4	7050	18.5	0	155.7	11905	1	362	0	0	1
146126	13098.5	7021.4	16.5	0	158.6	11906	1	399	0	0	1
146146	13078.7	7026.6	14.4	0	161.2	11907	1	477	0	0	1
146252	13507.8	6835.3	16.5	0	155.3	11916	1	402	0	0	1
146336	13475.5	6817.6	27.7	0	158.3	11923	1	214	0	0	1
146372	13090.4	7039.8	12.2	0	165.3	11925	1	518	0	0	1
146390	13129.4	7034.9	22.2	0	170	11927	1	261	0	0	1
146478	13152.3	7038.7	28.4	0	163.7	11933	1	207	0	0	1
146504	13071.1	7029	25.9	0	155.2	11935	1	229	0	0	1
146597	13109.9	7007.3	24.9	0	174.3	11944	1	253	0	0	1
146610	12980.4	7003.2	31.7	0	195.8	11945	1	417	0	0	1
146620	12972.3	6951.1	18.8	0	170.4	11946	1	369	0	0	1
146633	13103.3	6872	49.5	0	199.5	11947	1	262	0	0	1
146676	13107.7	7019.2	26.9	0	155.1	11950	1	214	0	0	1
146698	13139.7	6998	36.7	0	165.7	11952	1	239	0	0	1
146722	13132	7017.8	22.8	0	161.1	11954	1	259	0	0	1
146820	13082.4	7036.6	18.9	0	149.2	11962	1	303	0	0	1
146828	13039.1	7037.6	12.1	0	156.4	11963	1	637	0	0	1
146842	13022.8	7022.5	12.3	0	163.5	11964	1	719	0	0	1
146907	13097.6	7104	25.6	0	142.7	11970	1	173	0	0	1
146954	12973	7328.7	24.4	0	147.5	11974	1	212	0	0	1
147035	13511.8	6818.8	31.1	0	164.2	11980	1	204	0	0	1
147317	12864.9	7032.2	11.1	0	158.6	3	2	1090	0	1	1
147555	13064.8	6993.3	9.8	0	155.7	52	3	1488	0	1	1
147584	12849.1	7036.8	10.6	0	151.5	60	2	815	0	1	1
148523	13118	7025.4	3.6	0	152.8	257	7	7490	0	1	1
148571	13147.3	6995.8	11.2	0	170.4	265	2	1093	0	0	1
148803	13126.6	7036.8	9.3	0	151.6	335	2	924	0	0	1
149336	12921.7	7116.7	2.8	0	150.3	459	5	10231	0	0	1
149721	13112.2	7074.3	7.8	0	157.8	554	3	1470	0	0	1
150170	13072.6	7008.8	6.8	0	148.1	648	4	1327	0	0	1
150628	12752.3	6872.3	8.9	0	168.9	758	3	1554	0	1	1
150663	13088	7017.9	7.6	0	157.8	768	4	1635	0	0	1
150840	13121.1	7050.8	7.8	0	147.7	808	2	1306	0	0	1
152550	13073.4	7043.2	9.3	0	145.5	1236	2	692	0	1	1
152563	13080.6	7054	12.7	0	134.5	1239	2	469	0	0	1
152567	13091.9	7029.8	12	0	135.4	1241	2	426	0	1	1
152580	13073.2	7045.7	9.4	0	137.6	1244	4	903	0	3	1
152650	13090.2	7071.6	13.4	0	143.6	1259	2	418	0	0	1
152697	13064.9	7023	14.3	0	137.7	1268	3	696	0	2	1
152699	13071.5	7003.1	15.1	0	140.8	1269	2	432	0	0	1
152728	13086.6	6992	8.4	0	145.2	1275	2	1203	0	0	1
152740	13074.4	7009.8	11.3	0	153.9	1278	4	1121	0	0	1
152758	13089	7015.5	11.3	0	139.2	1283	3	722	0	0	1
152842	13081.9	7023.4	10.2	0	142.8	1301	2	555	0	0	1
152846	13086.1	7012.3	11.2	0	154.5	1303	2	630	0	0	1
152854	13094.4	7051.2	11.3	0	149	1305	2	632	0	0	1
153003	12998.6	7081.6	5.7	0	159.8	1346	2	1463	0	0	1
153020	13090.2	7006.3	10.5	0	141.6	1352	3	919	0	1	1
153044	13102.8	7049.2	10.8	0	172.6	1357	3	1188	0	0	1
153205	12694.4	6980.3	11.2	0	190.8	1404	2	1018	0	0	1
153216	12676.1	6965.7	11	0	165.1	1406	2	900	0	0	1
154451	12936.8	7338.7	7.4	0	162.9	1722	2	2307	0	0	1
154463	12966.3	7342.5	4.4	0	158.8	1725	3	3485	0	1	1
154488	12989.6	7338.9	10.9	0	177.9	1734	2	934	0	0	1
154511	13002.8	7348.3	7.1	0	171.8	1739	2	1602	0	0	1
154548	13007.1	7343	4.8	0	163	1745	6	4973	0	4	1
154592	13001.1	7352.1	4.6	0	172	1755	6	4024	0	3	1
154951	12966.5	7023.6	4.2	0	143.3	1854	5	4879	0	2	1
155096	12958	7320	10.3	0	150.9	1900	2	636	0	0	1
155258	13017.3	7034.1	5.5	0	149.6	1941	2	2979	0	0	1
155350	12696.1	6897.9	12.1	0	169	1965	2	735	0	0	1
155514	13487.3	6628.3	7.3	0	156.5	2012	3	1536	0	1	1
155774	13040.7	7060.6	7	0	144.4	2082	2	937	0	0	1
156235	13026.6	7041.9	5.9	0	141.2	2198	4	2015	0	1	1
156259	12998.7	7026	7	0	158.3	2206	2	1236	0	0	1
156302	13032	7058.1	9.1	0	147.5	2216	3	1212	0	0	1
156379	13493.7	6632	4.3	0	154.6	2234	5	5946	0	0	1
156536	12717.9	6668.2	8.9	0	179.9	2280	2	1188	0	0	1
156542	12698	6657.7	9.5	0	182.6	2282	2	1190	0	1	1
156610	12956.7	7015.2	3.2	0	147.4	2298	3	5271	0	0	1
156624	12986.7	7011.8	4.4	0	150.2	2301	3	10693	0	0	1
156682	12963	7028.4	11.4	0	148.1	2315	2	746	0	0	1
156705	12965.2	7029	11.5	0	167	2321	3	770	0	3	1
156715	12978.4	7011.7	13.3	0	146.8	2322	2	449	0	1	1
156749	12974.2	7035.8	7.7	0	156.4	2330	3	1577	0	1	1
156771	12977.9	7079.9	11.8	0	161.8	2335	3	826	0	3	1
156812	12970.1	7057.8	14.8	0	157.9	2343	2	485	0	1	1
156867	12965.3	7012.2	14.3	0	146.1	2357	2	415	0	0	1
156890	12985	7008.8	10.3	0	151	2363	3	778	0	3	1
156894	12961.4	7032.6	10	0	165.9	2364	3	1168	0	3	1
156922	12983.2	7026.7	13.7	0	142.1	2370	2	546	0	0	1
156946	12945.5	6997.5	10.3	0	166.4	2375	2	1001	0	2	1
157562	12761	7028.2	10.7	0	168.8	2521	3	1097	0	0	1
157570	12772.1	7028.9	8.7	0	166.7	2524	2	967	0	0	1
157579	12783.5	7021.7	13.8	0	153.3	2526	2	461	0	0	1
157593	12778.6	7035	8.4	0	165.5	2528	3	1080	0	1	1
157629	12788.2	7040.4	9	0	164.6	2537	2	996	0	0	1
157685	12651.7	6930.9	13.8	0	172.5	2553	2	667	0	0	1
157745	12994.8	7328.4	8.6	0	177.4	2565	2	1844	0	0	1
157794	12778.9	7038.7	5.9	0	156.3	2575	5	2472	0	0	1
158213	13083.9	7050.3	9.5	0	147.3	2679	2	713	0	0	1
158715	12984	7022.6	6.8	0	147.4	2818	3	1478	0	1	1
159085	13030.3	7289.3	15.4	0	157.9	2915	2	475	0	1	1
159135	12998.6	7013.3	5.9	0	145.2	2928	2	1722	0	0	1
159139	13018.1	7012.6	8.3	0	145.5	2930	2	1655	0	0	1
160535	12834.9	6700.1	6.8	0	153.1	3323	2	1246	0	0	1
161016	13000.3	6819.5	5.8	0	138.1	3456	4	1830	0	1	1
161088	13000.6	6814.7	6.6	0	143.3	3479	3	1239	0	2	1
161130	12990.8	6817.2	7.5	0	142.7	3492	3	1368	0	0	1
161561	12933.9	7146.4	7.6	0	151.8	3608	2	899	0	0	1
161616	12740.7	6863.1	10	0	167.9	3622	2	769	0	0	1
161792	12978.7	7036	4.4	0	145.8	3675	5	3046	0	0	1
161820	12958	7335.7	7.9	0	157.1	3685	4	1241	0	2	1
161827	12937.6	7347.6	11.8	0	171.5	3686	2	762	0	0	1
162057	13134.7	6994.4	9.4	0	157.4	3762	2	865	0	0	1
162065	13139.4	6984.4	7.8	0	153.2	3764	2	850	0	0	1
162592	13085.8	7036.8	7.5	0	145.3	3916	2	826	0	0	1
162707	13034.3	7070	18.4	0	109.5	3954	2	186	0	1	1
162789	13057.7	7042.6	5.6	0	147.6	3985	5	2252	0	2	1
162832	13075.7	7056	3.4	0	147.8	3997	3	6294	0	0	1
162845	13085.8	7048.2	5.3	0	149.6	4000	4	14372	0	0	1
163233	13038.7	7041.9	5.6	0	142.5	4120	3	1426	0	0	1
163246	13009.6	7050.6	8.7	0	167.8	4123	2	1128	0	0	1
163256	13155.4	6992.2	6.6	0	148.8	4125	3	2206	0	0	1
163729	13253.2	7100.1	3.8	0	150.9	4275	3	3727	0	0	1
163744	12993.5	6790.1	5.3	0	148.9	4279	4	2626	0	1	1
164034	13094.2	7049.5	8.9	0	136.9	4363	2	646	0	1	1
164811	12934.8	7127.4	11	0	143.1	4607	2	624	0	0	1
164830	13279.2	7096.1	5.3	0	158.6	4614	3	4182	0	0	1
165253	13093.1	7061.6	7.9	0	156.4	4741	4	1548	0	0	1
165295	12781.5	6688.6	5.5	0	147.2	4752	3	2134	0	1	1
165363	13130.3	6999.8	3.8	0	155.3	4773	4	9730	0	0	1
165378	13141.6	6988.9	7.2	0	153.9	4777	3	2073	0	0	1
165602	13039.5	7005.5	5.8	0	160.6	4849	5	3089	0	1	1
165654	12809.3	7034.9	12.3	0	167.9	4864	2	766	0	1	1
166424	13107	7069.6	11.4	0	149	5109	2	564	0	0	1
166430	13126.3	7029.9	4.6	0	162.1	5111	4	3361	0	0	1
166485	13155.3	6981.6	6.9	0	148.4	5133	4	2262	0	1	1
166689	13292.6	7100	4.5	0	170	5189	5	5080	0	0	1
167900	13090.4	7024	8.7	0	183.6	5568	2	1186	0	0	1
168324	12912	7135.3	5.3	0	155	5687	5	4439	0	1	1
168490	13091.3	7067.4	14.9	0	166.6	5719	2	756	0	0	1
168570	13116.1	7077.3	11.1	0	135.2	5733	2	495	0	0	1
169272	13091.1	7032.5	10.6	0	142.3	5880	2	592	0	0	1
169542	13141.6	7004.1	10	0	143.5	5927	2	745	0	1	1
169570	13127.3	7007.3	11.3	0	155.7	5933	2	763	0	0	1
169589	13157.4	7003.8	15	0	150.8	5935	2	357	0	2	1
169805	13157.4	7006.5	9	0	165	5976	3	1528	0	2	1
169856	13131	7023	8.7	0	152.3	5988	3	934	0	0	1
170207	13270.5	7087.6	8.4	0	182.7	6056	2	1367	0	0	1
170698	13002.2	6796	8.4	0	135.4	6169	6	1732	0	2	1
170741	13000.2	6793.6	7	0	137.8	6177	3	1007	0	0	1
170768	13010.9	6777.3	11.5	0	133.5	6185	2	728	0	1	1
171042	12902.5	6768	6.9	0	173.1	6238	2	1283	0	0	1
171063	12944.9	7122.7	11.7	0	155.9	6244	2	722	0	0	1
171139	13070.4	6949.5	4.4	0	172.3	6262	4	4064	0	0	1
171238	13006.1	6809.6	8.8	0	148.8	6283	2	757	0	0	1
171331	13016.9	6808	8.5	0	130.8	6302	3	687	0	0	1
171360	12991.1	6805.1	10.6	0	137.1	6308	2	646	0	0	1
171559	13030.8	7302.9	4.7	0	170.2	6350	3	3499	0	0	1
171577	12994.6	6804.3	6.7	0	128	6353	2	624	0	0	1
171964	12941.5	7083.1	5.8	0	163.6	6437	2	2948	0	2	1
172063	12996.5	6806.5	6	0	141	6456	6	1966	0	2	1
172144	12995.4	6796.7	10.9	0	137.6	6473	2	495	0	0	1
172200	13008.8	6807.9	8	0	136.8	6484	4	1138	0	1	1
172355	13016.3	7252.7	4.3	0	157.7	6523	3	4063	0	0	1
173063	12909.6	7125.1	5.2	0	155.8	6686	2	3332	0	0	1
173075	12884.1	7136.6	6.7	0	149.8	6688	5	1898	0	2	1
173103	12874.3	7162.2	9.2	0	138.9	6695	2	681	0	0	1
173706	13256.9	7104.6	6.7	0	169.8	6825	2	2840	0	0	1
173951	12996	7062	6.8	0	162.3	6881	2	1463	0	0	1
173958	12908	7169	13.9	0	141.8	6883	2	374	0	1	1
174761	12999.5	7000.6	9.6	0	150	7087	2	546	0	1	1
175144	12912	7104.2	8.6	0	162	7176	2	790	0	0	1
175272	12937.3	6596.4	7.2	0	163.1	7201	2	1674	0	0	1
175737	13075.1	6997	13.4	0	150.8	7302	2	412	0	1	1
176073	12915.1	7137.2	7	0	155.3	7375	2	1488	0	0	1
176453	13138.3	7003.1	12.7	0	153	7468	2	462	0	0	1
176461	13162.1	6986.9	14.4	0	160.3	7470	2	452	0	0	1
176482	13003.4	6812.3	6.8	0	151.6	7476	5	1740	0	1	1
176509	13003.9	6796.7	6.9	0	141.3	7482	4	1374	0	0	1
176532	12991.7	6789.3	8.4	0	141.4	7488	3	997	0	1	1
176601	13110.8	7064.3	6.2	0	155.2	7503	3	1560	0	0	1
176621	13069.3	6916.7	7.3	0	190.1	7508	3	1876	0	0	1
176632	13001.9	6808.3	9.6	0	132.7	7512	3	675	0	4	1
176764	12997.7	6788.3	12.7	0	129.7	7542	2	409	0	1	1
176798	12998.9	6799.5	7.5	0	144.5	7550	3	1076	0	2	1
176858	12989.8	6799.9	9.1	0	136.6	7564	2	648	0	0	1
176914	12989.2	6787.8	10.5	0	143.2	7579	3	744	0	2	1
176968	12984.4	6783.5	8.1	0	134.8	7594	3	860	0	1	1
176976	13006.3	6788.9	6.9	0	147.1	7596	3	1151	0	2	1
177028	12989.1	6798.1	7.1	0	136.5	7610	5	1401	0	2	1
177063	13055.6	6954.9	5.9	0	173.5	7619	3	2810	0	0	1
177078	13034.2	6914.7	7.8	0	169.4	7622	2	1184	0	0	1
177090	12991.8	6794.5	10.1	0	122.3	7625	2	463	0	0	1
177118	12997.1	6791.6	7.3	0	140.8	7635	4	1146	0	2	1
177159	13061.8	6866.7	8.6	0	160.1	7646	2	1048	0	0	1
177184	13053.5	6881.1	8.5	0	174.4	7653	2	1306	0	0	1
177219	13004.4	6807.1	9.1	0	148.1	7663	2	578	0	2	1
177260	13003.5	6794.8	7.9	0	139.7	7671	4	1277	0	2	1
177267	12997.5	6796.3	6.8	0	138.2	7674	5	1523	0	1	1
177323	13009.4	6784.3	10.1	0	135	7686	2	636	0	1	1
177337	12993	6802.9	7.8	0	145	7690	3	964	0	0	1
177405	12992.6	6814.9	8.5	0	159.9	7703	4	1480	0	0	1
177421	13015	6793.4	7.4	0	149.8	7707	2	852	0	0	1
177532	13032.6	6877.9	6.8	0	178.2	7735	3	2292	0	0	1
177607	13031.3	7000.8	7.6	0	151.7	7752	3	1267	0	0	1
177890	12998.6	7009.9	4.8	0	152.8	7821	3	5641	0	1	1
177909	12994.3	7022.8	5.1	0	172.9	7825	2	3389	0	0	1
178280	12957.5	7305.6	13.9	0	152	7912	2	451	0	0	1
179112	13125.5	7037.8	6.4	0	139	8110	2	1289	0	1	1
179788	12912.5	7136.6	4.2	0	142.6	8265	5	2881	0	1	1
179922	12992.5	7009.4	4.1	0	177.4	8298	4	5184	0	2	1
179947	13020.9	7035.2	10.6	0	142.4	8304	3	939	0	0	1
180078	12981.9	7017.1	9.8	0	140.6	8337	2	645	0	0	1
180148	13114.8	7018.7	9.5	0	149.3	8352	3	781	0	2	1
180159	13151.9	6993.8	10.9	0	143.6	8355	4	1013	0	2	1
180312	13093.5	7051	12.8	0	143.3	8397	2	429	0	1	1
180437	13014.5	7009.1	6.1	0	149.8	8430	3	2924	0	1	1
180450	13012	7037.7	4.2	0	159.5	8432	2	3794	0	1	1
180753	13118.3	7028.6	2.6	0	151	8513	5	8141	0	0	1
181012	13129.8	6989.7	6	0	155.8	8576	3	1792	0	0	1
181324	12983.3	6791.2	11.6	0	151.8	8648	2	539	0	0	1
181472	13069.4	7004.3	5.5	0	149.9	8689	2	1370	0	0	1
181480	13133.4	6984.7	6.8	0	149.8	8691	2	1121	0	0	1
181638	13257.9	7094.1	7.4	0	159.4	8740	3	1272	0	0	1
181864	13135	7004	12.5	0	146.4	8799	2	451	0	0	1
181875	13124.9	6988	8.4	0	150.2	8801	2	715	0	1	1
181980	13060.4	7040.7	12.6	0	162.5	8831	2	599	0	0	1
182239	13089.1	7022.6	8.3	0	161.6	8903	2	1174	0	0	1
182245	13126	7033.7	3.3	0	143.8	8905	10	6498	0	5	1
182313	13134.1	7029.4	9.3	0	142	8922	3	746	0	2	1
182396	12935.4	7140.9	9.1	0	151.4	8940	3	1015	0	0	1
182570	13122.4	6984.1	9.2	0	157.9	8990	2	986	0	0	1
182673	13260.1	7088.1	8.7	0	163.8	9015	2	1012	0	0	1
183637	13037.9	6995.3	6.5	0	146.5	9248	3	1274	0	0	1
184022	12767.4	6688.7	8.3	0	166.4	9344	2	1096	0	0	1
184610	12758.6	6836.9	13.1	0	163.4	9505	2	440	0	0	1
184625	12757.6	6865.3	6.7	0	163.7	9508	8	2242	0	5	1
184770	13297.1	7091.2	11.1	0	173.4	9553	2	801	0	0	1
184778	13273.4	7085.4	8.6	0	169.4	9555	2	1252	0	0	1
184872	13155.5	6976.8	14	0	157.9	9578	2	474	0	0	1
185288	13030.6	7279.8	7.4	0	177.1	9688	2	1218	0	0	1
185447	13063.6	7025	5.4	0	150	9730	3	3417	0	0	1
185600	13113	7054.8	6.2	0	153.7	9767	3	1582	0	1	1
185978	13103	6985.8	5.9	0	155.1	9861	3	2829	0	0	1
186050	13087.1	7030.8	6.8	0	146.7	9877	2	1236	0	0	1
186080	13080.5	7008.9	9.7	0	154.4	9885	2	575	0	0	1
186147	12993.8	7035.6	12.8	0	158.2	9907	2	534	0	0	1
186530	13070.9	7014.4	9.3	0	144.9	10007	3	938	0	1	1
187735	12993.2	6793.8	8.7	0	149.9	10308	2	869	0	0	1
187751	12998.3	6825.1	8.7	0	159.5	10312	2	1007	0	0	1
187756	12994.3	6796.8	6.7	0	142.5	10314	4	1361	0	0	1
187791	13017.1	6794.5	7.2	0	142.9	10324	3	1031	0	4	1
187797	12994.5	6803.9	7.1	0	153.7	10326	4	1539	0	4	1
187854	12883.8	7128.2	5.3	0	144.4	10341	3	1638	0	0	1
187935	13091.3	7026.2	7.6	0	156.7	10363	3	2104	0	0	1
188079	13099.1	6996.2	12.3	0	150.7	10405	2	562	0	0	1
188490	13126.8	7029.2	4.3	0	145.6	10515	4	3304	0	0	1
189036	12831.7	6708.4	7.4	0	155.8	10668	3	1511	0	1	1
189259	13115.3	6993.6	13.1	0	161.9	10730	2	530	0	0	1
189634	13127	6973.8	12.9	0	150.7	10839	2	483	0	0	1
189668	12993.9	7009.4	6.7	0	145.9	10850	3	1438	0	0	1
189813	12847.5	7051.7	11.7	0	150.6	10888	2	525	0	1	1
190178	12978.2	7011.4	6.4	0	144.7	10989	2	1473	0	0	1
191023	13112.9	6995.3	9.2	0	157.5	11226	2	1047	0	0	1
191087	12821.7	6665.7	10	0	154.6	11241	2	674	0	2	1
191091	12836.9	6695.2	5.3	0	146.5	11242	2	1264	0	0	1
191106	12832.2	6663.1	10.9	0	163.1	11246	2	593	0	1	1
191662	13471.9	6832.2	8.8	0	167.7	11400	2	759	0	0	1
191903	13148	7056.6	10	0	151.9	11470	2	620	0	2	1
192263	13021.1	7298	7.5	0	166.6	11565	2	1752	0	0	1
192344	12778.8	6687.9	7.4	0	149	11587	2	946	0	0	1
192433	13147.6	6982.3	9	0	150.4	11606	3	1001	0	0	1
193245	13112.1	7066	10.2	0	175.4	11836	2	921	0	0	1
193293	13078.1	7031	7.4	0	153.5	11851	4	1366	0	1	1
193475	13087.7	7036.1	8	0	146	11887	3	836	0	0	1
193557	13430.5	6845.1	11.8	0	167.1	11913	2	692	0	0	1
193582	13125.2	6997.5	10.8	0	171	11918	2	907	0	0	1
193605	13088.6	7012.3	11.8	0	163.5	11924	2	670	0	1	1
193634	13097.4	7014.5	9.6	0	160.7	11930	3	844	0	0	1
193678	13095.5	7021.7	14.6	0	157.5	11939	2	398	0	1	1
193684	13131.2	6998.9	13.7	0	169.3	11940	2	453	0	1	1
193761	13083.6	7020.5	8.3	0	167.1	11957	3	1759	0	0	1
Orientation 	1
ROI width 	1005
ROI height 	1005
ROI x1 	12640
ROI x2 	13645
ROI y1 	6400
ROI y2 	7405
1
