Index	X	Y	Precision	SEM	PSF	First_Frame	N_detections	Photons	Intensity	Frames_missing	Channel
62	6346.5	19346.2	18.6	0	147.5	3	1	451	0	0	1
123	6331.5	19388.9	16.2	0	163.6	7	1	782	0	0	1
137	6312.7	19703.5	14.1	0	190.9	8	1	1845	0	0	1
581	6358.4	19339.9	20.7	0	138.3	37	1	356	0	0	1
605	6316.8	19291.9	22.7	0	164.2	39	1	573	0	0	1
688	6328.3	19360	14.4	0	136.7	46	1	442	0	0	1
755	6379.4	19334.6	23.9	0	153.5	50	1	331	0	0	1
763	6358.8	19336.3	18.9	0	153	51	1	402	0	0	1
839	6340	19353.5	22.7	0	131.7	57	1	281	0	0	1
853	6303.5	19361.4	13.7	0	149.8	58	1	588	0	0	1
872	6262.9	19373.6	14	0	175.8	59	1	849	0	0	1
922	6306.9	19350.3	14.3	0	165.8	63	1	840	0	0	1
1069	6300.5	19320	18.7	0	132.5	72	1	316	0	0	1
1078	6188.1	19383.3	9.4	0	180.6	73	1	1568	0	0	1
1134	6175.4	19419.2	7.4	0	173.7	76	1	2272	0	0	1
1149	6273.1	19387.7	10.2	0	175.5	77	1	1328	0	0	1
1187	6240.8	19379.6	18.3	0	189.4	79	1	1052	0	0	1
1216	6322.1	19343	17.9	0	160.8	81	1	453	0	0	1
1233	6241.7	19325.6	25.1	0	197.7	82	1	855	0	0	1
1280	6314.5	19323.8	21.5	0	133.1	85	1	379	0	0	1
1303	6276.1	19335.9	21.5	0	156.2	87	1	497	0	0	1
1338	6270.6	19378.2	13.3	0	186.9	91	1	1002	0	0	1
1419	6323.9	19304.8	13	0	151.5	96	1	560	0	0	1
1435	6305.5	19278.1	25.2	0	153	97	1	520	0	0	1
1535	6298.9	19275.8	14.4	0	184.5	104	1	944	0	0	1
1588	6323.5	19265.1	17.6	0	192.4	107	1	1119	0	0	1
1602	6279.2	19282.3	14.9	0	194.1	108	1	1240	0	0	1
1745	6305.9	19298.8	15.6	0	164.3	117	1	685	0	0	1
1840	6339.4	19260.8	17.3	0	170.2	123	1	660	0	0	1
1904	6311.4	19343.6	17.5	0	171.4	127	1	846	0	0	1
2055	6307.7	19323.1	21.8	0	138.4	137	1	366	0	0	1
2225	6313.2	19339.1	15.1	0	145.2	148	1	421	0	0	1
2250	6334.1	19359.2	14	0	138.2	150	1	423	0	0	1
2391	6321.4	19418.1	15.1	0	170.7	159	1	747	0	0	1
2410	6326.8	19445	12.9	0	160.9	160	1	602	0	0	1
2466	6350.3	19382.9	45.3	0	176.3	164	1	532	0	0	1
2494	6345.3	19338.5	27.2	0	129.1	166	1	377	0	0	1
2569	6336.8	19345.3	27	0	146.8	170	1	397	0	0	1
2619	6358.4	19350.4	25.7	0	160.2	173	1	460	0	0	1
2637	6338.5	19383.5	20.9	0	151	174	1	374	0	0	1
2680	6351.6	19315.9	20.3	0	156.2	177	1	409	0	0	1
2731	6331.7	19393.8	18.8	0	169.4	181	1	489	0	0	1
2775	6358.4	19344.1	19.7	0	139.6	184	1	306	0	0	1
2789	6330.2	19343.2	16.9	0	148.5	185	1	438	0	0	1
2810	6354	19300.6	18.9	0	156.9	186	1	506	0	0	1
2992	6315.2	19319.5	16.6	0	134.3	200	1	366	0	0	1
3063	6370	19346.4	19.8	0	133.9	204	1	324	0	0	1
3125	6362.8	19321.7	24.1	0	133.6	209	1	234	0	0	1
3275	6333.4	19294.6	18.8	0	144.7	220	1	393	0	0	1
3428	6351	19373.2	13.6	0	197.3	231	1	914	0	0	1
3460	6350.4	19323.7	14	0	137.3	233	1	404	0	0	1
3482	6324.9	19315.3	23	0	168.2	234	1	457	0	0	1
3509	6337.8	19257.3	22	0	170.3	236	1	572	0	0	1
3566	6327.4	19347.8	15.6	0	133.9	240	1	379	0	0	1
3618	6325.6	19339.6	16.9	0	131.9	244	1	329	0	0	1
3638	6329.4	19362.5	17.2	0	135	245	1	332	0	0	1
3651	6295.3	19314.9	24.6	0	163.8	246	1	457	0	0	1
3798	6348.8	19332.7	15.3	0	146.1	258	1	443	0	0	1
3897	6317.6	19311.5	22.3	0	155.9	266	1	374	0	0	1
3936	6355	19318.7	26.6	0	140.9	268	1	411	0	0	1
4142	6488.2	19746	4.4	0	149.2	287	1	4606	0	0	1
4170	6331.4	19363.8	16.5	0	154.8	289	1	410	0	0	1
4327	6358.4	19323.3	17	0	139.4	301	1	374	0	0	1
4398	6335.4	19368.5	18.4	0	145.8	306	1	451	0	0	1
4413	6319	19449.5	20.6	0	199.5	307	1	818	0	0	1
4463	6303.9	19270.9	38.4	0	175.2	311	1	510	0	0	1
4639	6262.5	19334.4	16	0	185.2	324	1	712	0	0	1
4714	6341.6	19352	16.3	0	138.5	329	1	446	0	0	1
4765	6313.8	19287.7	18.1	0	154.7	331	1	526	0	0	1
4795	6321.5	19340.1	16	0	139.4	333	1	434	0	0	1
4842	6326.4	19298.5	27.2	0	176.4	336	1	443	0	0	1
4868	6388	19330.6	25.5	0	188.5	338	1	661	0	0	1
5122	6298	19326.5	21.7	0	143.3	355	1	386	0	0	1
5150	6342.5	19299.2	21.7	0	179.6	357	1	559	0	0	1
5408	6315.9	19347	18.1	0	137.6	374	1	303	0	0	1
5513	6332.4	19355.7	17.9	0	153.5	382	1	500	0	0	1
5542	6244.9	19312.4	23.3	0	199.5	384	1	724	0	0	1
5640	6318.5	19321.7	14.8	0	145.7	392	1	523	0	0	1
5710	6358.6	19333.2	16.3	0	163.3	396	1	470	0	0	1
5891	6311.7	19395.3	15.1	0	181.8	409	1	786	0	0	1
6074	6330.2	19343.4	14.7	0	146.2	421	1	514	0	0	1
6245	6349.1	19317.9	17.7	0	152.1	433	1	537	0	0	1
6568	6327.4	19335.8	13.8	0	135.8	454	1	458	0	0	1
6589	6288.1	19300.8	33.1	0	154.4	455	1	435	0	0	1
6717	6342.5	19265.9	10.4	0	168.7	464	1	1479	0	0	1
6739	6308.1	19336.3	17.7	0	152.7	465	1	413	0	0	1
6883	6330	19370.3	10.7	0	156.4	476	1	856	0	0	1
6940	6370.4	19324.2	26.6	0	188.1	479	1	542	0	0	1
6960	6311.1	19342.6	17.1	0	136.9	481	1	297	0	0	1
7085	6313.7	19392.1	8.8	0	152.6	490	1	1277	0	0	1
7236	6333.8	19282.5	24	0	166.3	499	1	479	0	0	1
7255	6342.8	19346.1	21.7	0	140.5	500	1	341	0	0	1
7449	6368.6	19334.4	26.8	0	156.4	513	1	261	0	0	1
7480	6314.8	19341.2	14.3	0	138.1	516	1	543	0	0	1
7491	6337.3	19317.9	17.5	0	145	517	1	458	0	0	1
7910	6328.4	19331.2	10.8	0	138.8	548	1	1019	0	0	1
7978	6362.5	19311.7	24.6	0	163.5	553	1	455	0	0	1
8264	6341.7	19326.1	20.1	0	136.5	576	1	359	0	0	1
8794	6350.9	19326.4	15.3	0	138	618	1	541	0	0	1
9087	6363.8	19330.9	34.6	0	161.3	639	1	335	0	0	1
9237	6340.4	19342.6	14.1	0	138.9	650	1	416	0	0	1
9661	6352.5	19323.7	28.6	0	147.8	681	1	321	0	0	1
9699	6365.9	19342.1	23.6	0	133.5	684	1	413	0	0	1
9780	6328.9	19322	16.9	0	151.4	690	1	497	0	0	1
9812	6311.6	19333.2	20.9	0	154.9	693	1	495	0	0	1
9911	6300.4	19346.4	19.5	0	175.5	700	1	552	0	0	1
9956	6340.5	19292.3	15.2	0	158	703	1	494	0	0	1
9966	6370.9	19194.3	6.6	0	173.8	704	1	2514	0	0	1
10010	6268.3	19759.3	10.1	0	193.3	707	1	1415	0	0	1
10117	6329.4	19376.9	19.8	0	178.3	714	1	600	0	0	1
10130	6292.7	19416.6	14.4	0	190.6	715	1	868	0	0	1
10151	6329.9	19412.4	16.4	0	184.2	717	1	865	0	0	1
10188	6370.4	19357.3	18.8	0	184	719	1	533	0	0	1
10299	6349.4	19312.3	20	0	156.5	726	1	422	0	0	1
10325	6329.2	19356	25.1	0	134.2	728	1	328	0	0	1
10389	6317	19314.1	34.2	0	181.7	732	1	360	0	0	1
10405	6462.4	19824.3	17.3	0	154.9	734	1	428	0	0	1
10620	6297.7	19353.4	13.4	0	167.6	749	1	631	0	0	1
10655	6493.8	19666.4	15.5	0	169.9	752	1	1257	0	0	1
10687	6336.9	19322.4	13.9	0	129.6	755	1	343	0	0	1
10730	6355.6	19324.5	18.7	0	131.3	759	1	270	0	0	1
10841	6283.2	19282.6	16.2	0	170.2	766	1	636	0	0	1
11055	6677.1	20085.6	5.4	0	144.3	784	1	1929	0	0	1
11136	6325.6	19331.7	20.6	0	150.6	790	1	318	0	0	1
11170	6305.9	19314.7	21.3	0	128.9	792	1	327	0	0	1
11179	6288.3	19303.1	21.1	0	169.5	793	1	548	0	0	1
11224	6327.2	19320.5	18.3	0	156.5	796	1	405	0	0	1
11236	6335.9	19367.5	23.8	0	152.3	797	1	233	0	0	1
11347	6315.9	19349.6	14.6	0	146.6	806	1	420	0	0	1
11424	6326.7	19296.6	16.5	0	170.7	812	1	734	0	0	1
11625	6401.6	19288.8	22.4	0	197.5	828	1	696	0	0	1
11642	6330.4	19335.5	14.1	0	153.5	829	1	577	0	0	1
11701	6313.7	19336.4	17.4	0	150.2	834	1	412	0	0	1
11716	6338.4	19299.1	16.4	0	177.7	835	1	1032	0	0	1
11805	6200.7	19507.9	17.5	0	177.9	841	1	479	0	0	1
11898	6325.9	19289.2	19.5	0	163.9	849	1	802	0	0	1
11975	6345.5	19313.7	31.2	0	118.5	854	1	135	0	0	1
12035	6306.9	19290.2	12.4	0	169	859	1	799	0	0	1
12217	6318.3	19411	17.4	0	170.5	873	1	456	0	0	1
12423	6302.9	19326.3	15.2	0	158.6	892	1	534	0	0	1
12552	6357.5	19312	18.4	0	148.1	903	1	715	0	0	1
12658	6317.5	19291.4	29.5	0	149.6	910	1	222	0	0	1
12729	6319.7	19338.3	14.5	0	150.5	917	1	477	0	0	1
12786	6329.1	19319.5	16.5	0	166.5	921	1	560	0	0	1
12876	6355.8	19184.5	8.4	0	192.7	927	1	2225	0	0	1
12898	6328.1	19346.5	27	0	160.1	928	1	263	0	0	1
12944	6307.7	19351.7	15.8	0	156.9	932	1	449	0	0	1
12965	6333.1	19327.6	11.5	0	146.7	934	1	639	0	0	1
12985	6356.4	19321.1	26.2	0	160.9	935	1	563	0	0	1
13060	6353.8	19384	18.3	0	164.8	941	1	593	0	0	1
13068	6416.4	19494.6	7.2	0	169.4	942	1	1984	0	0	1
13445	6363.3	19393.6	10.3	0	163.5	973	1	891	0	0	1
13527	6296.9	19320.7	11.9	0	184.7	980	1	1452	0	0	1
13571	6319.7	19347.1	14.2	0	162.1	983	1	650	0	0	1
13642	6345	19340.8	18.1	0	151.7	990	1	463	0	0	1
13701	6335.4	19312.7	17.5	0	155.1	994	1	663	0	0	1
13716	6323.1	19366.4	14.1	0	156.5	995	1	616	0	0	1
13725	6287.2	19380.3	11.9	0	178.1	996	1	880	0	0	1
13734	6360.3	19479.3	8.8	0	186.7	997	1	1671	0	0	1
13787	6320.2	19345.5	6.4	0	156.1	1001	1	2315	0	0	1
13902	6361.6	19327.1	22.5	0	141.3	1009	1	309	0	0	1
13926	6316.1	19312.7	13.9	0	151	1011	1	503	0	0	1
14043	6310.2	19317.7	21.1	0	156.2	1020	1	445	0	0	1
14125	6354.5	19335.1	23.3	0	147.3	1027	1	425	0	0	1
14316	6334.6	19313.3	16.6	0	134	1042	1	319	0	0	1
14323	6312.5	19349.4	14.7	0	158.4	1043	1	523	0	0	1
14384	6331.5	19312.7	15.9	0	146.8	1048	1	414	0	0	1
14446	6345.3	19339.7	14	0	142.1	1053	1	469	0	0	1
14540	6319.3	19365	13.7	0	133.4	1060	1	442	0	0	1
14594	6295.8	19330.4	19.8	0	159	1064	1	594	0	0	1
14606	6335.5	19306.1	18.7	0	176.6	1065	1	665	0	0	1
14796	6319.9	19354.5	10.2	0	143.9	1079	1	746	0	0	1
14830	6320.5	19318.3	19.7	0	167.9	1082	1	814	0	0	1
14934	6316.3	19338.9	17.3	0	162.7	1090	1	592	0	0	1
15041	6321	19336.4	11.6	0	143.7	1100	1	799	0	0	1
15094	6294.2	19340.6	31.8	0	188.4	1104	1	635	0	0	1
15109	6332.4	19358.7	14.9	0	145.6	1105	1	611	0	0	1
15141	6318	19301.7	19.3	0	169.5	1107	1	709	0	0	1
15308	6327.5	19339.2	10.7	0	141.8	1120	1	773	0	0	1
15392	6331.5	19308.3	26.7	0	177.7	1125	1	267	0	0	1
15470	6351.3	19333.1	26.4	0	126.7	1133	1	178	0	0	1
15522	6322.1	19356.6	11.4	0	143.5	1138	1	721	0	0	1
15607	6357.1	19328.4	21.8	0	142.1	1145	1	382	0	0	1
15760	6322.6	19356.4	10.9	0	149.5	1159	1	684	0	0	1
15871	6325.4	19352.5	10.4	0	149	1168	1	693	0	0	1
15984	6332.2	19368.6	11.7	0	139.3	1176	1	571	0	0	1
16004	6360	19378.7	15	0	151.3	1178	1	559	0	0	1
16013	6414.9	19496.8	8.6	0	176.2	1179	1	2121	0	0	1
16029	6341.6	19408.7	11.7	0	178	1180	1	1159	0	0	1
16101	6104.3	19492.8	9.4	0	183.8	1186	1	1699	0	0	1
16129	6286.2	19364.7	14.8	0	160.1	1188	1	747	0	0	1
16179	6344.1	19350	13.3	0	157.5	1192	1	593	0	0	1
16203	6223.9	19414.9	10.4	0	193.4	1194	1	1548	0	0	1
16349	6357.3	19432.2	9.6	0	185	1207	1	1216	0	0	1
16396	6298.8	19322.6	17.3	0	169.3	1211	1	584	0	0	1
16434	6315.1	19381.5	8.7	0	160.3	1214	1	1135	0	0	1
16543	6309.6	19482.7	25.5	0	185.5	1221	1	582	0	0	1
16564	6357.9	19334.3	19.5	0	169.3	1223	1	650	0	0	1
16603	6356.5	19358.1	12.1	0	139.4	1226	1	762	0	0	1
16618	6327.7	19356.3	11	0	153	1227	1	658	0	0	1
16856	6352.9	19331.5	19.1	0	182.1	1248	1	738	0	0	1
16908	6334.3	19359.3	17	0	163.7	1252	1	591	0	0	1
17073	6256.8	19336.4	16.6	0	176.3	1266	1	756	0	0	1
17302	6362.8	19339.1	17.4	0	139.2	1288	1	574	0	0	1
17369	6309.1	19350.2	10.8	0	140.3	1293	1	569	0	0	1
17494	6331.6	19298.7	21.4	0	157.3	1303	1	387	0	0	1
17554	6422.3	19523.9	5.6	0	163.8	1308	1	2565	0	0	1
17749	6329	19266.6	25.2	0	192.2	1327	1	481	0	0	1
17892	6292.9	19359.7	11.9	0	176.9	1339	1	982	0	0	1
17944	6334.6	19291.8	21.3	0	173.7	1344	1	539	0	0	1
17953	6307.8	19349.6	15.3	0	161.5	1345	1	893	0	0	1
17962	6353.2	19316.4	18.4	0	160.6	1346	1	773	0	0	1
18080	6318.8	19357.5	12.2	0	142.5	1356	1	538	0	0	1
18124	6342.7	19317.8	14.2	0	136.9	1360	1	494	0	0	1
18170	6338.2	19324.3	28.9	0	140.1	1364	1	226	0	0	1
18308	6146.2	19635.4	13.9	0	188.6	1378	1	1416	0	0	1
18553	6297.2	19419.9	8.5	0	152.8	1397	1	1286	0	0	1
18754	6331.9	19342.1	28.3	0	128.2	1414	1	161	0	0	1
19175	6478.3	19833.6	14.3	0	152.3	1449	1	556	0	0	1
19184	6523.7	19743.6	9.3	0	151.6	1450	1	891	0	0	1
19647	6096.4	19775.8	8.8	0	151.9	1489	1	1036	0	0	1
19784	6729.5	20046.8	27.4	0	182	1500	1	408	0	0	1
19933	6110.1	19598	25	0	160.1	1512	1	229	0	0	1
20342	6125.8	19600.6	12.3	0	164.8	1545	1	1285	0	0	1
20363	6083.4	19569.7	29.9	0	150.1	1546	1	270	0	0	1
20777	6216	19411.3	29.8	0	199.5	1583	1	367	0	0	1
21215	6077.3	19570.6	26.7	0	152.7	1625	1	270	0	0	1
21433	6573.8	19801.9	17.7	0	150.4	1642	1	355	0	0	1
21811	6539.7	19660.3	29.2	0	153.8	1672	1	237	0	0	1
21883	6551.2	19704.7	20.6	0	150.7	1678	1	346	0	0	1
22079	6573.8	19973.9	26.3	0	157.6	1695	1	234	0	0	1
22082	6637	20026.9	8.6	0	165.8	1696	1	1305	0	0	1
22119	6576.1	19928.9	29.9	0	142.4	1698	1	183	0	0	1
22490	6088.8	19742.3	8	0	141.2	1730	1	1280	0	0	1
22506	6129	19750.4	12.1	0	174.9	1731	1	1427	0	0	1
22555	6171.2	19545	36.5	0	193.9	1735	1	273	0	0	1
22808	6202.5	19584	12.5	0	192.8	1759	1	1149	0	0	1
22818	6156.2	19600.4	6.6	0	164	1760	1	2025	0	0	1
22830	6127.8	19607	8.9	0	151.5	1761	1	1221	0	0	1
22844	6115.3	19624.2	18.1	0	156.1	1762	1	355	0	0	1
22891	6140.2	19574.8	11.5	0	165.8	1766	1	1015	0	0	1
23015	6221.9	19564	8.6	0	193.5	1777	1	1870	0	0	1
23037	6269.3	19546.8	17.4	0	182.2	1778	1	596	0	0	1
23267	6469.6	19669.1	9.2	0	179.7	1796	1	1564	0	0	1
23398	6150.9	19529.6	27.9	0	137.9	1806	1	288	0	0	1
23635	6546.7	19670.1	29.1	0	164	1826	1	461	0	0	1
23719	6293.8	19542.5	16.1	0	171	1834	1	618	0	0	1
23799	6054.2	19607.5	26.8	0	147.3	1840	1	238	0	0	1
24009	6566.9	19766.4	16.1	0	130.9	1860	1	309	0	0	1
24168	6162.7	19561.2	27.2	0	143	1873	1	198	0	0	1
24208	6201.2	19420.7	39.7	0	197.8	1876	1	294	0	0	1
24259	6140.4	19413.4	15.9	0	187.2	1880	1	704	0	0	1
24552	6493.1	19507.9	10.4	0	173.1	1905	1	1077	0	0	1
24638	6145.7	19511.8	16.9	0	167.9	1912	1	521	0	0	1
24653	6141.1	19537.6	29.6	0	162.9	1913	1	228	0	0	1
24944	6105.5	19427	19.8	0	155.7	1940	1	336	0	0	1
25014	6536.8	19783.3	14	0	150	1947	1	509	0	0	1
25035	6274.6	19417.3	19.6	0	138.3	1949	1	303	0	0	1
25122	6781.9	19447.9	19.9	0	145.2	1956	1	288	0	0	1
25163	6436.7	19545.5	12.8	0	149.3	1959	1	569	0	0	1
25174	6550.7	19757.4	7.6	0	150.4	1960	1	1239	0	0	1
25185	6544.9	19779.4	12.4	0	146.9	1961	1	604	0	0	1
25534	6163.6	19496.3	24.5	0	162.5	1995	1	573	0	0	1
26168	6507.2	19824.8	31.2	0	140.1	2047	1	146	0	0	1
26193	6377.9	19295.3	18.7	0	189.1	2050	1	648	0	0	1
26381	6370.2	19542.3	13	0	170.6	2065	1	1096	0	0	1
26401	6140.8	19599.1	22.1	0	145.7	2066	1	267	0	0	1
26992	6427.5	19503.5	26.5	0	158.3	2120	1	236	0	0	1
27329	6804.8	19526.1	20.1	0	179	2153	1	414	0	0	1
27369	6371.6	19171.7	11.3	0	174.7	2157	1	991	0	0	1
27835	6022.2	19547.2	9	0	154.6	2197	1	1146	0	0	1
27887	6529.8	19690.3	13.8	0	145.1	2201	1	474	0	0	1
27990	6844.9	19515	21.4	0	191.6	2210	1	413	0	0	1
28003	6781.3	19490.9	19.1	0	194.4	2211	1	429	0	0	1
28157	6723.1	20041.8	25.2	0	150.8	2227	1	259	0	0	1
28171	6721.4	20067.4	21.1	0	182.9	2228	1	498	0	0	1
28522	6328.1	19350.6	12.9	0	154	2261	1	644	0	0	1
28547	6122.1	19594.1	11.5	0	151.4	2264	1	729	0	0	1
28560	6192.7	19537.9	12.1	0	182.8	2265	1	1104	0	0	1
28580	6336.3	19299.1	10.8	0	177.1	2267	1	1168	0	0	1
28647	6346.7	19366.7	23.6	0	130.8	2272	1	170	0	0	1
28745	6482.9	19797.6	22.6	0	150.9	2280	1	272	0	0	1
28773	6469.2	19623.1	22.8	0	147.7	2282	1	312	0	0	1
28821	6512.1	19722	12.9	0	158.1	2286	1	635	0	0	1
28838	6458.9	19817.7	10.1	0	160.7	2287	1	755	0	0	1
29029	6564.9	19769.6	4.8	0	144.3	2302	1	2276	0	0	1
29201	6503.3	19681.4	28.6	0	142.4	2314	1	213	0	0	1
29209	6523.8	19692.7	6.1	0	155.4	2315	1	2199	0	0	1
29660	6555.7	19792.3	23	0	145.9	2348	1	212	0	0	1
29703	6534.8	19692.2	8.2	0	154.8	2352	1	1024	0	0	1
29850	6245	19457.5	27	0	187.9	2365	1	426	0	0	1
29921	6094.3	19624.2	20.3	0	110.8	2371	1	167	0	0	1
29934	6139	19537.3	20.9	0	148.5	2372	1	300	0	0	1
30002	6392.4	19170.6	18	0	185.3	2377	1	452	0	0	1
30161	6149.4	19566.2	17.4	0	173.5	2391	1	614	0	0	1
30251	6528.9	19666.5	21.1	0	140	2398	1	280	0	0	1
30257	6538.7	19738.8	7	0	144.6	2399	1	1472	0	0	1
30282	6547.2	19688.4	12.4	0	151.9	2400	1	662	0	0	1
30897	6815.3	19494.5	20.5	0	189.3	2451	1	468	0	0	1
30911	6119	19588.2	12	0	144	2453	1	725	0	0	1
31086	6684.4	20078	27.8	0	108.1	2466	1	98	0	0	1
31110	6534.5	19684.5	17.1	0	130.8	2469	1	273	0	0	1
31187	6548.5	19697.3	20.9	0	159.7	2474	1	283	0	0	1
31330	6541.3	19691.2	11.7	0	137.9	2486	1	454	0	0	1
32006	6428.3	19525.1	21	0	131.9	2544	1	204	0	0	1
32020	6439	19546.8	8.6	0	152.6	2545	1	945	0	0	1
32146	6532.3	19711.9	13.4	0	139	2557	1	342	0	0	1
32284	6334.5	19256.3	19.3	0	161	2568	1	466	0	0	1
32391	6471.2	19603.7	26.1	0	146.9	2576	1	509	0	0	1
32404	6436.3	19623.2	7.4	0	139	2577	1	981	0	0	1
33008	6119.2	19576.1	19.8	0	198.8	2625	1	650	0	0	1
33044	6062.1	19645.7	25.2	0	156.4	2628	1	247	0	0	1
33241	6092.6	19754.8	8.7	0	151.7	2645	1	1031	0	0	1
33353	6058.7	19628.1	21.1	0	123.5	2656	1	234	0	0	1
33374	6092.5	19648	20.2	0	159.2	2657	1	317	0	0	1
33396	6655.9	20072.5	10.8	0	139.5	2660	1	602	0	0	1
33516	6062.9	19617.5	24.2	0	148.1	2671	1	228	0	0	1
33678	6064.5	19627.9	32.2	0	112.1	2687	1	85	0	0	1
33703	7000.9	19533.3	22.4	0	149.7	2690	1	242	0	0	1
33733	6132.5	19547.9	12.3	0	170.8	2694	1	959	0	0	1
33743	6188.9	19542.7	13.6	0	192.3	2695	1	1263	0	0	1
33762	6082.2	19518.6	29.3	0	181.1	2696	1	287	0	0	1
34051	6806.2	19487.1	27.3	0	176.6	2723	1	307	0	0	1
34058	6838.9	19500.2	17.6	0	180.1	2724	1	514	0	0	1
34104	6823.8	19510.4	9.1	0	186.8	2728	1	1228	0	0	1
34512	6065.7	19635	31.7	0	137	2763	1	148	0	0	1
34547	6303.2	19355.8	15.3	0	148.9	2767	1	457	0	0	1
34783	6519.7	19964.1	29.2	0	182	2786	1	225	0	0	1
34865	6037.6	19642.2	23.7	0	132.5	2793	1	161	0	0	1
34903	6069	19645	25.6	0	149.5	2796	1	267	0	0	1
34922	6122.2	19640.4	37.2	0	142.8	2798	1	241	0	0	1
35027	6109	19644	25.4	0	158.6	2807	1	224	0	0	1
35168	6326.3	19523.3	22.6	0	170.5	2819	1	384	0	0	1
35326	6110.4	19624.5	26.9	0	158.2	2833	1	220	0	0	1
35341	6134.5	19634.3	29.1	0	117.7	2834	1	115	0	0	1
35378	6087.6	19612.2	21.7	0	157.3	2838	1	293	0	0	1
35466	6085.1	19610.6	21.9	0	148.1	2845	1	268	0	0	1
35476	6065.9	19632.4	30.6	0	135.6	2846	1	157	0	0	1
35536	6067.1	19676.5	28.5	0	115.6	2851	1	114	0	0	1
35541	6060.1	19642.2	35	0	145.4	2852	1	179	0	0	1
35560	6093	19663.1	29.5	0	185.6	2854	1	262	0	0	1
35634	6080.4	19630.5	20.4	0	140.1	2862	1	217	0	0	1
35698	6084.8	19670	31.8	0	169.2	2868	1	225	0	0	1
35720	6047.1	19646.6	23.8	0	140.9	2870	1	210	0	0	1
35749	6495.9	19767.4	25.4	0	174	2872	1	419	0	0	1
35755	6538.3	19806.2	10.6	0	159.7	2873	1	1038	0	0	1
35783	6085.3	19649.1	28.7	0	117.1	2875	1	107	0	0	1
35901	6130.9	19623.5	41.2	0	191.4	2886	1	243	0	0	1
36165	6077.2	19618.4	29.1	0	137.3	2908	1	158	0	0	1
36177	6088.2	19649.6	30	0	136.1	2909	1	168	0	0	1
36226	6081.7	19649.8	21.5	0	150.6	2914	1	224	0	0	1
36259	6069.8	19628.4	23.4	0	149.1	2917	1	224	0	0	1
36298	6107.9	19620.3	25.1	0	162.1	2920	1	232	0	0	1
36367	6395.7	19536.6	19.9	0	173.4	2928	1	718	0	0	1
36413	6082.3	19646.9	21.1	0	129.7	2932	1	226	0	0	1
36752	6443.8	19553.1	23.8	0	154.9	2969	1	286	0	0	1
36833	6386.4	19504.9	17.1	0	174.9	2977	1	504	0	0	1
36850	6403.6	19492.9	22.5	0	184.7	2978	1	483	0	0	1
37047	6464.4	19821.4	19.1	0	162.1	2994	1	332	0	0	1
37331	6370.6	19189.5	18.9	0	166.5	3022	1	694	0	0	1
37546	6601.8	19796.9	24.3	0	176.6	3043	1	644	0	0	1
38189	6140.1	19529	13.4	0	156.7	3104	1	768	0	0	1
38228	6654.9	20094	9.6	0	146.3	3108	1	745	0	0	1
38243	6670.7	20081.2	12	0	144.2	3109	1	460	0	0	1
38568	6727.4	19876.6	19.3	0	132.6	3138	1	213	0	0	1
38755	6331.4	19767.4	14.5	0	177.3	3158	1	527	0	0	1
39032	6129.7	19668.1	10.4	0	159	3183	1	948	0	0	1
39765	6553.4	19761.6	19	0	143.7	3250	1	269	0	0	1
39956	6611.8	20086.4	13.9	0	144.3	3266	1	332	0	0	1
40274	6515.1	19753.1	14.7	0	138.9	3294	1	317	0	0	1
40585	6557.1	19780.5	17.9	0	161.4	3317	1	473	0	0	1
40599	6526.5	19768.1	24.4	0	150.8	3318	1	239	0	0	1
40608	6530.4	19717.7	15.9	0	151.1	3320	1	386	0	0	1
40717	6461.7	19532.8	13	0	133.7	3330	1	467	0	0	1
40759	6452.9	19837.9	8.4	0	160.4	3334	1	1062	0	0	1
40784	6707	20081.7	16.2	0	193.7	3336	1	735	0	0	1
40799	6673.1	20091.8	8.5	0	175.2	3337	1	1255	0	0	1
40860	6596.4	19867.5	14.8	0	182.5	3344	1	1042	0	0	1
40902	6605.4	20104.4	24.4	0	157	3347	1	399	0	0	1
41248	6494.2	19739.8	16.8	0	138.6	3380	1	373	0	0	1
41992	6209.3	19527.8	7.8	0	180.5	3448	1	1688	0	0	1
42309	6555.3	19761.8	11.6	0	154.8	3478	1	581	0	0	1
42504	6431.9	19541.6	11.1	0	149.7	3496	1	656	0	0	1
42529	6482.6	19703.8	33.9	0	164.8	3498	1	175	0	0	1
42602	6625.2	19554.3	19.9	0	185	3506	1	806	0	0	1
43204	6577	19817.7	22.2	0	131.5	3563	1	194	0	0	1
43212	6552.4	19790.4	9.7	0	131.9	3564	1	534	0	0	1
43354	6723.8	20035.3	39.9	0	154.4	3576	1	230	0	0	1
43452	6144.2	19583.1	16.3	0	199.7	3586	1	1061	0	0	1
43560	6978.9	19505.8	16.5	0	165.1	3596	1	463	0	0	1
43608	6676.2	20076.7	19	0	171.4	3600	1	340	0	0	1
43716	6669.8	20085.1	14.7	0	148.5	3610	1	352	0	0	1
44491	6575.3	19768	16.6	0	147	3682	1	336	0	0	1
44618	6721.7	19555.1	8.7	0	167	3693	1	1619	0	0	1
44689	6526.2	19728.7	8.8	0	146.2	3698	1	818	0	0	1
44722	6808.9	19480	9.3	0	178.4	3701	1	1426	0	0	1
44839	6564.8	19682	24.2	0	156.8	3712	1	189	0	0	1
44955	6084.2	19637.2	14.1	0	140.4	3726	1	371	0	0	1
44979	6083.5	19613.9	31.8	0	162.8	3728	1	243	0	0	1
45313	6343	19773.8	16.3	0	169.2	3766	1	464	0	0	1
45336	6535	19699.4	8.1	0	170.4	3769	1	1337	0	0	1
45566	6431.1	19573.5	15.6	0	143.7	3790	1	414	0	0	1
46056	6120.1	19702.7	16.4	0	148.6	3832	1	363	0	0	1
46076	6129.3	19682.6	20	0	146.2	3833	1	263	0	0	1
46091	6681.7	20059.1	25.2	0	143.4	3836	1	361	0	0	1
46949	6326.5	19496	13.7	0	190.6	3918	1	1277	0	0	1
47615	6526.2	19713.1	5.1	0	153.9	3978	1	2529	0	0	1
47623	6580.5	19728.6	15	0	165.8	3979	1	1272	0	0	1
47722	6379.3	19150.6	10.3	0	174.9	3989	1	905	0	0	1
47729	6397.4	19164	9.9	0	177.7	3990	1	1298	0	0	1
48454	6382.9	19159.2	11.4	0	160.6	4062	1	783	0	0	1
48919	6380.4	19165.2	7.8	0	154.5	4104	1	1457	0	0	1
49034	6120.7	19591.3	14.2	0	148.5	4115	1	504	0	0	1
49904	6575.6	19783.9	9.9	0	130.9	4197	1	522	0	0	1
50084	6388.2	19173.8	16.3	0	176.7	4216	1	588	0	0	1
50169	6563.5	19782	13.8	0	140.5	4225	1	329	0	0	1
50550	6155.6	19675.9	12.8	0	175.8	4263	1	670	0	0	1
51192	6522.7	19625	23.7	0	152.2	4321	1	264	0	0	1
51811	6508.6	19651.5	13.5	0	180.9	4381	1	774	0	0	1
51887	6341.7	19495.8	21.6	0	151.5	4388	1	282	0	0	1
52414	6330.4	19186	12.3	0	158.2	4441	1	648	0	0	1
53099	6054.4	19552.8	20.1	0	171.3	4504	1	414	0	0	1
53427	6130.4	19585.3	7.8	0	135.4	4535	1	877	0	0	1
53451	6110.8	19604.2	21.8	0	111.3	4536	1	125	0	0	1
54417	6428.5	19160.3	19.8	0	166.5	4630	1	663	0	0	1
54774	6145.1	19565.1	39.4	0	105.7	4661	1	106	0	0	1
55113	6137	19684.4	13	0	154.4	4692	1	547	0	0	1
55225	6590.8	19948.8	22.4	0	167.3	4703	1	301	0	0	1
55389	6452.2	19523.5	9.7	0	145.5	4721	1	754	0	0	1
55405	6476.1	19533.5	14.5	0	139.9	4722	1	364	0	0	1
55772	6313.6	19811.1	13.6	0	168	4759	1	626	0	0	1
55852	6356.8	19490.4	12.2	0	195	4766	1	1588	0	0	1
55861	6370.9	19505	17.7	0	171.4	4767	1	670	0	0	1
56948	6509.5	19757.3	10.4	0	148.3	4875	1	768	0	0	1
57181	6312.9	19400.9	8.9	0	166.2	4897	1	1693	0	0	1
57756	6330.3	19433.9	22.8	0	158.5	4961	1	291	0	0	1
58218	6618.3	19978.6	29.3	0	156.8	5005	1	218	0	0	1
58224	6618.9	19947.3	20.5	0	177.9	5006	1	584	0	0	1
58252	6586	19956.4	9.9	0	181	5008	1	1134	0	0	1
58265	6586.9	19928.6	10.5	0	169.4	5009	1	851	0	0	1
58565	6337.1	19351.8	14.6	0	138.2	5040	1	303	0	0	1
59319	6167.6	19525.6	19.5	0	155.7	5125	1	336	0	0	1
59358	6105.2	19536.5	13.2	0	164.3	5129	1	845	0	0	1
59744	6978	19507.7	23.9	0	195.3	5168	1	401	0	0	1
59938	6125.7	19668.4	10.4	0	161.1	5192	1	913	0	0	1
60101	6337.3	19239.3	22.7	0	188.1	5209	1	382	0	0	1
60285	6473.5	19537.3	17.1	0	194.6	5231	1	624	0	0	1
60839	6215.1	19544	26.1	0	172.4	5287	1	356	0	0	1
61212	6742.3	19193	35	0	167.9	5325	1	261	0	0	1
61548	6346.4	19349.8	20.3	0	154.6	5358	1	285	0	0	1
61665	6084	19659.4	10.2	0	151.7	5370	1	793	0	0	1
61971	6742.7	19876.3	18.8	0	154	5399	1	427	0	0	1
62166	6487.7	19613.4	10.7	0	163.4	5417	1	948	0	0	1
62242	6516.4	19680.7	30.2	0	141.2	5423	1	191	0	0	1
62285	6124	19677	13.7	0	167.7	5427	1	587	0	0	1
62329	6326.5	19320.4	11.5	0	146.1	5431	1	477	0	0	1
62390	6309.4	19769	7.8	0	169.7	5436	1	1379	0	0	1
62400	6305.7	19792.8	8	0	162.4	5437	1	1194	0	0	1
62409	6440.3	19810.5	7.6	0	159.9	5438	1	1201	0	0	1
62418	6482.4	19819	15.9	0	144.5	5439	1	404	0	0	1
62442	6256.3	19680.6	12.4	0	198.1	5442	1	854	0	0	1
62489	6130.6	19696.9	12.8	0	170.4	5446	1	747	0	0	1
62799	6505.8	19809.5	25.3	0	147.2	5477	1	206	0	0	1
63192	6575.8	19782.7	19.1	0	156.5	5517	1	299	0	0	1
63768	6056.5	19522.5	11.8	0	141.1	5576	1	665	0	0	1
63795	6095.9	19635.1	15.2	0	156.3	5579	1	466	0	0	1
63972	6097.9	19632.4	18.1	0	159.4	5597	1	332	0	0	1
63985	6080	19655.4	19.9	0	167.2	5599	1	334	0	0	1
64046	6330.1	19420.2	25.8	0	181.6	5605	1	263	0	0	1
64366	6114.2	19777.1	13.8	0	142.5	5640	1	426	0	0	1
64376	6157.4	19528.9	22.2	0	132.8	5641	1	173	0	0	1
64540	6333.3	19364.9	11.2	0	152.1	5659	1	629	0	0	1
64640	6665.1	20078.4	30.3	0	158.6	5665	1	256	0	0	1
64654	6671.7	19999.1	29	0	185.9	5666	1	490	0	0	1
64740	6335.6	19291.3	20.9	0	170.9	5671	1	461	0	0	1
64865	6361.4	19538.1	22.9	0	183.8	5678	1	397	0	0	1
64906	6332.6	19552.6	20.1	0	160.9	5680	1	456	0	0	1
65078	6290.3	19329.7	18.3	0	188.8	5689	1	676	0	0	1
65215	6441.9	19622.8	15.5	0	147.8	5696	1	564	0	0	1
65275	6449.6	19551.8	25.6	0	176.3	5698	1	421	0	0	1
65292	6449.3	19585	18.6	0	145.7	5699	1	493	0	0	1
65605	6175.3	19632.8	16.9	0	167.3	5716	1	448	0	0	1
65663	6649.2	20087.8	9.6	0	145.9	5720	1	800	0	0	1
65827	6569.3	19802.7	5.9	0	157.5	5730	1	2569	0	0	1
65887	6603.5	19954.5	15.8	0	195.7	5733	1	1295	0	0	1
65950	6656.7	20044.3	33.1	0	157.7	5736	1	238	0	0	1
66012	6646.1	20079.6	14.5	0	122.8	5740	1	337	0	0	1
66056	6053.1	19748.7	21.4	0	153.6	5742	1	299	0	0	1
66610	6112.5	19642.2	25.8	0	149.5	5772	1	197	0	0	1
66624	6671.5	20079.4	25.6	0	150.2	5773	1	208	0	0	1
66719	6035.7	19555	11.6	0	158.8	5780	1	832	0	0	1
66817	6074.8	19623.5	21.5	0	142.7	5784	1	277	0	0	1
66904	6130.2	19605.3	38.3	0	168.6	5789	1	270	0	0	1
66983	6092.6	19647.1	31.2	0	164.1	5793	1	256	0	0	1
67042	6274	19437.7	15.1	0	186.8	5797	1	953	0	0	1
67142	6066.2	19624.4	21.8	0	126	5802	1	185	0	0	1
67158	6104.4	19640.7	23.5	0	143.9	5803	1	225	0	0	1
67161	6972.9	19537.3	20.7	0	190.5	5803	1	376	0	0	1
67170	6091.6	19612.5	25.7	0	156	5804	1	213	0	0	1
67316	6985	19494	22.5	0	188.3	5812	1	511	0	0	1
67345	6999.4	19521.1	15.2	0	176.3	5814	1	500	0	0	1
67369	6074.7	19596	21.6	0	125.1	5815	1	148	0	0	1
67375	6111	19630.7	14.1	0	153.2	5816	1	536	0	0	1
67414	6090.6	19608.7	29.2	0	138.8	5818	1	163	0	0	1
67427	6084.1	19636	20.1	0	151.8	5819	1	335	0	0	1
67453	6131	19635.7	35.2	0	155.4	5820	1	238	0	0	1
67477	6128.6	19714.5	13.8	0	166.3	5822	1	1012	0	0	1
67546	6264.1	19453.1	19.2	0	181.3	5826	1	442	0	0	1
67573	6099.3	19657.1	36.6	0	111.3	5827	1	108	0	0	1
67632	6105.5	19624.9	27	0	123.2	5831	1	142	0	0	1
67688	6098.4	19647.7	32.3	0	134.9	5834	1	147	0	0	1
67706	6123	19581.2	30.1	0	110.6	5835	1	102	0	0	1
67709	6350.7	19362.3	12.6	0	192.2	5836	1	1456	0	0	1
67742	6319.2	19549.5	17.5	0	172	5838	1	532	0	0	1
67884	6420.3	19515.7	19.3	0	161.9	5846	1	379	0	0	1
68090	6496.2	19634.3	12.9	0	156.2	5860	1	564	0	0	1
68171	6724.6	20001	19.9	0	194.3	5865	1	583	0	0	1
68347	6538.2	19707.3	15.5	0	145.9	5875	1	400	0	0	1
68657	6143.8	19667.1	14	0	168	5891	1	631	0	0	1
68681	6820.8	19498.9	21.5	0	161.8	5892	1	333	0	0	1
68884	6110.3	19774.7	11.6	0	139.1	5904	1	497	0	0	1
69382	6551.7	19758.3	11.3	0	146.8	5932	1	618	0	0	1
69420	6779.8	19418.9	17.5	0	173.1	5934	1	450	0	0	1
69823	6072.8	19505.9	12.5	0	140.2	5958	1	487	0	0	1
70004	6583.9	19759.8	26.2	0	147.9	5967	1	247	0	0	1
70512	6613.1	19989	14.8	0	198.7	5997	1	820	0	0	1
70556	6560.4	19922.1	25.6	0	185.7	6000	1	361	0	0	1
70853	6829.1	19493	26.3	0	189.8	6017	1	381	0	0	1
70905	6684	20078	12.4	0	153.1	6019	1	701	0	0	1
70968	6177.2	19393	18.5	0	157	6022	1	287	0	0	1
71397	6130.5	19380.9	8.8	0	174.6	6046	1	1421	0	0	1
71459	6158.1	19429.8	9.3	0	158.2	6051	1	1613	0	0	1
71531	6141.9	19421.5	9.9	0	162.1	6055	1	857	0	0	1
71929	6651.1	20101.3	15	0	150.8	6080	1	426	0	0	1
71941	6668.1	20082.2	22.2	0	173.5	6081	1	313	0	0	1
71961	6452.3	19163.3	20.5	0	199.5	6082	1	432	0	0	1
72083	6180.1	19516	39.2	0	156	6089	1	252	0	0	1
72103	6182.1	19544.5	16.1	0	159.9	6090	1	408	0	0	1
72285	6795.6	19441.8	17	0	189.2	6104	1	607	0	0	1
72799	6577.5	19770.4	14.7	0	140.8	6137	1	358	0	0	1
72844	6551.8	19777.3	18.8	0	155.3	6139	1	435	0	0	1
73163	6315.4	19797	20.8	0	142.5	6158	1	267	0	0	1
73364	6146.5	19437.5	18.5	0	178.4	6168	1	460	0	0	1
73384	6159.4	19411.4	22	0	184.9	6169	1	458	0	0	1
73413	6148.8	19463.2	14	0	180.7	6171	1	826	0	0	1
73926	6571.4	19691.5	28.7	0	156.1	6204	1	203	0	0	1
74579	6544.7	19769.3	19.3	0	135.6	6245	1	243	0	0	1
74867	6437.2	19543.9	11.5	0	149.7	6263	1	607	0	0	1
75403	6546	19786.8	12.8	0	158.4	6297	1	688	0	0	1
75466	6829	19501.5	13.1	0	173.4	6301	1	684	0	0	1
75482	6228.7	19596.8	18.3	0	184.1	6302	1	720	0	0	1
75504	6325.2	19570.2	11.4	0	195.8	6303	1	1157	0	0	1
75597	6336.7	19549.8	25.8	0	168.5	6308	1	331	0	0	1
76594	6312	19588.8	29.5	0	169.4	6373	1	235	0	0	1
76610	6298.4	19613.6	23.9	0	184.9	6374	1	299	0	0	1
76636	6407.9	19663.3	18.5	0	198.5	6375	1	466	0	0	1
76644	6564.5	19773.8	10.5	0	134.5	6376	1	450	0	0	1
76662	6582.3	19789	10.3	0	133.9	6377	1	575	0	0	1
76693	6676.3	20027.7	11.8	0	179.3	6379	1	1426	0	0	1
76853	6616.3	19989.2	26	0	158.2	6390	1	258	0	0	1
77350	6289.3	19375.8	12.5	0	180.2	6423	1	924	0	0	1
77374	6349.1	19338.9	13.7	0	150.4	6424	1	572	0	0	1
77637	6311.8	19453.9	18.8	0	125.9	6443	1	280	0	0	1
77647	6319.4	19429.3	8.2	0	149.2	6444	1	1057	0	0	1
77725	6528.8	19704.4	7.5	0	168.2	6448	1	1644	0	0	1
77779	6552.1	19810.6	6.8	0	144.1	6452	1	1283	0	0	1
78093	6713.1	20067.5	22.8	0	196.1	6472	1	364	0	0	1
78244	6560.8	19776.3	10.7	0	149	6481	1	644	0	0	1
78262	6575.6	19915.2	23.8	0	172.8	6482	1	387	0	0	1
78527	6694.9	20086.6	14.3	0	152.1	6500	1	427	0	0	1
78582	6135.9	19545.8	10	0	167.8	6503	1	992	0	0	1
79026	6607.6	19759.2	23.2	0	165.6	6534	1	294	0	0	1
79053	6562	19787.9	11.3	0	162.9	6536	1	788	0	0	1
79459	6571.1	19772.9	21.1	0	123.6	6565	1	281	0	0	1
79884	6159.8	19661.6	37.9	0	196.9	6594	1	251	0	0	1
80108	6651.4	20088.2	14.5	0	164.4	6610	1	543	0	0	1
80297	6598.4	19769.2	21.8	0	154.9	6621	1	378	0	0	1
80308	6566.4	19770.6	11.7	0	139.6	6622	1	526	0	0	1
80344	6533.4	19740.7	27.6	0	147.4	6624	1	210	0	0	1
80503	6027.3	19541.9	12.9	0	160.6	6635	1	895	0	0	1
80579	6122.9	19664.5	26.6	0	120.5	6642	1	137	0	0	1
81054	6489.8	19479.7	17.6	0	189.4	6673	1	643	0	0	1
81533	6342.5	19306.1	29.8	0	160.8	6700	1	206	0	0	1
81988	6143.6	19652.8	10.2	0	167.8	6736	1	1039	0	0	1
82011	6129.3	19669.8	13	0	155.6	6737	1	548	0	0	1
82426	6477.4	19724.6	26.9	0	135.3	6765	1	151	0	0	1
82724	6560.6	19791.3	9.6	0	152.2	6788	1	772	0	0	1
82742	6580.2	19768.1	19	0	158	6789	1	701	0	0	1
83012	6326.4	19323.5	18.1	0	140.7	6806	1	339	0	0	1
83445	6567.8	19805.8	16	0	140.5	6834	1	309	0	0	1
83537	6721.2	20013.5	12.8	0	164	6842	1	683	0	0	1
83594	6571.6	19806.1	24.9	0	120.2	6845	1	156	0	0	1
83600	6583.9	19789.6	10.3	0	137	6846	1	653	0	0	1
83629	6551.4	19791.1	10.8	0	147.6	6848	1	694	0	0	1
83962	6742.6	19841.4	23.3	0	125.6	6874	1	167	0	0	1
84218	6336.4	19789.3	14.7	0	179.4	6891	1	540	0	0	1
84501	6082.3	19539	13.1	0	154.1	6911	1	482	0	0	1
84522	6361	19346.7	16.1	0	145.3	6913	1	402	0	0	1
84892	6120.7	19620.2	10.3	0	148.3	6939	1	685	0	0	1
85041	6992.5	19497.1	30.6	0	164.2	6950	1	205	0	0	1
85429	6722.2	19539.7	12.5	0	168.1	6974	1	703	0	0	1
85518	6132	19606	18.9	0	137	6981	1	329	0	0	1
85535	6114.8	19622	9.8	0	159.4	6982	1	1197	0	0	1
85773	6665.7	20073.5	19.4	0	150.5	6998	1	263	0	0	1
86104	6623.8	19856.9	37.5	0	156.3	7022	1	153	0	0	1
86791	6120.4	19598.2	17.2	0	178	7072	1	1005	0	0	1
86967	6816.2	19456.3	22.2	0	171.2	7086	1	304	0	0	1
87116	6656.1	20068.9	9.9	0	152.2	7096	1	921	0	0	1
87167	6937.3	19697.9	28.2	0	105.3	7100	1	82	0	0	1
87219	6908.4	19742.8	23.3	0	142.5	7104	1	231	0	0	1
87285	6319.2	19456.7	21.4	0	181.3	7108	1	573	0	0	1
87487	6983.1	19500.7	30.2	0	171.5	7120	1	208	0	0	1
87532	6977.7	19521	39.7	0	185.1	7123	1	262	0	0	1
88323	6264.3	19414	12	0	155	7182	1	605	0	0	1
88351	6285	19402.2	19.6	0	128.3	7183	1	217	0	0	1
88422	6335.9	19211.2	19.8	0	182.6	7187	1	539	0	0	1
88429	6343.3	19268.2	10.5	0	158.7	7188	1	836	0	0	1
88816	6113.4	19613.3	9.9	0	142.1	7216	1	676	0	0	1
88849	6081	19599.4	29.8	0	173.6	7218	1	229	0	0	1
88869	6063.7	19628.4	21.9	0	128.5	7219	1	178	0	0	1
88877	6086.9	19646.2	19.5	0	127.2	7220	1	209	0	0	1
88903	6051.1	19652.3	19.7	0	132.5	7221	1	183	0	0	1
88984	6099.7	19646.2	27.1	0	155.9	7229	1	196	0	0	1
89009	6130.6	19632	34.1	0	160	7231	1	231	0	0	1
89077	6133.5	19603	17.6	0	196.2	7236	1	646	0	0	1
89098	6112.8	19617.1	40.6	0	134.6	7237	1	159	0	0	1
89144	6066.8	19614	20.9	0	138.5	7240	1	206	0	0	1
89156	6072.4	19670.8	21.5	0	136.8	7241	1	178	0	0	1
89227	6101.1	19628.9	20.2	0	131.5	7245	1	157	0	0	1
89242	6085.2	19595.9	27.2	0	140.8	7246	1	176	0	0	1
89266	6100.7	19576	22.2	0	159.5	7248	1	305	0	0	1
89307	6124.3	19543.5	19.7	0	170.5	7252	1	396	0	0	1
89416	6084.5	19627.3	23.1	0	137	7259	1	190	0	0	1
89444	6064.7	19634.1	27.8	0	146	7261	1	191	0	0	1
89478	6083.1	19655.1	26.6	0	132.8	7263	1	162	0	0	1
89512	6081.5	19551.6	30.1	0	194.7	7265	1	336	0	0	1
89574	6048.4	19636.1	23.3	0	143	7269	1	203	0	0	1
89688	6298.9	19267.7	10.8	0	180.5	7279	1	1465	0	0	1
89903	6726.8	19871.9	14.1	0	140.5	7297	1	426	0	0	1
90013	6957.4	19534.7	19.7	0	195.8	7304	1	421	0	0	1
90039	6991.6	19487.6	25.3	0	195.6	7305	1	428	0	0	1
92048	6366.1	19262.8	14.4	0	193.1	7457	1	812	0	0	1
92083	6348.1	19251.7	10.8	0	162.2	7458	1	1151	0	0	1
92221	6701.5	20072.2	14.2	0	169.4	7469	1	615	0	0	1
92554	6460.8	19474.7	17.1	0	187.3	7494	1	563	0	0	1
92669	6879.1	19495.3	30.4	0	182.6	7504	1	330	0	0	1
93046	6717.2	19466.5	29.7	0	124.5	7528	1	137	0	0	1
93516	6360.5	19338.7	13.2	0	152.9	7561	1	524	0	0	1
93759	6507.9	19623.6	26	0	129	7579	1	158	0	0	1
93886	6364.2	19180.8	16.6	0	179.5	7587	1	704	0	0	1
94068	6021.8	19544.1	7.5	0	158.8	7599	1	1386	0	0	1
94244	6626.8	19521.5	25.8	0	157.4	7613	1	183	0	0	1
94302	6550.1	19742.2	24.4	0	133.8	7617	1	182	0	0	1
94436	6138.1	19551.2	16.8	0	127	7629	1	284	0	0	1
94449	6159.9	19537.1	11.3	0	151.4	7630	1	740	0	0	1
94511	6327.4	19414.4	17	0	133.9	7634	1	259	0	0	1
94524	6139.2	19622.8	19.1	0	159.7	7635	1	368	0	0	1
94531	6137.3	19643.6	13.6	0	134.1	7636	1	377	0	0	1
95240	6622.3	20067.1	18.2	0	156.6	7688	1	359	0	0	1
96399	6977.3	19520	15.3	0	179.6	7775	1	506	0	0	1
96502	6631.4	20037.4	17.5	0	152.5	7782	1	317	0	0	1
96552	6746	19536.6	25	0	181.3	7787	1	268	0	0	1
96584	6721.7	19542.3	10.6	0	181.2	7789	1	1247	0	0	1
96663	6572.6	19783.2	9	0	146.6	7794	1	680	0	0	1
96769	6712.6	19871.7	24	0	149.2	7803	1	172	0	0	1
97193	6321.2	19757.5	23.2	0	176.7	7831	1	335	0	0	1
97574	6564.3	19740.6	13.9	0	167.7	7858	1	503	0	0	1
97611	6540	19713.2	34.5	0	138.3	7861	1	147	0	0	1
98130	6352.1	19596.1	12.7	0	180.5	7904	1	713	0	0	1
98360	6581.2	19959.9	27.6	0	183.6	7922	1	287	0	0	1
98388	6608.9	19978	29.2	0	141	7924	1	170	0	0	1
98612	6317.1	19411.9	14.8	0	153.5	7942	1	359	0	0	1
99011	6107.2	19638.1	13.3	0	142.3	7971	1	500	0	0	1
99023	6088.5	19684.7	8.9	0	161.1	7972	1	1222	0	0	1
99042	6080.7	19769.2	11	0	158	7973	1	770	0	0	1
99245	6600.8	19699.6	27.9	0	187.3	7987	1	318	0	0	1
99287	6548.1	19801.4	17.1	0	139.8	7991	1	394	0	0	1
99303	6569.4	19790.8	10.7	0	148.1	7992	1	727	0	0	1
99403	6549.9	19758	16.9	0	159.6	8000	1	356	0	0	1
100000	6543.7	19778.3	12.1	0	151.8	8043	1	597	0	0	1
100239	6670.6	20097.3	10.2	0	150.1	8063	1	744	0	0	1
100385	6402.1	19170.5	28.4	0	172.5	8073	1	228	0	0	1
100399	6340.1	19198.5	14.5	0	181.1	8074	1	649	0	0	1
100700	6119.1	19691.7	11.6	0	138	8096	1	514	0	0	1
101013	6414.4	19508.9	16.6	0	149.3	8123	1	435	0	0	1
101104	6364.8	19192.6	15.6	0	119.4	8131	1	212	0	0	1
101142	6681.6	20062.8	36.1	0	142.5	8134	1	138	0	0	1
101259	6377.2	19504.4	16.5	0	181.2	8144	1	530	0	0	1
101275	6406.7	19523.3	19.7	0	180.2	8145	1	414	0	0	1
101387	6355.1	19760.8	27.3	0	168.1	8153	1	276	0	0	1
101388	6362.1	19800.9	21.8	0	158	8154	1	237	0	0	1
101474	6678.7	20081.8	28.5	0	173.9	8160	1	249	0	0	1
101638	6691.5	20082.1	14.7	0	149.5	8173	1	484	0	0	1
102033	6142.1	19669.6	12.7	0	147.1	8200	1	505	0	0	1
102095	6455.9	19785.9	12.6	0	162.7	8204	1	728	0	0	1
102130	6561.6	19783.2	16.2	0	155.7	8206	1	330	0	0	1
102147	6539.3	19773.2	9.9	0	146.3	8207	1	735	0	0	1
102156	6563.6	19745.9	20.8	0	139	8208	1	224	0	0	1
102645	6712.2	19620.9	16.4	0	164.2	8248	1	441	0	0	1
102703	6502.2	19601	19.9	0	172.8	8251	1	349	0	0	1
102706	6483.5	19611.4	8	0	160.5	8252	1	1247	0	0	1
103596	6632.6	19573.8	9.4	0	158.2	8320	1	822	0	0	1
103867	6680.7	19990.6	30.4	0	163.8	8343	1	242	0	0	1
104192	6649.3	19561.1	16.1	0	163.7	8369	1	519	0	0	1
104276	6794.5	19491.1	20.3	0	198.8	8377	1	486	0	0	1
104293	6483	19801	16.4	0	151.3	8378	1	772	0	0	1
104311	6833	19490.9	21.8	0	173.6	8380	1	304	0	0	1
104547	6104.3	19764.3	22	0	131.9	8398	1	199	0	0	1
104661	6145.9	19605.6	11.6	0	145.2	8408	1	720	0	0	1
104675	6125.3	19607.1	10	0	138.1	8409	1	592	0	0	1
104768	6329.1	19326.3	23	0	127.1	8417	1	155	0	0	1
104869	6152.9	19516	26.9	0	162.6	8426	1	219	0	0	1
105300	6633.1	20048.7	19.2	0	166.8	8460	1	322	0	0	1
105318	6649.5	20067.1	16.2	0	152.8	8461	1	437	0	0	1
105547	6340.7	19164.9	11.3	0	166.6	8479	1	769	0	0	1
105964	6108.2	19663.2	28.7	0	141	8513	1	161	0	0	1
106131	6150.4	19628.2	22.9	0	169.1	8526	1	276	0	0	1
106178	6112.8	19617	16.4	0	158.9	8530	1	408	0	0	1
106384	6341.8	19188.4	17.2	0	140.6	8547	1	304	0	0	1
106717	6576.1	19775.9	14.7	0	146.8	8575	1	356	0	0	1
108077	6082.4	19789.5	10	0	152	8677	1	759	0	0	1
108089	6091.8	19761.8	9.2	0	144.9	8678	1	760	0	0	1
108409	6679.2	20083.4	8.7	0	155.6	8702	1	947	0	0	1
108499	6364.7	19162.5	11.8	0	186.3	8709	1	1064	0	0	1
108513	6385.8	19134.8	22	0	136.2	8710	1	162	0	0	1
108540	6353	19506.5	13.2	0	166.7	8712	1	690	0	0	1
108936	6609.8	20075.3	17.9	0	183.1	8747	1	469	0	0	1
108947	6698	20067.6	18.9	0	169.8	8748	1	384	0	0	1
109019	6629.9	20060.4	21.6	0	172.5	8754	1	424	0	0	1
109390	6108.7	19618.9	11.3	0	157.8	8782	1	581	0	0	1
109413	6525.6	19783	22.6	0	152.7	8784	1	282	0	0	1
109499	6442.7	19501.2	33.7	0	117.3	8790	1	95	0	0	1
109531	6116.9	19632.1	24.6	0	139.2	8793	1	222	0	0	1
109601	6293	19401	14.1	0	167.1	8798	1	900	0	0	1
109788	6083.1	19599.9	25.4	0	147.4	8812	1	180	0	0	1
109802	6089.4	19643.5	23.1	0	127.4	8813	1	155	0	0	1
109873	6714.4	20021.6	13.8	0	178.3	8818	1	782	0	0	1
109882	6118.8	19619.8	12.1	0	156	8819	1	539	0	0	1
109993	6569.7	19781.2	14.1	0	151	8827	1	462	0	0	1
110295	6027.1	19530.3	11.3	0	152.4	8850	1	668	0	0	1
110306	6026.3	19489.5	21.6	0	175.6	8851	1	365	0	0	1
110789	6119.4	19517.7	36.5	0	150.1	8893	1	164	0	0	1
111047	6345.2	19380.2	11.2	0	161	8913	1	981	0	0	1
111113	6370.3	19279.4	25.1	0	176.5	8918	1	406	0	0	1
111176	6532.7	19828.3	12	0	150.2	8923	1	557	0	0	1
111225	6356	19336.9	14	0	177	8927	1	867	0	0	1
111256	6317.7	19362.2	9	0	152.9	8929	1	790	0	0	1
111294	6248.5	19451.2	9.3	0	176.9	8931	1	1279	0	0	1
111338	6151.5	19642.4	10.5	0	172.5	8934	1	807	0	0	1
111870	6293	19759.5	11.1	0	193.4	8976	1	1321	0	0	1
111911	6331.2	19783.1	15.4	0	173	8979	1	542	0	0	1
112015	6985.3	19512.2	21	0	190.6	8987	1	345	0	0	1
112110	6378.6	19149.6	8.3	0	147.8	8996	1	994	0	0	1
112611	6341.2	19339.5	13.7	0	141.6	9036	1	388	0	0	1
112630	6353	19298.9	18	0	180.3	9037	1	650	0	0	1
112677	6177	19495.8	17.8	0	182.2	9042	1	969	0	0	1
112696	6159	19516.9	14	0	153.6	9043	1	778	0	0	1
112705	6172.4	19543.8	24.2	0	153.5	9044	1	219	0	0	1
113340	6628	20100.6	15.8	0	143.7	9092	1	386	0	0	1
113364	6188.7	19386.4	18.9	0	199.5	9094	1	592	0	0	1
113561	6558.7	19769	10.4	0	146.6	9109	1	648	0	0	1
113937	6711.8	20038.8	13.7	0	169.9	9142	1	635	0	0	1
113955	6381.1	19146.6	24.7	0	164.7	9144	1	268	0	0	1
114070	6523.4	19678	9.7	0	165.4	9153	1	1047	0	0	1
114078	6538.5	19691	13.6	0	159	9154	1	514	0	0	1
114320	6100.5	19779.7	12.4	0	144.6	9172	1	526	0	0	1
114982	6323.7	19319.7	14.3	0	156.5	9226	1	809	0	0	1
115238	6349.4	19323.8	30.9	0	163.2	9245	1	219	0	0	1
115497	6305	19455.7	28.3	0	186.6	9262	1	298	0	0	1
115592	6424.3	19495.7	21.9	0	177.6	9270	1	278	0	0	1
115666	6516.4	19863.6	29.7	0	148.2	9277	1	174	0	0	1
116182	6120.2	19685.5	14.6	0	119.8	9317	1	234	0	0	1
116284	6160.8	19532.4	13.3	0	159.5	9326	1	792	0	0	1
116544	6340.3	19314.7	22.2	0	154.2	9345	1	264	0	0	1
117354	6333.3	19320.2	24.1	0	149.4	9415	1	218	0	0	1
117521	6538.1	19712	17.7	0	140.6	9429	1	296	0	0	1
117809	6397.2	19150	17.5	0	153.3	9453	1	303	0	0	1
118523	6340.8	19601.5	48.1	0	130.2	9509	1	144	0	0	1
118905	6329.8	19344.5	17.4	0	142.3	9542	1	314	0	0	1
118907	6347	19332.5	18.1	0	152.7	9543	1	306	0	0	1
119132	6074.3	19781	12.8	0	150	9563	1	441	0	0	1
119144	6057.6	19803.7	23.4	0	133	9564	1	152	0	0	1
119353	6825.4	19491	12.9	0	177.2	9581	1	663	0	0	1
119742	6583.6	19778.8	9.7	0	157.6	9616	1	962	0	0	1
120379	6386	19167.9	9.7	0	164	9671	1	923	0	0	1
120842	6613.7	20096.5	32.9	0	136.8	9708	1	149	0	0	1
121030	6486.6	19646.1	27.9	0	176.5	9723	1	262	0	0	1
121611	6539.9	19797.8	9.5	0	148.4	9774	1	803	0	0	1
121830	6718.4	20037.5	12.3	0	191.4	9792	1	909	0	0	1
121940	6193.6	19550	19.8	0	144.5	9800	1	261	0	0	1
122016	6154.5	19576.4	20	0	168.5	9806	1	405	0	0	1
122031	6166.7	19552.6	12.2	0	156.6	9807	1	722	0	0	1
122311	6324	19346.3	10.2	0	155	9832	1	698	0	0	1
122359	6422.2	19144.7	22.5	0	183.5	9836	1	379	0	0	1
122671	6169.6	19542	10.2	0	167.5	9864	1	923	0	0	1
122927	6741.2	19603.9	27	0	181.7	9888	1	301	0	0	1
123045	6607.7	19877	18.6	0	162.3	9900	1	315	0	0	1
123884	6483.4	19540.8	26.1	0	156.1	9970	1	183	0	0	1
123896	6453.6	19551.3	9.1	0	148.1	9971	1	778	0	0	1
123915	6754	19448.7	20.1	0	195.8	9972	1	544	0	0	1
123927	6785.5	19447.8	12.9	0	170.5	9973	1	784	0	0	1
124533	6559.9	19819.7	12.8	0	157.3	10025	1	778	0	0	1
124543	6546.9	19770.5	24.6	0	180.3	10026	1	572	0	0	1
124924	6375.3	19505.6	18.2	0	170.2	10058	1	401	0	0	1
125131	6271.8	19390	21.6	0	131.7	10074	1	152	0	0	1
125551	6726.9	19542.1	13.6	0	189.7	10107	1	881	0	0	1
126087	6726.9	20021.6	19.5	0	151.5	10150	1	303	0	0	1
126093	6703.1	20037.4	14.3	0	165.2	10151	1	570	0	0	1
126526	6412.6	19582.4	24.4	0	175	10192	1	285	0	0	1
126853	6354.6	19146.5	21.1	0	166.2	10221	1	329	0	0	1
126896	6106.6	19769.8	14.3	0	143.1	10225	1	428	0	0	1
126930	6108.1	19743.8	17.2	0	157.4	10229	1	444	0	0	1
127005	6348.8	19180.8	9	0	151.9	10235	1	920	0	0	1
127033	6798.7	19448.8	37	0	129.5	10238	1	132	0	0	1
127187	6732.6	20007.8	25.5	0	154.7	10252	1	215	0	0	1
127460	6106.2	19585.8	30.5	0	126.3	10277	1	146	0	0	1
127467	6112.7	19621.9	9.7	0	142.4	10278	1	780	0	0	1
127632	6313.5	19255.8	12.5	0	170.1	10291	1	911	0	0	1
127656	6079.8	19758.7	21.8	0	144.3	10293	1	231	0	0	1
128062	6479.3	19503.9	21.4	0	193	10329	1	767	0	0	1
128634	6794.1	19444.1	21.7	0	181.3	10380	1	331	0	0	1
129479	6765.5	19494.6	24.3	0	149.9	10455	1	198	0	0	1
129488	6780	19464.6	18.3	0	164.1	10456	1	394	0	0	1
129864	6642.7	20065.3	25.9	0	125.7	10488	1	145	0	0	1
130160	6698.9	20036.1	22.9	0	153.4	10516	1	310	0	0	1
130180	6679.8	20063.6	10.6	0	148	10517	1	857	0	0	1
130287	6080.6	19762.7	8.9	0	146.8	10527	1	786	0	0	1
130326	6731.7	19521	14.7	0	168.7	10530	1	473	0	0	1
130392	6647.2	19568.6	9.1	0	163.5	10537	1	1170	0	0	1
130497	6669.3	19569.3	12.9	0	168.9	10546	1	932	0	0	1
131321	6704.6	19974.9	13.2	0	198.7	10613	1	1326	0	0	1
131418	6306.5	19545.8	12.8	0	181.7	10619	1	883	0	0	1
131794	6344.6	19517.5	15.6	0	167.4	10649	1	605	0	0	1
131914	6653	20078.5	24.6	0	160.5	10660	1	288	0	0	1
131988	6618.9	19915.2	14.9	0	166.1	10666	1	533	0	0	1
133093	6051.7	19442	12.8	0	182.2	10759	1	862	0	0	1
134003	6350.7	19152.9	15.1	0	164.8	10845	1	638	0	0	1
134126	6090.3	19616	9.9	0	148.9	10856	1	756	0	0	1
134203	6131.4	19563	38.5	0	179.2	10863	1	185	0	0	1
134238	6032.3	19603.6	30.6	0	147.1	10866	1	159	0	0	1
134260	6556.3	19769	6.9	0	149.3	10869	1	1439	0	0	1
134329	6087	19636.9	24.6	0	132.4	10874	1	172	0	0	1
134347	6062.5	19646.9	22.5	0	130	10876	1	149	0	0	1
134380	6149.5	19558.3	8.9	0	167.7	10879	1	1098	0	0	1
134489	6506.5	19833.1	14.3	0	157.2	10886	1	739	0	0	1
134558	6118.7	19638.4	43.5	0	164.4	10892	1	184	0	0	1
134663	6109.2	19622.8	26.6	0	149.1	10901	1	201	0	0	1
134695	6097.9	19634.5	20.2	0	120	10905	1	193	0	0	1
134705	6125.3	19628.8	22.4	0	167.9	10906	1	328	0	0	1
134844	6152.6	19540.6	10.8	0	141.5	10921	1	656	0	0	1
134855	6170.9	19556.3	10.9	0	144	10922	1	743	0	0	1
135286	6065.2	19652.6	23.6	0	149.4	10960	1	225	0	0	1
135870	6760.9	19660.5	24	0	189.7	11016	1	350	0	0	1
135880	6747.6	19622	11.4	0	181.4	11017	1	899	0	0	1
135913	6154.6	19602.2	12	0	158.9	11021	1	806	0	0	1
136538	6072.8	19518.9	21.3	0	130.9	11072	1	195	0	0	1
136652	6983.4	19518.7	23.2	0	197.4	11082	1	392	0	0	1
136667	6683.1	20085.7	21.6	0	183.5	11084	1	352	0	0	1
137017	6154.2	19532.8	13.9	0	144	11118	1	470	0	0	1
137614	6452.7	19531.1	19.4	0	145.8	11177	1	224	0	0	1
137674	6580.1	19772	12	0	171.1	11181	1	827	0	0	1
137679	6562.8	19789	10.9	0	153.9	11182	1	699	0	0	1
137944	6295.8	19533.9	27.5	0	116.7	11203	1	117	0	0	1
138117	6856.7	19424.5	26.4	0	168.1	11219	1	244	0	0	1
138221	6384.2	19166	9.7	0	161.2	11226	1	911	0	0	1
138524	6563.3	19716.5	22.8	0	174.3	11251	1	323	0	0	1
138535	6543.2	19701.9	12.9	0	147.3	11252	1	489	0	0	1
138602	6343.5	19732.3	17.3	0	176	11259	1	451	0	0	1
138721	6823.8	19423.4	30.8	0	180.5	11268	1	283	0	0	1
138736	6797	19416.8	20	0	143	11269	1	252	0	0	1
139221	6381.1	19157.6	18.7	0	166.7	11308	1	607	0	0	1
139243	6386.9	19196.4	11.3	0	142	11310	1	562	0	0	1
139280	6436.6	19211.8	35.2	0	125.9	11313	1	113	0	0	1
139326	6339	19189.6	13.5	0	171.6	11317	1	995	0	0	1
139614	6396.7	19188.5	45.8	0	166.9	11340	1	193	0	0	1
140071	6506.3	19512.6	15.6	0	186.6	11375	1	802	0	0	1
140408	6072.5	19510.2	9.2	0	149.2	11405	1	929	0	0	1
140641	6109.7	19509.6	22.5	0	186.8	11429	1	638	0	0	1
141046	6580.8	19752.4	13.9	0	152.6	11467	1	688	0	0	1
141059	6558.4	19748.7	12.4	0	155.4	11468	1	630	0	0	1
141081	6665.6	20082.5	18.7	0	146.3	11470	1	339	0	0	1
141202	6738	19990.5	11.8	0	182.6	11482	1	1191	0	0	1
141295	6367.5	19171.4	10.9	0	144.9	11491	1	555	0	0	1
141312	6391.9	19169.9	21.4	0	153.5	11492	1	266	0	0	1
141324	6408.9	19144.7	38.5	0	168.3	11493	1	169	0	0	1
141529	6394.3	19193.5	26.6	0	105.3	11512	1	95	0	0	1
141679	6871.4	19475.3	32.8	0	196.6	11525	1	372	0	0	1
141796	6373.2	19183.4	18.5	0	145.4	11535	1	283	0	0	1
141836	6452.1	19142.3	33	0	140.1	11540	1	120	0	0	1
141873	6378.1	19159.8	37.6	0	141.9	11542	1	147	0	0	1
141936	6405.4	19162.5	13.6	0	156.7	11547	1	536	0	0	1
141948	6394.4	19185.4	9.6	0	165	11548	1	1122	0	0	1
141959	6361.6	19152.8	31.3	0	101.8	11549	1	78	0	0	1
142218	6793	19437.2	12.5	0	168.6	11571	1	815	0	0	1
142606	6636.6	20075.2	18.2	0	147	11602	1	344	0	0	1
143131	6175.9	19559.5	10.6	0	146.6	11650	1	957	0	0	1
143142	6160.2	19545.8	10	0	134.4	11651	1	780	0	0	1
143151	6141	19621.4	12.8	0	148.4	11652	1	665	0	0	1
143381	6021.3	19551.8	19.5	0	148.3	11670	1	544	0	0	1
143399	6026.7	19530.1	24.8	0	152.1	11671	1	247	0	0	1
143481	6158.3	19542.8	11.2	0	137	11678	1	474	0	0	1
143489	6176.1	19533.5	31.4	0	150.7	11679	1	188	0	0	1
144855	6344.8	19506	18.9	0	139.4	11798	1	260	0	0	1
145535	6706.8	19449.8	31.3	0	169.5	11861	1	228	0	0	1
145650	6346.6	19249.8	24.9	0	144.7	11870	1	306	0	0	1
146448	6348.4	19329.2	23.9	0	153.3	11931	1	344	0	0	1
146654	6584.5	19753.5	13.5	0	152.1	11948	1	473	0	0	1
146920	6350.9	19724	26.1	0	188	11971	1	318	0	0	1
146945	6574.5	19742.4	30.6	0	163.5	11974	1	194	0	0	1
147331	6333.2	19356.8	7.5	0	157.4	4	3	1432	0	0	1
147401	6261.5	19409.8	8.9	0	188.2	17	2	2199	0	0	1
147413	6364.3	19331.3	13.5	0	142.2	21	2	712	0	1	1
147446	6324.2	19339.5	9.8	0	146.5	28	3	1153	0	1	1
147468	6331.1	19352.3	5.8	0	151.7	32	5	2281	0	0	1
147505	6323.4	19339.3	9.8	0	137	40	2	831	0	0	1
147512	6289.4	19375.9	7.4	0	166.7	42	4	3061	0	0	1
147536	6333.6	19334.1	7.2	0	149.3	48	6	2869	0	3	1
147586	6245.1	19398.7	6.6	0	175.2	60	2	2361	0	0	1
147620	6277.2	19360.8	8.6	0	169.3	68	2	1391	0	2	1
147661	6225	19384.6	7.2	0	185	75	2	2842	0	2	1
147717	6343.5	19330.2	10.2	0	147.5	89	3	1208	0	2	1
147733	6327.4	19350.3	7	0	160.2	92	3	1652	0	1	1
147853	6317.1	19288.4	6.6	0	163.9	121	5	3494	0	1	1
147887	6319.1	19294.4	8.9	0	158.3	128	2	1303	0	1	1
148071	6347.7	19449.3	8.1	0	176.5	161	3	2040	0	0	1
148155	6333.5	19567.5	4.9	0	182.4	175	2	3805	0	0	1
148165	6359.1	19345.1	8.9	0	136.4	178	3	892	0	0	1
148255	6340.5	19333.2	6.3	0	139	198	7	2714	0	2	1
148302	6326.7	19338.7	6.1	0	138.4	207	4	1778	0	1	1
148318	6327.8	19339.5	3.8	0	147.2	213	4	6297	0	0	1
148333	6334.1	19347.6	4.1	0	145.1	217	5	5021	0	9	1
148417	6335.4	19323	6.8	0	151.2	235	6	2534	0	3	1
148530	6324.8	19334.2	6.9	0	147.1	259	5	2124	0	2	1
148587	6338.4	19348.1	20	0	123.5	269	2	604	0	0	1
148651	6322.6	19336	9.3	0	141.4	290	2	820	0	0	1
148658	6325.6	19341.7	6.2	0	142.6	293	6	2491	0	2	1
148662	6344.6	19320.3	10.2	0	139.4	294	2	657	0	1	1
148691	6282.6	19387.3	8.1	0	162	302	2	1205	0	0	1
148697	6337.5	19344.5	7.5	0	143.9	304	2	966	0	0	1
148756	6335.9	19337.4	9.7	0	149.9	320	2	780	0	1	1
148767	6317.4	19335.6	6.7	0	148	323	4	1696	0	1	1
148781	6337.3	19313.3	10.1	0	151.6	328	2	917	0	1	1
148798	6313	19326.4	9.9	0	137.3	334	2	780	0	0	1
148873	6346.7	19336.6	7.9	0	144.1	350	2	981	0	0	1
148901	6331.3	19339.1	9.5	0	140.3	356	2	915	0	1	1
148947	6328.8	19339.5	10.8	0	145.9	366	2	883	0	0	1
148990	6333.8	19334.8	7.9	0	141.7	375	2	910	0	0	1
149000	6326.6	19324.1	6	0	151.1	377	8	4677	0	2	1
149039	6323.4	19335.5	9.2	0	154.4	387	2	881	0	0	1
149073	6321.1	19335.7	6.1	0	141.1	393	6	2304	0	3	1
149086	6305.6	19313.1	8.8	0	148.1	398	2	1054	0	0	1
149124	6299.4	19366.8	8	0	155.1	408	2	1238	0	1	1
149144	6326.3	19334.5	5.8	0	144.2	412	3	3434	0	1	1
149219	6326.2	19324.8	5.6	0	159.9	431	8	4542	0	2	1
149339	6309.2	19329.4	7.9	0	168.2	460	2	1435	0	0	1
149351	6330.7	19330.7	5.3	0	157.4	463	9	5239	0	6	1
149379	6333.9	19356.2	9.7	0	140.1	470	2	822	0	1	1
149425	6326	19325.7	5.7	0	144.2	482	6	2584	0	1	1
149458	6328.5	19324.8	9.1	0	156.3	492	3	1437	0	0	1
149471	6319	19324	12.1	0	150.8	495	2	787	0	0	1
149489	6315.1	19330.1	11.2	0	142.8	501	1	430	0	8	1
149531	6330.5	19344.1	7.9	0	145.4	511	3	1321	0	2	1
149664	6329.6	19332.8	9.3	0	138.1	542	2	907	0	1	1
149671	6353.1	19330.8	8.9	0	131.8	543	3	1278	0	4	1
149722	6329.5	19338.5	8.3	0	144.6	554	3	1291	0	0	1
150142	6356	19356.9	10.9	0	135.8	642	2	760	0	0	1
150344	6338.9	19334.8	11.2	0	155.4	688	2	850	0	0	1
150368	6332.4	19348.2	6.4	0	146.1	694	5	2029	0	1	1
150387	6316.2	19322.3	11.2	0	135.1	701	2	589	0	0	1
150469	6358.3	19338.3	6.4	0	157.6	718	5	2163	0	2	1
150483	6336.1	19336.7	8.1	0	146.1	722	4	1825	0	4	1
150543	6332	19336.2	5.7	0	147.2	738	6	2466	0	4	1
150546	6318.3	19320.6	8.3	0	157.2	739	3	1190	0	2	1
150622	6329.8	19342.7	7	0	139.2	756	4	1410	0	1	1
150642	6322.4	19328.6	12.4	0	145.1	763	2	529	0	0	1
150649	6297	19373.7	8.5	0	162	765	2	1222	0	2	1
150658	6322.3	19343.1	7.3	0	133.7	767	4	1425	0	1	1
150692	6324.8	19344.6	9.4	0	134	776	2	615	0	2	1
150705	6320.2	19331.9	9.4	0	135.7	780	2	647	0	1	1
150822	6318.8	19334.3	6.5	0	141.3	803	3	2220	0	0	1
150841	6351.1	19339.4	7.3	0	154.5	808	2	1349	0	0	1
150853	6329.7	19334.9	9.2	0	147.7	810	2	986	0	0	1
150942	6332.9	19330.4	9.3	0	158.6	833	3	1238	0	2	1
150993	6331.9	19335.6	4.9	0	149	842	5	2989	0	0	1
151026	6319.5	19343	6.5	0	146.8	847	2	1452	0	0	1
151044	6327.1	19347.1	8.3	0	148.4	852	2	1113	0	0	1
151075	6325.8	19336.9	6.3	0	150.6	858	3	1726	0	1	1
151097	6327.6	19350.8	8	0	145.6	862	2	1183	0	0	1
151122	6327.2	19341.3	6.7	0	146.1	870	3	1745	0	2	1
151142	6323.6	19335.2	4.5	0	152.8	875	6	3407	0	5	1
151153	6278.9	19394.5	10.9	0	189.1	877	2	1419	0	0	1
151186	6321.5	19336.5	6.9	0	144.6	886	4	1771	0	0	1
151204	6323.1	19335.9	5.8	0	144.7	890	5	2465	0	3	1
151268	6325.8	19327.6	5.7	0	149.9	905	5	2828	0	2	1
151290	6346.6	19347.6	8.9	0	152.1	912	2	1106	0	0	1
151368	6345.2	19436.2	5.8	0	182.7	929	3	6722	0	0	1
151516	6330.5	19336.3	6.1	0	155.4	972	6	3427	0	1	1
151546	6293.4	19361.7	7.3	0	161.1	979	2	1569	0	2	1
151618	6324.7	19330.6	8.2	0	150.1	998	3	1872	0	0	1
151645	6315.3	19353.2	6.9	0	153.1	1002	3	5343	0	2	1
151666	6338.4	19333.6	10.9	0	144.5	1007	2	793	0	0	1
151683	6304.7	19344.5	7.8	0	154.3	1010	2	1170	0	1	1
151694	6328.7	19339	11.2	0	162	1013	2	915	0	1	1
151741	6330.4	19333.4	7.3	0	141.4	1026	2	1002	0	1	1
151797	6331.1	19352.2	5.6	0	142.2	1038	5	2298	0	4	1
151835	6323.2	19338.5	5.7	0	150.4	1047	6	3438	0	7	1
151908	6321.1	19337.1	9	0	152.5	1066	2	1549	0	9	1
151972	6333.8	19348.6	4.2	0	157.9	1084	10	7436	0	6	1
152053	6324.7	19335.5	4.3	0	144.8	1106	6	3558	0	1	1
152088	6295.9	19360.9	6	0	163.6	1115	3	2486	0	2	1
152119	6330.4	19330.9	4.6	0	150.8	1123	11	5759	0	6	1
152145	6331.8	19355.1	8.7	0	160.8	1129	2	1115	0	0	1
152230	6317.1	19337.3	9.8	0	142.4	1155	2	1022	0	1	1
152263	6338	19341.2	6.8	0	144.9	1163	2	994	0	0	1
152284	6323.8	19328.8	5.7	0	155.1	1169	5	2947	0	1	1
152298	6325.2	19352.6	9	0	175	1173	2	1747	0	1	1
152392	6254.1	19381	9.3	0	194	1198	2	1841	0	1	1
152420	6249.9	19385.9	8.9	0	186.8	1206	2	1955	0	2	1
152430	6283.3	19377.1	8.1	0	184.7	1208	2	1811	0	1	1
152444	6325.5	19350.9	5.7	0	144.3	1212	3	1948	0	2	1
152458	6329.9	19336.5	8.6	0	151.8	1217	2	1281	0	0	1
152481	6332.6	19337.5	5	0	158	1222	6	4105	0	3	1
152525	6335.6	19322.9	10.2	0	154.3	1231	2	1004	0	0	1
152540	6336.5	19337.3	6.9	0	147.7	1233	3	1652	0	0	1
152601	6327.3	19343.8	5.2	0	147.4	1246	5	2527	0	1	1
152630	6326.2	19338.5	5.9	0	149.5	1254	5	3315	0	1	1
152658	6326	19342.9	4.7	0	149.8	1260	6	3570	0	2	1
152714	6312.6	19327.9	9.1	0	147.1	1272	2	1129	0	0	1
152726	6335.8	19350.7	4.8	0	146.8	1274	4	2404	0	0	1
152742	6341.6	19329.7	5.4	0	148.4	1278	6	2754	0	2	1
152756	6326.5	19344.6	5.9	0	154.8	1282	6	3539	0	3	1
152794	6326.6	19333.5	8.3	0	151.9	1291	3	1277	0	2	1
152817	6331	19340.2	4.9	0	150.4	1296	6	3424	0	1	1
152856	6336.7	19345.8	6.2	0	150.9	1305	2	1331	0	12	1
152916	6337.1	19332.3	7.8	0	153.4	1322	2	1245	0	0	1
152923	6339.9	19330.5	7.4	0	154.2	1324	4	2354	0	1	1
152947	6330	19343.3	5.2	0	144.7	1330	5	2596	0	2	1
152973	6296.8	19392.3	9	0	177.4	1337	2	1273	0	2	1
152986	6328.3	19327.5	7.7	0	142.7	1341	2	1098	0	1	1
153019	6331.8	19338.6	4.8	0	154.2	1351	7	4040	0	2	1
153070	6327	19340.2	4.1	0	147.7	1365	10	5381	0	2	1
153326	6535.5	19714.3	5.5	0	144.2	1438	3	2892	0	0	1
153456	6643.7	20097	5.6	0	160.4	1473	4	2690	0	0	1
153656	6130.7	19600.4	4.4	0	151.4	1521	2	3571	0	0	1
154028	6534.9	19796.6	6.8	0	149.9	1612	2	4323	0	0	1
154121	6475.7	19644.3	7.8	0	168.2	1636	2	2525	0	0	1
154135	6562	19775.2	6.3	0	153.6	1640	2	2022	0	0	1
154278	6556.1	19676.4	10.4	0	149.2	1676	2	497	0	2	1
154308	6579.9	19900.8	11.8	0	169.1	1683	2	654	0	0	1
154322	6463.1	19830	5.2	0	152.7	1685	2	4060	0	1	1
154324	6470.2	19847.8	3.6	0	156.9	1686	3	9302	0	1	1
154341	6561.3	19915	8.8	0	172.4	1690	2	1582	0	0	1
154461	6156.4	19408.4	9.3	0	177.1	1725	2	1607	0	1	1
154522	6030.1	19547.1	5.7	0	147.9	1741	3	3319	0	0	1
154651	6129.1	19608.2	6	0	157	1773	2	1401	0	2	1
154806	6316.5	19245.2	6	0	174.5	1818	3	5000	0	0	1
154963	6568.1	19784.8	7.6	0	138.4	1858	2	969	0	0	1
154976	6153.6	19535.2	12.1	0	161.1	1862	2	973	0	0	1
155409	6166.7	19550.1	8.7	0	152.3	1982	2	1309	0	1	1
155801	6556.2	19791	5.9	0	156	2090	2	1120	0	0	1
155992	6547.2	19718.9	6.3	0	138.9	2139	4	2143	0	0	1
156038	6570.5	19786.4	6.7	0	156.1	2151	2	1467	0	0	1
156271	6813	19492	11	0	175.1	2209	2	694	0	2	1
156621	6543.4	19746.2	8.4	0	151.4	2301	2	1456	0	1	1
156785	6124.1	19670.9	7.3	0	167.6	2338	2	1753	0	0	1
156823	6529.3	19694.3	5.2	0	159.3	2344	3	3927	0	1	1
157095	6135.7	19588.6	3.9	0	156.7	2410	5	5793	0	0	1
157132	6496.3	19751.8	6.6	0	142.6	2419	2	1488	0	0	1
157325	6098.8	19788.3	6.8	0	147.9	2459	2	1179	0	0	1
157501	6524.1	19690.2	7.7	0	165.3	2502	2	1041	0	0	1
157518	6121.7	19606.5	8.3	0	159.8	2505	2	973	0	0	1
157597	6542.2	19785.8	6.5	0	159.7	2528	2	1847	0	0	1
157776	6552.8	19788.4	4.2	0	152.1	2571	4	3331	0	0	1
158014	6065.2	19636.9	10.3	0	138.3	2624	3	826	0	1	1
158057	6514.5	19838.1	4.6	0	138.9	2637	2	1714	0	0	1
158091	6458.1	19814.9	7.9	0	147.7	2646	2	853	0	0	1
158105	6534.9	19801.8	6.9	0	153.8	2650	2	1725	0	0	1
158144	6526.4	19780.1	10	0	155.4	2662	2	881	0	0	1
158170	6049.5	19643.6	14.9	0	134.2	2667	2	369	0	0	1
158369	6810.3	19511.4	4.8	0	180.6	2725	4	7247	0	2	1
158471	6071.1	19656.6	13.1	0	136.7	2754	2	352	0	0	1
158529	6317.1	19346.6	7.9	0	160.9	2768	2	1727	0	0	1
158746	6096.8	19643.9	11.2	0	148.2	2826	2	586	0	0	1
158752	6110.8	19615.3	15.1	0	174	2828	2	537	0	0	1
158840	6091.6	19621.5	16.6	0	153	2850	2	546	0	2	1
158916	6070.2	19640.1	13.1	0	140.3	2869	2	422	0	1	1
159381	6497.8	19630.1	9	0	154	2997	2	866	0	0	1
159548	6566.7	19770.7	5.2	0	145.5	3041	2	2773	0	0	1
159759	6603.9	19570.9	6.3	0	152.5	3097	3	1743	0	0	1
160068	6121.1	19653.2	4.3	0	157.9	3184	4	3887	0	0	1
160244	6438.2	19540.3	5.9	0	148.6	3241	3	2461	0	0	1
160258	6121.6	19613.6	5.8	0	123	3245	4	2672	0	0	1
160542	6674.1	20038.9	9.2	0	187.9	3325	2	1437	0	0	1
160551	6750.5	19622.1	13.6	0	185.6	3328	2	1167	0	0	1
160849	6572	19765.3	6.6	0	152.4	3412	2	1106	0	0	1
160967	6306.2	19411.1	4	0	167.6	3442	4	13790	0	0	1
160984	6276.5	19447.2	5.1	0	180.9	3446	2	9539	0	0	1
161097	6527.3	19715.1	6.4	0	147.4	3481	2	1308	0	0	1
161670	6482.7	19631	5.2	0	161.1	3639	4	3008	0	2	1
161732	6441.4	19544.5	3.4	0	144.5	3658	2	3592	0	0	1
161784	6373.3	19154.4	5.8	0	187.7	3673	2	2243	0	0	1
161836	6446.1	19542.9	6.7	0	150.4	3688	2	1317	0	0	1
161922	6551.8	19780.4	5.7	0	153	3716	2	1687	0	0	1
161941	6530.1	19694.8	4.5	0	170.5	3721	2	2924	0	0	1
162067	6333.8	19800	10.6	0	166.3	3765	2	706	0	1	1
162721	6494.9	19749.2	6.9	0	148.8	3958	2	1400	0	0	1
163204	6548.2	19738.9	5.6	0	143.1	4111	3	2103	0	0	1
163455	6117.7	19603.6	5.1	0	141.3	4184	4	2925	0	0	1
163634	6112.4	19781.7	6.4	0	148.4	4243	2	2633	0	0	1
163970	6825.9	19530.2	7.3	0	172.4	4346	3	1646	0	0	1
164131	6638.2	20099.4	3.6	0	144.6	4394	3	3413	0	0	1
164436	6134.1	19633.3	5	0	164	4502	2	1843	0	0	1
164561	6383.3	19170.2	4.3	0	151.6	4537	3	3414	0	0	1
164881	6394.4	19155.3	6.2	0	167.8	4631	2	4711	0	0	1
165391	6307.7	19407.5	4.5	0	145.3	4781	2	4276	0	0	1
165406	6310.6	19395.1	5.7	0	152.7	4786	2	2638	0	0	1
165595	6638.3	19555.8	6.8	0	150.7	4846	2	1396	0	0	1
165669	6163.1	19547.3	6.8	0	149.8	4870	2	1210	0	0	1
165822	6466.7	19826.8	4.8	0	145.5	4917	3	2173	0	0	1
165949	6320.4	19408.1	7.6	0	148	4959	2	925	0	0	1
166041	6338.1	19327.5	5.8	0	150	4987	2	1576	0	0	1
166071	6334.6	19406.3	7.7	0	148.3	4996	2	1082	0	0	1
166221	6478.6	19829.5	5.2	0	148.9	5041	3	2809	0	0	1
166279	6573.5	19766.9	7.6	0	148.8	5058	2	1272	0	0	1
166549	6158.2	19669.7	7.9	0	163.7	5151	2	1154	0	0	1
167378	6680.9	20082.9	5.2	0	149.8	5411	2	1562	0	0	1
167438	6324.9	19340.1	6.9	0	144.7	5429	2	1103	0	0	1
167485	6337.6	19757.7	8.2	0	162.6	5443	2	954	0	0	1
167934	6079.2	19633.2	7.1	0	147.2	5580	5	1870	0	2	1
167979	6058.4	19621.2	10.4	0	179.2	5598	2	706	0	1	1
168451	6152.6	19648.8	5.8	0	153.1	5712	3	2694	0	0	1
168577	6642.3	20079.2	10.5	0	146.8	5734	2	667	0	0	1
168824	6062.1	19610.1	14.9	0	144.5	5788	2	403	0	1	1
168856	6093.1	19612.8	11.3	0	137.3	5794	2	422	0	0	1
168920	6121	19635	15.1	0	141.2	5806	2	336	0	2	1
168952	6979.4	19522.1	8.7	0	182	5813	3	1322	0	1	1
169082	6396.4	19507.6	8	0	169.8	5842	2	1127	0	1	1
169180	6640.1	20091.7	9.3	0	154.8	5862	2	771	0	0	1
169519	6145.1	19660	9.2	0	159.5	5924	2	845	0	0	1
169789	6344.1	19496.7	6.9	0	176.3	5972	2	1710	0	0	1
170169	6132.6	19417.2	3.2	0	162.5	6047	6	7136	0	1	1
170558	6567.1	19790.1	7.7	0	139.9	6136	2	893	0	1	1
170711	6168.4	19517	4.4	0	159.9	6172	3	3440	0	0	1
170806	6574.1	19788.4	8.5	0	139	6192	2	692	0	0	1
170817	6578.1	19769.6	7.9	0	143.4	6194	2	694	0	0	1
170852	6538.5	19719.3	6.5	0	135.5	6201	3	1728	0	0	1
170956	6346.7	19364.4	7.7	0	172.7	6221	2	1504	0	2	1
171118	6378	19180.9	4	0	156.6	6256	3	3435	0	0	1
171369	6316.3	19548.8	7.5	0	183	6309	2	1524	0	0	1
171512	6333.7	19336.1	5.9	0	159.2	6343	4	2386	0	0	1
171563	6643.7	19563.2	5.2	0	156.5	6351	3	4182	0	0	1
171906	6550.2	19783.1	5.3	0	146.9	6426	4	2554	0	0	1
171951	6681.5	20075.8	7.3	0	164.7	6434	2	1110	0	0	1
172012	6542.3	19732.5	6.4	0	158.8	6446	2	3599	0	0	1
172040	6539	19757.3	4	0	157.4	6449	3	8247	0	0	1
172237	6557.9	19785.2	6.1	0	154.4	6495	3	2000	0	0	1
172247	6090.9	19780.7	7.2	0	137.7	6498	2	828	0	0	1
172367	6132.5	19419.5	5.5	0	161	6527	2	1585	0	0	1
172504	6563.2	19783.8	4.4	0	133.9	6559	3	2292	0	0	1
172782	6541.2	19776.9	6.4	0	149.9	6625	2	1222	0	0	1
173124	6350.4	19332	6.4	0	140.8	6701	3	1811	0	0	1
173134	6336.6	19323.8	7.6	0	150.1	6704	1	639	0	7	1
174543	6638.9	20077.7	3.2	0	154.6	7034	11	13689	0	4	1
174613	6638.3	20081.3	6.8	0	148.9	7052	2	1301	0	2	1
174783	6637.1	20076.7	5.9	0	157.7	7094	2	1609	0	0	1
175235	6459.5	19539.8	5.9	0	156.4	7194	3	2078	0	0	1
175282	6534.1	19715.5	7	0	145.3	7202	2	984	0	0	1
175365	6059.2	19605.4	10.1	0	151	7222	4	804	0	3	1
175374	6074.8	19606.8	14.3	0	153.7	7224	2	435	0	0	1
175380	6068.3	19642.4	11.9	0	143.5	7227	2	413	0	2	1
175415	6078.3	19628.6	14.7	0	143.4	7234	2	420	0	0	1
175440	6059	19643.5	10.4	0	134	7239	3	498	0	2	1
175463	6055.6	19619	11.1	0	134.1	7244	2	390	0	2	1
175495	6111.6	19553.8	12.1	0	179	7249	2	793	0	0	1
175513	6084.2	19630.4	10.3	0	145.9	7253	3	630	0	0	1
175549	6084.8	19609	10	0	144.6	7260	3	580	0	2	1
175578	6068.5	19617.8	14.8	0	151.6	7267	2	414	0	0	1
175738	6968.3	19498.3	11.7	0	182	7302	2	762	0	0	1
175806	6989.5	19506.4	11.1	0	175.8	7315	2	817	0	0	1
175831	6726.6	20021.8	6.8	0	165.7	7320	2	1345	0	0	1
175928	6543.2	19764.3	14.2	0	159.6	7339	2	432	0	0	1
176980	6052.7	19547.3	6.8	0	162.3	7597	2	2444	0	0	1
177974	6632	20058.1	6.9	0	156.2	7839	2	1517	0	0	1
178117	6333.2	19329.7	6.4	0	156.1	7873	2	1369	0	0	1
178653	6455.8	19830.6	8	0	150.2	8004	2	913	0	0	1
178921	6517.3	19830.9	8.1	0	151.1	8065	2	938	0	0	1
179166	6408.8	19487.1	8.3	0	185	8125	3	1616	0	0	1
179194	6385.9	19169.5	6.6	0	142.2	8132	2	1363	0	0	1
179206	6638.1	20078.3	7.6	0	151.6	8135	3	975	0	0	1
180013	6641.2	19555.8	5.8	0	162.5	8321	2	1597	0	0	1
180086	6685.5	20088.8	7.9	0	178.7	8338	2	2825	0	0	1
180108	6681.9	20027.5	6.9	0	178.3	8344	2	1856	0	0	1
180755	6684.2	20045.8	7.1	0	187.4	8514	2	2288	0	0	1
180859	6098.6	19622.5	7.7	0	164.8	8539	2	1092	0	0	1
180952	6119.3	19410.8	5.1	0	165.5	8561	3	1986	0	0	1
181172	6583.1	19770	7.7	0	129.3	8609	2	827	0	2	1
181176	6560.1	19781	4.5	0	132.2	8610	5	3361	0	1	1
181237	6098	19768.8	4.7	0	143.2	8626	2	1704	0	0	1
181815	6108.4	19624.5	7.7	0	156.3	8787	2	1307	0	0	1
182212	6434	19687.4	7.1	0	195.2	8896	2	2429	0	0	1
182266	6349	19330.5	7.4	0	153.9	8911	2	831	0	0	1
182281	6352.7	19404.1	6	0	173.8	8914	2	2657	0	0	1
182288	6340.3	19328.4	7.2	0	146.1	8916	3	1299	0	1	1
182344	6293.7	19400	7	0	171.1	8928	2	2031	0	1	1
182529	6311.6	19792.8	6.5	0	166.9	8975	2	1989	0	2	1
182648	6500.7	19630.3	6.2	0	157.4	9008	3	2294	0	0	1
182840	6400	19519.6	5.5	0	173.6	9054	4	5103	0	1	1
183209	6321.8	19331.2	6.7	0	140.4	9150	2	946	0	0	1
183757	6520.9	19825.2	5.7	0	153.3	9278	3	2188	0	0	1
184134	6378.9	19157.9	5.9	0	155.1	9376	2	1707	0	0	1
184271	6343.6	19333.3	5.6	0	148	9416	3	1951	0	0	1
184783	6330.4	19777.7	5.7	0	175.3	9556	3	4517	0	0	1
184881	6823.9	19501.6	3.7	0	188.1	9582	5	8552	0	0	1
185000	6569.7	19795.1	8.6	0	156	9615	1	595	0	8	1
185037	6567.8	19775.2	5.6	0	162.5	9624	2	1484	0	0	1
185228	6769	19435	4.8	0	167.4	9675	3	3130	0	0	1
185365	6638.7	20069.8	10	0	164.3	9709	2	708	0	0	1
185397	6444.4	19611.3	5.7	0	163.6	9717	4	2764	0	2	1
185513	6645.4	19565.3	5.6	0	162.2	9743	4	4145	0	0	1
185681	6448.6	19620.4	4.7	0	150.9	9785	4	2528	0	0	1
185823	6655.3	20074.2	12.4	0	147.9	9818	2	522	0	0	1
186194	6090.3	19550.4	6	0	172.9	9916	2	2603	0	0	1
186662	6358.7	19325.6	8.3	0	151.4	10037	2	1159	0	0	1
186766	6316.7	19426.4	7.9	0	155.5	10062	2	1162	0	0	1
186778	6318.9	19411.1	7.3	0	159	10064	3	1674	0	2	1
187343	6413.3	19514.7	7.6	0	180.8	10210	2	1555	0	0	1
187421	6091.4	19775.5	9.5	0	141.6	10226	3	750	0	2	1
187516	6746.1	19998.8	12.4	0	186.4	10253	2	712	0	0	1
187601	6543.1	19758.6	8	0	144.7	10273	2	937	0	0	1
187625	6087.6	19639.4	10.7	0	144.1	10280	2	528	0	2	1
188236	6697.9	20020.6	8.4	0	167.6	10444	3	1560	0	0	1
188256	6173.2	19531.4	6.1	0	164.6	10449	2	2103	0	0	1
188388	6643.7	20083.5	7.7	0	156.6	10486	2	909	0	0	1
188588	6656.6	19558.8	4	0	173.7	10541	5	5769	0	0	1
188818	6704.6	20002.5	8.7	0	154.1	10611	2	1414	0	0	1
188890	6031.2	19545.2	3.8	0	150.1	10628	4	5317	0	0	1
189024	6595.8	19919.6	7.1	0	172.6	10665	2	1258	0	1	1
189345	6664.7	20057.4	10.3	0	172.2	10754	2	988	0	0	1
189625	6413.7	19551.3	7.8	0	163	10838	2	1174	0	0	1
189776	6083.6	19636.2	12.3	0	136.6	10880	3	648	0	2	1
189785	6071.3	19612.9	14.6	0	143.4	10882	2	366	0	2	1
189817	6097.1	19632.6	12.7	0	138.1	10889	2	377	0	0	1
189864	6092.1	19614.5	12.1	0	145.2	10902	2	466	0	1	1
189902	6633	20074.6	8.3	0	156.7	10916	3	989	0	0	1
190013	6409.6	19179.5	12	0	154.6	10942	2	654	0	0	1
190291	6077	19505.3	6.3	0	153.7	11027	2	1443	0	0	1
190674	6719.9	20035.7	7.9	0	155.8	11131	2	1006	0	0	1
190770	6123.9	19594.2	5.9	0	142.8	11156	2	1299	0	0	1
190777	6631.6	20078.5	8.7	0	153.1	11158	2	580	0	0	1
191441	6536	19711	6.7	0	161.6	11332	2	1662	0	0	1
191448	6462	19823.5	11.7	0	153.2	11335	2	567	0	0	1
191776	6177.3	19525.8	8.1	0	163.3	11433	2	1073	0	0	1
192100	6839	19507.5	6.3	0	189.3	11526	3	3397	0	0	1
192375	6171.6	19524	9.6	0	154.4	11595	2	676	0	0	1
192455	6537.1	19824.9	7.5	0	161.6	11611	4	3052	0	0	1
193064	6305	19726.7	12.6	0	192.4	11780	2	790	0	1	1
193262	6719.5	19452.5	13.2	0	190.2	11841	2	999	0	0	1
193839	6548.5	19735.4	8.7	0	149.1	11975	5	5418	0	0	1
Orientation 	1
ROI width 	1005
ROI height 	1005
ROI x1 	6010
ROI x2 	7015
ROI y1 	19120
ROI y2 	20125
1
