Index	X	Y	Precision	SEM	PSF	First_Frame	N_detections	Photons	Intensity	Frames_missing	Channel
194553	13117.5	6959.9	23.8	0	132.4	184	1	307	0	0	2
194570	13141.6	6980.6	23.8	0	160.6	190	1	378	0	0	2
194843	13023.4	6511.1	33	0	107.8	286	1	107	0	0	2
194858	13063.7	6505.6	37.9	0	102	291	1	77	0	0	2
194872	13069.5	6493.4	39.6	0	84.3	297	1	62	0	0	2
194994	13127.2	6527	26.6	0	129.4	349	1	178	0	0	2
198209	13032	6931.5	29.1	0	100.4	2091	1	74	0	0	2
198364	12934.7	6459.6	20.6	0	129.4	2198	1	208	0	0	2
198646	13080.1	7003.1	26.1	0	146.5	2374	1	174	0	0	2
199900	13269.7	7118.5	21.7	0	121	3192	1	151	0	0	2
200383	13108.5	6844.7	29.8	0	90.4	3551	1	68	0	0	2
201872	12930.9	7018.5	35.5	0	133.3	4500	1	139	0	0	2
203792	13157.7	6967.9	20.6	0	128.5	5727	1	224	0	0	2
204233	12906.3	6910	34.2	0	98.6	6031	1	84	0	0	2
204461	13102	6936.3	28.5	0	146.6	6166	1	160	0	0	2
204474	13098.2	6970.7	30.1	0	127.1	6176	1	146	0	0	2
204480	13076.1	6999.1	21.4	0	138.8	6180	1	210	0	0	2
205224	13169	6902.4	42.8	0	127.6	6653	1	99	0	0	2
205229	13142.8	6865.1	33.6	0	94.4	6657	1	65	0	0	2
205271	13225.9	6965.5	44.3	0	98.3	6674	1	60	0	0	2
205302	13180.6	6907	28.1	0	92.5	6692	1	64	0	0	2
205373	13163.8	6919.5	21	0	117.9	6727	1	141	0	0	2
205397	13131.6	6954.7	41	0	97.6	6740	1	57	0	0	2
205405	13146.6	6938	37	0	99.2	6744	1	67	0	0	2
205462	12877.1	7038	40.6	0	150.9	6780	1	159	0	0	2
205498	13093.2	6843.4	31.4	0	103.1	6801	1	75	0	0	2
205833	13230.8	7240.3	36.3	0	103.2	7002	1	71	0	0	2
206087	13095.3	6467.1	34.6	0	81.8	7164	1	43	0	0	2
206214	13388.1	7098.6	39.9	0	111.7	7255	1	73	0	0	2
206925	13164.8	6826	30.2	0	113.5	7682	1	92	0	0	2
207047	13183.8	6767	36.7	0	179.8	7753	1	205	0	0	2
207370	13535.4	6765	22.7	0	133.5	7936	1	186	0	0	2
210830	13193.5	6657.9	31.8	0	84.5	10197	1	65	0	0	2
211373	13127.5	7002.3	31.2	0	92.9	10552	1	64	0	0	2
212307	13075.6	6955.1	34.6	0	84	11128	1	48	0	0	2
212381	13463.5	6848.4	31.8	0	126.7	11176	1	104	0	0	2
213162	13235.8	7116.5	39	0	96.2	11682	1	67	0	0	2
213817	13162.7	7015.1	23.1	0	123.8	74	2	363	0	2	2
214069	13103.1	6958.9	20.4	0	134.3	170	2	516	0	0	2
217112	13280.4	7255.4	17.7	0	133.7	3339	2	304	0	0	2
217245	13143.9	6857.4	11.1	0	158.7	3488	5	1189	0	4	2
217571	13333.1	7342.7	21.7	0	149.2	3821	2	369	0	0	2
217823	12978.9	7126.9	27	0	117.6	4081	2	169	0	1	2
218868	13075.9	6978.3	14.8	0	135.1	5185	2	328	0	0	2
219388	13131.5	6966.4	14.2	0	114.7	5765	3	327	0	7	2
219401	13148.9	6988	14.8	0	130.4	5776	2	355	0	0	2
219643	13084.7	6937.5	11.5	0	147	6071	5	963	0	10	2
219663	13079.6	6961.3	11.4	0	133.1	6088	3	684	0	1	2
219672	13052.8	6974.8	17	0	156.2	6098	2	441	0	0	2
219706	13082	6961.3	18.9	0	138.7	6139	3	419	0	2	2
219717	13073.5	6948.2	15.2	0	123	6154	5	592	0	2	2
219737	13075.1	6920.8	21.9	0	126.2	6184	2	308	0	1	2
220167	13209.9	6946.6	28.2	0	108.2	6641	2	175	0	1	2
220293	13131.5	6936	36.7	0	118.1	6767	2	182	0	0	2
221508	13199.1	7224.5	15.8	0	135.4	8003	2	369	0	0	2
222064	13075.2	6950.3	20.1	0	138.9	8584	3	498	0	0	2
222670	13587.4	6857.7	33.3	0	131.9	9210	2	254	0	1	2
222732	12716.3	7102.7	17.6	0	125.5	9282	3	442	0	0	2
222760	13263.5	6962.1	16.8	0	115.1	9320	1	137	0	9	2
222775	13272.5	6930.3	17.3	0	140.8	9335	2	398	0	0	2
222805	13540.3	7089.4	21	0	105	9371	3	280	0	0	2
224037	13111.8	6519.8	12.6	0	146.8	10697	7	1085	0	3	2
224622	13100.8	6910.4	28.5	0	124.7	11280	2	190	0	1	2
Orientation 	1
ROI width 	1005
ROI height 	1005
ROI x1 	12640
ROI x2 	13645
ROI y1 	6400
ROI y2 	7405
2
