Index	X	Y	Precision	SEM	PSF	First_Frame	N_detections	Photons	Intensity	Frames_missing	Channel
203	7710.9	21133.3	10.5	0	163.9	12	1	1396	0	0	1
224	7722.1	21152.6	8.3	0	173.9	13	1	1523	0	0	1
608	7713.1	21136.8	15.9	0	172	39	1	608	0	0	1
1140	7742.5	21102.2	19.8	0	144.6	76	1	335	0	0	1
1179	7707	21089.6	21.7	0	199.8	78	1	603	0	0	1
1203	7820.2	20594.9	22	0	140.1	80	1	354	0	0	1
1580	8157.5	21187.7	16.8	0	166.2	106	1	498	0	0	1
3408	7903.8	20502.2	25.9	0	193.6	229	1	507	0	0	1
3488	7913.9	20482.5	22.8	0	194.3	234	1	459	0	0	1
3508	7866	20526.6	14.5	0	181.3	236	1	749	0	0	1
3531	7821.2	20506.3	21.2	0	185.8	237	1	572	0	0	1
3581	7893.7	20504.3	20.5	0	194.1	241	1	723	0	0	1
3596	7870.5	20429.8	26.1	0	188.5	242	1	567	0	0	1
3605	7874.9	20451.5	16.9	0	195.3	243	1	695	0	0	1
3728	7890.4	20484.4	21.8	0	186.2	251	1	582	0	0	1
3770	7907.3	20489.8	24.9	0	184.8	255	1	396	0	0	1
5251	8281.8	20522.3	19	0	145.7	364	1	297	0	0	1
6118	8271.9	21251.5	14.5	0	169.4	424	1	729	0	0	1
7026	8128.2	21117.1	12.7	0	169.3	486	1	777	0	0	1
7041	8051.9	21137.2	10.1	0	178	487	1	1262	0	0	1
7506	8145.5	21114.4	16.3	0	177.8	518	1	846	0	0	1
7522	8151.6	21141.4	16.7	0	171.7	519	1	622	0	0	1
7554	8213.5	21140.7	17.2	0	189.8	521	1	863	0	0	1
7773	8157	21173.4	12.8	0	172.2	538	1	776	0	0	1
7786	8133.4	21114.3	18	0	188.7	539	1	776	0	0	1
7804	8181	21109.9	24.9	0	199	540	1	784	0	0	1
7890	8171.8	21142.3	12.6	0	191.1	546	1	873	0	0	1
8023	8168.3	21136.7	15	0	185.4	557	1	601	0	0	1
8069	8154.8	21096	18.9	0	177.9	561	1	445	0	0	1
10571	8308.1	21097.4	20.8	0	161.3	745	1	300	0	0	1
10599	8271.7	21113.9	27.9	0	153.1	747	1	264	0	0	1
10695	8131	21137.5	12.1	0	175.1	756	1	724	0	0	1
10704	8068.8	21038.3	10	0	189.7	757	1	1157	0	0	1
10711	8036	20994	8.7	0	172.3	758	1	1604	0	0	1
10749	8131	21272	17.3	0	126.4	760	1	277	0	0	1
10778	7768.4	20913.4	20.1	0	175.6	762	1	640	0	0	1
11238	8154.6	21273.7	10.5	0	140.9	798	1	702	0	0	1
11267	8183.7	21266.8	12.1	0	156.6	800	1	746	0	0	1
11366	8309.9	21240	17.2	0	103.2	807	1	149	0	0	1
11423	7738.4	21099.6	12.3	0	142.2	812	1	520	0	0	1
12782	7781.5	20581.5	7.7	0	155.1	921	1	1351	0	0	1
12811	7741.5	20565.4	23	0	180.7	922	1	523	0	0	1
13225	7960.2	21042.1	16.8	0	173.7	954	1	780	0	0	1
13237	7933	21033.8	18.4	0	158.3	955	1	437	0	0	1
13510	8042.9	21093.3	20.8	0	175.7	978	1	422	0	0	1
13525	8068	21088.7	26.6	0	198.2	979	1	424	0	0	1
14474	8407.8	20780.3	19.9	0	196.5	1055	1	750	0	0	1
14509	8371.3	20796.3	13.7	0	193.5	1058	1	1518	0	0	1
14525	8397.3	20796.5	8.7	0	186.6	1059	1	2102	0	0	1
14566	8369.1	20797.5	10	0	186.4	1062	1	2784	0	0	1
14717	8382.5	20820.8	11.5	0	179.8	1073	1	1022	0	0	1
14869	8269.2	21161	16.1	0	160.2	1085	1	454	0	0	1
14905	8043.1	21118.1	25.2	0	175.6	1087	1	329	0	0	1
15722	7812.6	20933.5	16.3	0	162.7	1156	1	644	0	0	1
15786	7701.5	21099.8	27.1	0	151.1	1161	1	269	0	0	1
16480	7705.6	21137	23.1	0	163.4	1216	1	308	0	0	1
16997	7675.6	20499.5	22.2	0	195.7	1259	1	462	0	0	1
17470	7731.2	21125.1	22.7	0	125.9	1301	1	242	0	0	1
17524	7738.3	21073.8	25.1	0	119.5	1305	1	158	0	0	1
17625	7752.7	21096.4	19.2	0	143.9	1315	1	302	0	0	1
17642	7756.6	21061.4	34.8	0	161.1	1316	1	286	0	0	1
17650	7729.4	21084.4	19.1	0	145.2	1317	1	245	0	0	1
17686	7780.5	21027.5	31.7	0	131.6	1321	1	263	0	0	1
17696	7743.3	21082.6	14.3	0	163.6	1322	1	826	0	0	1
17730	7737.2	21136.3	17.6	0	140.1	1325	1	283	0	0	1
17987	7735.3	21174.6	34.4	0	165.1	1347	1	280	0	0	1
19349	7909.1	20649.2	16.2	0	131.5	1464	1	326	0	0	1
19476	8182.5	21281.9	15.6	0	151.8	1476	1	427	0	0	1
19901	8262.4	21160.7	20.1	0	153.9	1509	1	285	0	0	1
20030	7937.8	21023.3	17.5	0	163.9	1520	1	603	0	0	1
20057	7900.3	21065.4	29.3	0	163.2	1522	1	288	0	0	1
21137	8198.7	21228.1	25.4	0	186	1618	1	446	0	0	1
22214	7700.7	21122.2	9.3	0	174.4	1707	1	1500	0	0	1
22480	7901.8	21025.4	14.3	0	174.8	1729	1	706	0	0	1
22525	7738.9	21106.5	22.8	0	124.9	1732	1	167	0	0	1
22537	7736.3	21133.3	25.8	0	118.3	1733	1	127	0	0	1
22712	8018	20928.2	14.9	0	150.7	1749	1	459	0	0	1
22906	7946.6	21028.5	18.3	0	164	1767	1	447	0	0	1
25029	7757.3	21075.6	21.1	0	132.5	1948	1	187	0	0	1
25422	8215.5	21171.3	24	0	142.1	1983	1	190	0	0	1
25439	8197.5	21215.9	22.9	0	161.7	1985	1	291	0	0	1
25446	8194.1	21192.9	16	0	163.5	1986	1	441	0	0	1
25468	8233.6	21235.4	21.4	0	154.8	1988	1	249	0	0	1
25544	8141.5	21150.1	12.1	0	167	1996	1	646	0	0	1
25803	8171.4	21149.7	12.8	0	166.2	2017	1	727	0	0	1
25902	8125.1	21128.5	15.5	0	186.3	2024	1	683	0	0	1
25999	8201.5	21165.4	16	0	186	2032	1	763	0	0	1
26039	8159.2	21148.5	15.2	0	168.7	2036	1	480	0	0	1
26119	8132.5	21123.1	15.6	0	178.9	2044	1	592	0	0	1
26146	8172.9	21084.6	21.5	0	185.2	2046	1	629	0	0	1
26220	8140	21163.4	14.3	0	170.4	2052	1	617	0	0	1
26274	8153.5	21135.3	17	0	183.7	2056	1	579	0	0	1
27506	7704.9	21131.7	25.3	0	137.7	2168	1	195	0	0	1
27958	8006.6	20970	14.6	0	171.6	2207	1	609	0	0	1
28236	8305.9	21098.3	20.5	0	186	2234	1	441	0	0	1
29597	7737.3	20571.8	12.9	0	166	2344	1	660	0	0	1
29610	7706.8	20545.7	13.5	0	188.2	2345	1	771	0	0	1
29620	7637.5	20683.2	6.7	0	187.5	2346	1	2999	0	0	1
29663	7587.7	20759.8	6.6	0	157.4	2349	1	2085	0	0	1
30578	8201.9	21155.9	22.3	0	178.1	2423	1	472	0	0	1
30596	8178.1	21201.6	23.4	0	150	2424	1	269	0	0	1
30837	8285.1	21144.2	25	0	168.4	2446	1	301	0	0	1
31566	8030.6	20882.6	25.3	0	112.6	2507	1	122	0	0	1
31582	7989.8	20904.7	23.4	0	146.5	2508	1	218	0	0	1
31938	7990.7	20946.2	27.3	0	169.8	2539	1	290	0	0	1
32282	7815.7	20581.4	9.6	0	133.6	2568	1	550	0	0	1
32770	7785.2	21087.5	12.1	0	175.6	2608	1	1029	0	0	1
32780	7765.6	21111.9	14.2	0	183.2	2609	1	692	0	0	1
32808	7892.6	21003.7	25.9	0	120	2611	1	155	0	0	1
32949	7898	20961.1	42.8	0	163.8	2621	1	258	0	0	1
33011	7891.6	20919.5	36.9	0	185.3	2625	1	336	0	0	1
34080	7759.9	21111.3	13.2	0	161	2726	1	561	0	0	1
39673	7734.3	21155.1	11.7	0	136.2	3241	1	432	0	0	1
42012	8167	21281.1	7.2	0	150	3450	1	1391	0	0	1
42972	8213.5	21162.7	38.1	0	177.7	3542	1	242	0	0	1
42977	8191.8	21230	15.8	0	158.6	3543	1	538	0	0	1
43546	8411.2	20891.3	16.9	0	159.9	3595	1	398	0	0	1
43879	7878.8	20526.6	30	0	158.2	3623	1	221	0	0	1
45033	8433.6	20799.7	14.3	0	192	3735	1	828	0	0	1
45317	7937.2	21027.2	20.6	0	197.6	3766	1	404	0	0	1
49222	7577	20753.4	13.4	0	161.4	4135	1	783	0	0	1
49792	8016.2	20947.6	20.7	0	156.5	4187	1	316	0	0	1
49825	7713.4	21134.7	18	0	149.2	4190	1	326	0	0	1
50381	8393.4	20804.1	14.9	0	166.6	4248	1	670	0	0	1
50389	8424.2	20758.1	30.6	0	164.7	4249	1	314	0	0	1
50395	8392.2	20783.3	15.4	0	168.6	4250	1	582	0	0	1
50465	8412.8	20819.8	18.9	0	178.6	4256	1	432	0	0	1
50488	8427.1	20794.6	25.3	0	194	4257	1	322	0	0	1
50501	8375.6	20789.2	20	0	171.9	4259	1	487	0	0	1
50526	7787.7	20572.4	15.9	0	167.3	4261	1	714	0	0	1
50575	8191.5	21191	18.2	0	170.3	4265	1	420	0	0	1
50823	7740.8	20899.7	29.9	0	159.5	4288	1	294	0	0	1
50832	7763.1	20924.1	18.2	0	171.7	4289	1	375	0	0	1
50901	8027.4	20956.6	20.8	0	151.1	4296	1	284	0	0	1
52949	8129.6	21234.4	13.6	0	157.5	4492	1	551	0	0	1
52971	8134.8	21258.6	27.3	0	191.2	4493	1	269	0	0	1
53159	7790.5	20586.1	22.1	0	180.7	4509	1	353	0	0	1
53174	7727	20591	10.4	0	172.2	4511	1	900	0	0	1
53188	8428.1	20887.8	9.8	0	138.2	4513	1	614	0	0	1
54078	7794	20953.7	16	0	171.6	4594	1	437	0	0	1
56744	8399	20973.2	26.9	0	159.8	4856	1	214	0	0	1
57776	7931.3	20982.2	19.7	0	178.4	4963	1	461	0	0	1
58007	8356.8	20963.5	5.4	0	165.5	4986	1	2914	0	0	1
58024	8361.6	20934.1	33	0	114.7	4987	1	101	0	0	1
58182	8049.9	20902.4	21.9	0	165.4	5002	1	546	0	0	1
58417	8213	21211.8	11.2	0	160.4	5024	1	725	0	0	1
58475	8269.7	21179.5	14.3	0	177	5029	1	756	0	0	1
59566	8202	21213.3	19	0	156	5151	1	365	0	0	1
59813	8013	20914.5	14	0	160.2	5176	1	763	0	0	1
59873	7889.2	20466.2	35.6	0	167.6	5182	1	179	0	0	1
59889	7903.6	20492.6	27.5	0	178.9	5184	1	297	0	0	1
59913	7908.8	20530.7	32.5	0	172	5188	1	239	0	0	1
60322	8454.7	20924.9	21.3	0	150.6	5235	1	278	0	0	1
60323	8452.4	20896.1	13.2	0	146.3	5236	1	496	0	0	1
60700	7783.7	21120	20.6	0	160.8	5274	1	353	0	0	1
62577	7754.5	21080.4	11.2	0	152.2	5456	1	630	0	0	1
62615	7780.2	21122.1	22.1	0	142.4	5459	1	207	0	0	1
63313	7950.2	21014.3	15.7	0	182.9	5529	1	700	0	0	1
64981	7733.9	20884.9	13.7	0	194.8	5684	1	1088	0	0	1
65235	7995.3	20896.8	22.3	0	149.4	5696	1	205	0	0	1
65382	8432.9	20863.8	13.4	0	167.7	5704	1	809	0	0	1
66136	8223.7	21173.2	14.8	0	156	5748	1	625	0	0	1
66160	8223.3	21218.3	18.2	0	173.3	5749	1	471	0	0	1
66194	8210.9	21280.8	20.2	0	155.1	5751	1	357	0	0	1
66304	8189.9	21155.8	19.5	0	190.3	5756	1	537	0	0	1
66321	8156.6	21140.2	16.7	0	169.4	5757	1	410	0	0	1
66337	8193.3	21134.9	18	0	190.5	5758	1	604	0	0	1
66404	8038.5	20943.5	32.3	0	132.4	5761	1	127	0	0	1
66745	8062.7	20982.9	9.3	0	179.4	5781	1	1745	0	0	1
66767	8134.3	21072.5	15.3	0	198.6	5782	1	1033	0	0	1
66789	8175.9	21166.6	13.5	0	167.3	5783	1	657	0	0	1
66813	8182.8	21190.7	13.5	0	158.1	5784	1	524	0	0	1
66854	7707.7	21152.5	18.4	0	154.8	5786	1	391	0	0	1
67852	7807.7	21142.6	34.3	0	164.1	5844	1	244	0	0	1
69717	7928.3	20510.2	32.2	0	143.4	5951	1	196	0	0	1
69729	7912.3	20490.5	29	0	175.1	5952	1	317	0	0	1
70107	7991.8	20439.2	39.7	0	165.1	5973	1	262	0	0	1
70215	8277.3	20559.7	13.3	0	147.3	5978	1	603	0	0	1
70234	8236.4	20551.9	20.2	0	160.9	5979	1	436	0	0	1
70517	8210.8	21171	17	0	157	5997	1	416	0	0	1
70613	7749.7	21097.4	25.7	0	148.2	6003	1	180	0	0	1
70622	7777.6	21083.8	25.9	0	145	6004	1	233	0	0	1
70758	8167.6	21245	19.9	0	141.6	6012	1	227	0	0	1
70786	8186.4	21262	21.7	0	169.5	6013	1	317	0	0	1
70900	8148.5	21253.7	26.4	0	149.5	6019	1	241	0	0	1
71894	8278	21134.5	19.7	0	154.5	6077	1	392	0	0	1
72627	7764.2	21145	24.9	0	122.7	6126	1	160	0	0	1
73019	8043.2	20892.5	23.1	0	165.3	6150	1	287	0	0	1
73746	8317.6	21112.6	8.5	0	155.9	6193	1	1205	0	0	1
74224	7892.8	20623.8	18.5	0	135.3	6222	1	347	0	0	1
75031	7586.4	20780.2	15.2	0	146.3	6273	1	377	0	0	1
75038	7625	20789.8	14.7	0	171.7	6274	1	674	0	0	1
77065	8172.1	21276.1	22.2	0	150	6404	1	241	0	0	1
77630	8358.9	20879	25.5	0	145.3	6443	1	237	0	0	1
77650	8375.3	20913	19.2	0	177.3	6444	1	461	0	0	1
78191	8415.3	20771.1	48.2	0	149.9	6478	1	124	0	0	1
78223	8310.2	21134.4	24.2	0	147.6	6480	1	181	0	0	1
78264	8309.8	21106.1	23	0	159.1	6482	1	255	0	0	1
78324	8351.5	21072.5	22.8	0	129.4	6485	1	151	0	0	1
78390	8286	21103.4	21.2	0	160.9	6490	1	374	0	0	1
79081	7743	21111.8	12.9	0	150.3	6538	1	442	0	0	1
79492	7937.4	21017	10.6	0	162.4	6567	1	851	0	0	1
81403	8305.8	21154.6	27.9	0	145.8	6692	1	175	0	0	1
81428	8300.2	21193.7	17.5	0	146.3	6694	1	327	0	0	1
81616	8024.3	20494.9	28	0	186.3	6706	1	414	0	0	1
82311	7884.3	20526	16.8	0	182.9	6756	1	459	0	0	1
82327	7905.9	20497.6	15.2	0	182.7	6758	1	605	0	0	1
82496	8412.9	20849.3	33.5	0	147.5	6770	1	220	0	0	1
82515	7742.5	20554	39.3	0	191.3	6771	1	248	0	0	1
82660	7708.3	20535.3	24.4	0	146.8	6782	1	178	0	0	1
82683	7720.3	20560.2	28	0	174.4	6784	1	302	0	0	1
83006	8305.5	21147.9	17.8	0	135.8	6806	1	244	0	0	1
85430	8446.5	20921.3	11.5	0	147.9	6974	1	578	0	0	1
85739	7954.5	20378.6	28.9	0	186.5	6996	1	363	0	0	1
85752	7894	20358.7	20.7	0	155.7	6997	1	258	0	0	1
85765	7873.3	20376.7	18	0	170.5	6998	1	319	0	0	1
86138	8035.5	20953.6	13.7	0	148.8	7025	1	403	0	0	1
86519	7765.3	21096.5	15.6	0	139.3	7052	1	331	0	0	1
86577	7592.7	20770.8	22.5	0	135.7	7056	1	234	0	0	1
86764	8393.2	20907.3	27.7	0	141.1	7069	1	187	0	0	1
86766	8363	20954	7.8	0	146	7070	1	1032	0	0	1
86786	8367.9	20930.1	9.1	0	155.4	7071	1	1049	0	0	1
89359	7744.1	21094.5	21.6	0	132.1	7255	1	167	0	0	1
89595	8312.5	20982.9	20.6	0	158.1	7271	1	269	0	0	1
89601	8247.5	20972.1	16	0	169.5	7272	1	442	0	0	1
90146	8214.1	21195.4	21.6	0	163.5	7312	1	277	0	0	1
90167	8217.3	21215.4	17.8	0	157.2	7313	1	338	0	0	1
90313	8165.1	21245.4	16.7	0	170.1	7322	1	737	0	0	1
90401	8164.9	21238.6	13.7	0	142.6	7329	1	517	0	0	1
90436	8208.6	21232.4	9.5	0	161.6	7332	1	933	0	0	1
90582	8188.8	21218.9	9.4	0	149.9	7343	1	811	0	0	1
90594	8210.2	21192.7	12.3	0	150.9	7344	1	786	0	0	1
91485	8225	21134.8	26.6	0	130.1	7414	1	125	0	0	1
91507	8210	21167.7	17.3	0	142.4	7415	1	289	0	0	1
91816	8432.3	20938	21.3	0	199.7	7438	1	897	0	0	1
92442	7710.1	21150.5	15	0	144.7	7486	1	294	0	0	1
92519	8009.7	20937.8	13	0	148.1	7492	1	514	0	0	1
92815	8272.3	21187.6	20.7	0	156.5	7512	1	303	0	0	1
95314	7767.1	20525.9	29.5	0	145	7694	1	205	0	0	1
95346	7741	20559.3	24.2	0	156.8	7696	1	213	0	0	1
95401	7695.2	20546.4	28	0	191.5	7700	1	272	0	0	1
95412	7754.5	20557.7	26.9	0	152.8	7701	1	212	0	0	1
95714	7762.8	21093	16.7	0	161.7	7724	1	413	0	0	1
95724	7754.5	21131.4	20.2	0	150.4	7725	1	261	0	0	1
95923	8016.7	20959.2	12.5	0	165.3	7740	1	700	0	0	1
95982	8139.1	21233	13.2	0	158.5	7743	1	462	0	0	1
95989	8178.6	21216	16.4	0	148.2	7744	1	402	0	0	1
96566	8302.3	21165.2	14.2	0	137.1	7787	1	357	0	0	1
97807	7915.1	20656.9	13.6	0	160.8	7876	1	460	0	0	1
97827	7910.9	20632.9	28.7	0	153.9	7877	1	186	0	0	1
98358	7945	21037.4	9.7	0	156.6	7922	1	896	0	0	1
98630	8182.5	21156.9	15.7	0	163.8	7943	1	390	0	0	1
99311	7937.4	21048.3	15.9	0	161.8	7993	1	391	0	0	1
99525	7874.6	21136.2	24.3	0	197.2	8010	1	535	0	0	1
99555	7802.2	21123.6	13.7	0	173.4	8011	1	748	0	0	1
100912	8478.8	20947.8	18	0	161.7	8113	1	625	0	0	1
100939	8439.9	20977	29	0	145.4	8115	1	151	0	0	1
101041	7627.5	20606.1	16.4	0	181.6	8125	1	483	0	0	1
101271	8393.2	20929.8	18.6	0	143.5	8145	1	277	0	0	1
101306	8378.2	20909.9	18.8	0	165.6	8148	1	337	0	0	1
101383	8200.2	21216.5	16.4	0	150	8153	1	346	0	0	1
101598	7890.4	20623	13.9	0	151.6	8170	1	459	0	0	1
101608	7874.1	20637.7	13.9	0	189.9	8171	1	772	0	0	1
102500	8277.3	20549.7	13.3	0	152	8235	1	565	0	0	1
103769	8424.2	20873.9	18.3	0	133.3	8334	1	236	0	0	1
103822	8426	20861.9	12.4	0	152.7	8338	1	563	0	0	1
103833	8446.2	20912.1	13.9	0	153.1	8339	1	585	0	0	1
103859	8394.4	20947.6	28.5	0	186.8	8342	1	263	0	0	1
104423	8357.6	20905.5	25.1	0	122.2	8389	1	138	0	0	1
105117	8358.8	21100.6	27.8	0	163.2	8445	1	202	0	0	1
105221	8288.5	20536.5	12.4	0	158.1	8453	1	627	0	0	1
105298	8299.7	20523.1	25	0	183	8459	1	398	0	0	1
105552	8203.8	21261.4	20.2	0	121.9	8480	1	158	0	0	1
106243	7721.4	20570.1	29	0	158.5	8535	1	189	0	0	1
107297	7737.4	21145.4	14.8	0	134.5	8619	1	330	0	0	1
107678	7731.7	21141	16.7	0	131	8646	1	386	0	0	1
107792	8391.9	20933.1	22.9	0	167.7	8654	1	273	0	0	1
108639	7937.4	20490	11	0	179.4	8722	1	923	0	0	1
109638	7960.4	20514.7	15.2	0	161.3	8801	1	471	0	0	1
110218	7794.7	20562.3	18.2	0	165.4	8845	1	438	0	0	1
110238	7796.5	20584.8	16.1	0	140.3	8846	1	290	0	0	1
110652	8194.7	21252.7	24.3	0	122.3	8881	1	148	0	0	1
110747	8428.2	20886.5	26.3	0	161.2	8889	1	270	0	0	1
110852	7730.4	21086.4	11.4	0	142.3	8898	1	528	0	0	1
111301	7735.5	20591.1	12.2	0	155	8932	1	616	0	0	1
111321	7720.9	20575.6	11.5	0	172.7	8933	1	714	0	0	1
111365	7699.2	20589.9	13.4	0	189.7	8935	1	820	0	0	1
111369	7752.7	20563.9	15.4	0	177.3	8936	1	733	0	0	1
111403	7717.3	20551.1	16.5	0	163.4	8938	1	610	0	0	1
112072	8025.7	20499.1	22.2	0	178.5	8992	1	297	0	0	1
112586	8232.7	21257.6	13.2	0	181.5	9034	1	1418	0	0	1
112852	8140.2	21108.2	15.7	0	187.7	9057	1	746	0	0	1
113002	8200.6	21147.4	22.8	0	168.6	9067	1	362	0	0	1
113021	8176.9	21146.8	15.8	0	192.5	9069	1	651	0	0	1
113036	8162.5	21124.7	21.3	0	196.2	9070	1	461	0	0	1
113120	8161.1	21160.9	17.4	0	171.1	9076	1	374	0	0	1
113148	8140.1	21141.9	19.3	0	168.5	9077	1	354	0	0	1
113174	8120.2	21154	21.7	0	182.2	9079	1	388	0	0	1
113300	8156.5	21117.5	20.2	0	198	9088	1	674	0	0	1
113314	8130.2	21147.2	19.4	0	185.3	9090	1	432	0	0	1
113372	8139.8	21112.8	21.3	0	185.8	9095	1	397	0	0	1
113455	8186.2	21148.7	16.8	0	188.3	9101	1	655	0	0	1
113883	8146.7	21091.7	30.5	0	184.3	9137	1	232	0	0	1
114029	7863.9	20635.6	12.4	0	140.6	9150	1	433	0	0	1
114302	8176	21163.3	14.6	0	179.1	9171	1	721	0	0	1
114448	8227.7	21159.1	28	0	181.7	9185	1	286	0	0	1
114475	8191.1	21157.4	17.8	0	168.9	9187	1	376	0	0	1
114537	8174.4	21142.1	14.8	0	179.1	9192	1	646	0	0	1
114543	8151.2	21155.2	15	0	167.9	9193	1	426	0	0	1
114558	8129.3	21151.6	19.4	0	178.8	9194	1	386	0	0	1
114617	8153.1	21146.9	15	0	173.9	9198	1	606	0	0	1
114624	8176.1	21117	16.7	0	177	9199	1	525	0	0	1
114692	8135.7	21122	24.1	0	170.8	9203	1	336	0	0	1
114791	8175.9	21140.7	21.6	0	163.4	9211	1	273	0	0	1
115208	8121.7	21145.6	24.2	0	174.2	9243	1	300	0	0	1
115252	8176.7	21110.6	17.3	0	194.6	9247	1	459	0	0	1
115340	8112.5	21106.5	13.3	0	184.4	9252	1	792	0	0	1
115625	8198.1	21128.9	18.9	0	179.6	9273	1	587	0	0	1
115684	8299.7	21026.5	14	0	198.2	9278	1	1202	0	0	1
115713	8171.2	21172.6	13.6	0	187.2	9282	1	745	0	0	1
116762	7880.6	20647.7	17.7	0	157.5	9364	1	365	0	0	1
116779	7904.6	20670.3	27.4	0	179.2	9365	1	288	0	0	1
116926	7828.8	20547.6	29.5	0	147.8	9379	1	158	0	0	1
117017	8123.3	21154.3	13.7	0	178.9	9386	1	752	0	0	1
117461	8462.5	20934.8	20	0	177.4	9424	1	416	0	0	1
117656	7781.9	20923.2	22.5	0	177.3	9442	1	399	0	0	1
117672	7787.8	20897.8	17.4	0	184.6	9443	1	437	0	0	1
118168	7642.8	20666	32.2	0	164	9481	1	177	0	0	1
118872	7774.2	20936.3	13.6	0	166	9540	1	524	0	0	1
118934	7935.6	20524.9	17.1	0	178.4	9545	1	896	0	0	1
118945	7947.3	20497.6	14.9	0	166.4	9546	1	813	0	0	1
119008	7972.2	20531.4	10.5	0	162.1	9552	1	897	0	0	1
119080	7980.8	20472.2	14	0	160.6	9559	1	517	0	0	1
119958	7978	20499.4	15.1	0	170.5	9636	1	506	0	0	1
119973	7962.3	20470.9	27.4	0	160.9	9638	1	225	0	0	1
120023	7593.6	20775.5	13.2	0	153.6	9642	1	463	0	0	1
120062	8359.8	20945.8	13.3	0	157.3	9644	1	609	0	0	1
120198	8392.6	20758	26.2	0	176.2	9656	1	333	0	0	1
120867	8273.5	21138.7	30.9	0	162.3	9709	1	155	0	0	1
122148	7729.6	21154	24.9	0	152.4	9818	1	278	0	0	1
122165	7706.5	21142	12.7	0	145.8	9819	1	504	0	0	1
123442	8181.1	21240.7	16	0	147.5	9932	1	310	0	0	1
123497	7803.5	20582.9	12.3	0	143.3	9936	1	453	0	0	1
123506	7815.4	20563.9	15.7	0	144.7	9937	1	345	0	0	1
123819	8164.4	21218.1	21.8	0	173	9965	1	315	0	0	1
123843	7811	20594.2	9.2	0	148.5	9967	1	855	0	0	1
123852	7824.7	20523.9	16.4	0	181.2	9968	1	876	0	0	1
125395	8195.6	21222.2	21	0	153.7	10095	1	252	0	0	1
125415	8192.9	21271.8	18	0	172.1	10096	1	456	0	0	1
125422	7760.3	20563.9	35.4	0	185.3	10097	1	214	0	0	1
125434	8198.5	21195.2	19.8	0	144.3	10098	1	279	0	0	1
125824	7786.3	20953.5	36.5	0	170.5	10129	1	198	0	0	1
126179	7807.9	20933	21.2	0	185.1	10160	1	383	0	0	1
127119	8206.5	21279.5	17.1	0	135.2	10246	1	277	0	0	1
127164	8180.2	21273.3	13.3	0	160.5	10250	1	498	0	0	1
127191	7877.8	20518.6	22.1	0	166.1	10252	1	262	0	0	1
127556	7955.9	21022.3	11.5	0	184.2	10284	1	904	0	0	1
127969	7942.4	21025.9	11.3	0	172.6	10320	1	871	0	0	1
127986	7948.2	21002.3	20	0	181.8	10321	1	402	0	0	1
128064	7796.8	20794.1	34.1	0	130.3	10329	1	116	0	0	1
129116	7943.3	21038.2	10.5	0	160.1	10421	1	907	0	0	1
129265	8274.5	21166.1	13.6	0	152.7	10436	1	492	0	0	1
129969	8095.2	21145.2	18.3	0	162.9	10499	1	281	0	0	1
131533	7815.2	20568.4	19.6	0	124.6	10628	1	216	0	0	1
132022	7754.1	21092	13.9	0	150.4	10670	1	381	0	0	1
132030	7761.7	21114.6	17.1	0	120.8	10671	1	188	0	0	1
133231	8085.1	21125.8	19.4	0	171.6	10771	1	314	0	0	1
133314	7725.5	21174.7	18.7	0	171.2	10778	1	355	0	0	1
133329	7703.3	21114	21.1	0	137.8	10779	1	217	0	0	1
133492	7733.4	21123.9	16.7	0	150.1	10794	1	329	0	0	1
134076	7620.4	20795.6	14.4	0	140.7	10851	1	331	0	0	1
134837	8221.9	21143.6	36.7	0	164.1	10920	1	168	0	0	1
136038	8071.4	21127.3	29.5	0	184.7	11033	1	268	0	0	1
136106	7722.8	21093.6	12.7	0	147.1	11037	1	497	0	0	1
136344	8393.3	20814.6	20.3	0	179.9	11057	1	460	0	0	1
136571	8301.1	21144.4	31.2	0	182	11075	1	302	0	0	1
136613	8342.9	21080.8	21.2	0	146	11078	1	187	0	0	1
136633	8304.6	21098.9	12.4	0	157	11080	1	534	0	0	1
136686	8321.8	21110.5	22.2	0	168.5	11086	1	298	0	0	1
136706	8329.2	21136.2	29.4	0	167	11087	1	231	0	0	1
136792	8029.5	20976.5	25.2	0	194.1	11095	1	351	0	0	1
136814	7983.6	20936.9	25	0	134.3	11097	1	217	0	0	1
136932	8008.7	20954.7	37.4	0	128.7	11109	1	110	0	0	1
136969	8403.3	20940.3	27.3	0	158.8	11113	1	206	0	0	1
137217	7951.2	20485.5	20.5	0	176.1	11138	1	305	0	0	1
137693	8064.7	21167.9	13.9	0	173.1	11183	1	620	0	0	1
137837	8150	21191.7	8.3	0	166.6	11194	1	1273	0	0	1
137900	8060.9	21125.8	13.7	0	177.9	11199	1	627	0	0	1
138091	8192	21205.3	18.6	0	159	11215	1	301	0	0	1
138170	8205.3	21171.7	25.9	0	164.7	11223	1	282	0	0	1
138435	8263.3	21261.3	26.6	0	151	11243	1	179	0	0	1
138456	8303.4	21224.1	23	0	150.6	11246	1	378	0	0	1
139341	7652.8	20519.2	15	0	183.4	11318	1	559	0	0	1
139466	8197.8	21279	14.4	0	161.9	11327	1	458	0	0	1
139732	8214.8	21215.7	19.9	0	168.6	11349	1	410	0	0	1
142141	8350.8	20934.5	21.9	0	150.2	11564	1	244	0	0	1
142213	8388.1	20802.2	33.6	0	183.6	11571	1	242	0	0	1
142849	7604.5	20661	34.2	0	187.9	11623	1	241	0	0	1
143168	8384.1	20922.4	14.4	0	151.5	11653	1	426	0	0	1
143180	8387.4	20894.6	17.9	0	169.6	11654	1	501	0	0	1
143299	8268.2	20546.5	12.3	0	147.4	11664	1	537	0	0	1
143645	8175.9	21288.2	15.5	0	146.6	11692	1	348	0	0	1
144943	8064.8	20949	23.5	0	163.4	11805	1	269	0	0	1
144956	8008.9	20957.9	14.7	0	172.3	11806	1	566	0	0	1
145934	8315	21108.4	22.8	0	161.6	11892	1	284	0	0	1
145950	8309.4	21081.7	26	0	160.5	11893	1	247	0	0	1
146838	7982.9	20933	12.7	0	163.7	11964	1	616	0	0	1
147103	8010.1	20958.7	13.5	0	145.6	11986	1	486	0	0	1
148345	7882.2	20505.4	6.6	0	185.5	220	7	3740	0	4	1
148418	7877.9	20506.3	7.8	0	173.3	235	2	1307	0	2	1
148436	7881.5	20488.4	10.9	0	179.3	239	2	1117	0	0	1
148456	7868.1	20506.5	8.2	0	164.3	245	3	1164	0	3	1
148462	7892.7	20497.1	16.8	0	163.9	246	2	707	0	0	1
148525	7879.5	20522.7	5.4	0	184.1	258	4	3842	0	0	1
148677	7712	21135.4	7.5	0	166.4	298	2	2229	0	0	1
148948	8268.1	21192.2	6.8	0	160.3	366	2	1350	0	0	1
149017	7794.3	20579.7	4.4	0	148.5	381	4	4495	0	0	1
149370	8127.3	21132.4	7	0	174.7	468	3	2251	0	1	1
149427	8137.9	21098	9.6	0	175.6	482	3	2085	0	1	1
149446	8101.9	21136.2	6.8	0	171.2	488	2	1797	0	0	1
149574	8143	21150.5	5.7	0	182.5	522	8	5660	0	5	1
149578	8150.7	21149.4	6.5	0	172	523	2	1575	0	0	1
149616	8149.8	21128.8	8.7	0	180.9	530	2	1255	0	2	1
149661	8140.3	21139.6	4.9	0	180.5	541	6	4250	0	5	1
149703	8140.7	21140.5	6.7	0	179	550	5	3233	0	2	1
149738	8139.1	21136.7	7.4	0	177	558	3	1878	0	0	1
150029	8279.5	20551.8	6.7	0	144.6	616	2	1267	0	0	1
150226	8369	20933.6	8.3	0	155	661	3	2060	0	0	1
150568	8309.4	21123.9	9	0	162	744	4	1315	0	2	1
150603	8312.4	21140.5	10.2	0	152.6	751	2	631	0	0	1
150645	7742.8	20937.8	9	0	178.7	763	2	1827	0	0	1
150777	8169.3	21282.3	7.2	0	154.2	795	4	2594	0	1	1
150893	8440.9	20971.9	3.3	0	191.9	820	7	14179	0	3	1
151588	7811.9	20574.8	6.5	0	158.9	990	2	1685	0	0	1
151894	8398.9	20814.6	3.6	0	174.4	1063	1	3309	0	9	1
151935	8404.2	20803.3	7.1	0	182.1	1074	3	2727	0	0	1
152214	7777.6	20932.7	5.3	0	171.4	1151	4	3407	0	1	1
152452	7728.8	21134.3	7.2	0	183	1215	2	2008	0	2	1
152824	7745.2	21104.9	3.8	0	144	1297	3	3438	0	0	1
152851	7743.8	21098.7	9.6	0	128.7	1304	2	509	0	2	1
152919	7731.1	21091.1	8	0	144	1323	2	1160	0	0	1
153464	8181.7	21263.4	7.1	0	141.5	1474	2	1068	0	0	1
153486	8208.4	21204.5	6.6	0	145.6	1479	3	1454	0	0	1
153654	7934.6	21038.5	9.2	0	174	1521	2	1181	0	1	1
155449	8169.8	21137.1	7.3	0	168	1993	2	1181	0	0	1
155459	8147.9	21138.8	6.2	0	174.8	1997	4	2711	0	0	1
155483	8145.7	21151	4.7	0	167.7	2003	6	3363	0	2	1
155504	8158.3	21111.1	10.1	0	180.2	2008	2	1308	0	0	1
155604	8150.5	21152	5.4	0	173.2	2037	6	3425	0	1	1
155644	8146.4	21131.7	8.6	0	162.5	2047	2	1112	0	1	1
155646	8165.2	21115.7	9.3	0	180.2	2048	2	1421	0	2	1
155664	8147.8	21152.2	8.1	0	173.1	2053	3	1793	0	0	1
155679	8165.8	21166.5	6.1	0	166	2057	3	2731	0	0	1
155953	8185.4	21215.2	14.2	0	146.8	2129	2	376	0	0	1
156080	8099.2	20509.9	10.8	0	181.8	2161	2	847	0	0	1
156834	7660.1	20675.1	4.6	0	185	2347	2	6357	0	0	1
156848	7569.9	20762.4	6	0	161.4	2350	3	3209	0	0	1
157545	7939.4	21042.3	5.9	0	159.8	2513	2	2306	0	0	1
157934	7929.9	21014.9	8.4	0	174.9	2604	2	1371	0	0	1
157948	7858.4	21055.9	7.7	0	179.3	2606	2	2682	0	0	1
157967	7933.7	21019.3	7.2	0	156	2613	3	1660	0	2	1
158365	7739	21095.8	5.4	0	152.4	2724	2	1532	0	0	1
158728	8403.5	20901.6	1.9	0	145.2	2820	5	13645	0	1	1
159926	8182.4	21284.8	4.5	0	155.9	3143	4	5910	0	0	1
161151	7742	21130.8	4.6	0	153.9	3498	3	2058	0	0	1
161192	8458.2	20973.4	7.8	0	162.6	3508	2	1339	0	0	1
161364	7713.2	20563.1	12.6	0	168	3555	2	545	0	1	1
161942	8046.7	21140.3	9.2	0	165.9	3722	2	939	0	1	1
161951	8034.5	21148.4	6.3	0	173.7	3725	2	1611	0	0	1
163780	8006.6	20953.2	6.9	0	148.3	4292	3	1797	0	1	1
164430	8359	20942.3	8.2	0	160.6	4499	2	1151	0	0	1
164460	7752.3	20571.8	9.9	0	177.2	4510	2	1275	0	1	1
165174	8285.5	20546.4	7.4	0	159.2	4716	2	1243	0	0	1
165247	8425.2	20905.2	4.1	0	152.7	4739	3	2801	0	0	1
165666	7763.3	21094.9	9	0	133.8	4869	2	584	0	0	1
165962	7976.1	21008.9	10.9	0	168.8	4964	2	1031	0	0	1
166166	8223.3	21194	6.4	0	159.3	5023	4	1707	0	1	1
166639	8013.4	20952.5	8.2	0	139.2	5175	2	835	0	1	1
167033	8004.3	20967.9	9.8	0	149.1	5316	2	732	0	0	1
167537	7764.9	21106.8	7.6	0	152.4	5457	2	1225	0	0	1
167559	8142.9	21243.3	9.7	0	156.5	5465	2	903	0	0	1
167758	7951.7	21036.6	5.7	0	161.2	5525	4	4922	0	0	1
168165	8136.9	20333.3	9.6	0	192.8	5654	2	1179	0	1	1
168315	7952.6	21033	6.2	0	158	5686	2	1835	0	0	1
168780	8014.1	20906	8	0	150.1	5778	2	1847	0	0	1
169039	7896	20654.5	7.5	0	151.8	5834	2	1013	0	0	1
169802	7752.8	21115	12.1	0	153.4	5976	2	715	0	0	1
169998	8203	21233.6	12.8	0	166.7	6015	2	740	0	1	1
170598	8022.5	20926.4	6.8	0	153.1	6147	3	1213	0	0	1
170955	7883.9	20603.2	11.4	0	152.4	6221	2	646	0	2	1
171185	7601.2	20794.3	7.7	0	146.8	6272	2	710	0	2	1
171785	8148.1	21241.5	5.5	0	158	6399	3	1981	0	0	1
171821	8150.2	21213.4	17	0	156.6	6406	2	499	0	1	1
172212	8312.3	21114.8	6.7	0	158.4	6488	2	1268	0	0	1
172532	7957.4	21026.7	10.4	0	179.5	6566	2	851	0	1	1
172831	8284.6	20564.3	4.2	0	144.5	6638	3	2234	0	0	1
172879	8196.9	21280.3	6.4	0	158.6	6647	4	3422	0	0	1
173091	8270.1	21177.3	9.4	0	151.5	6693	2	681	0	1	1
173463	8441.6	20893.7	9	0	157.5	6768	2	1186	0	0	1
173533	7957.9	21026	6.1	0	169.2	6786	3	5287	0	0	1
173762	7756.8	21107.5	9.1	0	146.1	6841	2	775	0	0	1
174337	8289.1	20532.7	8.8	0	158.5	6982	2	1114	0	0	1
174472	7735.2	21137.2	12.2	0	151.6	7014	2	455	0	0	1
174522	8193.2	21218.3	11.2	0	166.6	7027	2	598	0	0	1
174619	7749.4	21114	10.3	0	146.5	7053	2	796	0	0	1
174635	7617.6	20787.8	8.2	0	155.3	7057	2	856	0	0	1
174773	8058.5	21149.5	8.2	0	176.6	7091	3	1155	0	0	1
175529	7736.2	21113.9	8.1	0	146.5	7256	2	1034	0	0	1
175628	8453.2	20965.4	6.6	0	175	7279	2	2592	0	0	1
175850	8159.6	21258.2	7.8	0	165.9	7323	5	2669	0	3	1
175926	8202.2	21186.7	6.7	0	159.2	7338	4	2977	0	0	1
176001	8208.7	21202.8	5.6	0	151.5	7354	3	1693	0	0	1
176259	8301	20529.2	10	0	159.1	7423	2	1238	0	0	1
176307	8395	20944.4	5.5	0	181.6	7435	3	5407	0	0	1
176479	8361	20936.3	3.7	0	151.8	7475	5	6210	0	0	1
176613	8284.1	21168.8	3.4	0	155.9	7506	5	7411	0	1	1
177555	8011.1	20938.6	5.5	0	149.9	7738	2	1484	0	0	1
177564	8149.5	21223.6	10	0	168.4	7741	2	886	0	0	1
177635	7762.2	21071.8	7.4	0	148.7	7759	3	1103	0	2	1
177670	8268.5	20533.5	8.6	0	147	7769	2	681	0	0	1
177943	8203.6	21206.6	5.7	0	158.6	7834	4	2940	0	0	1
178545	7935.4	21013.7	7.8	0	171.6	7975	2	1483	0	0	1
178556	7594.7	20786.7	7.8	0	150.6	7978	3	1166	0	0	1
178617	8369.2	20936.2	4.6	0	159.2	7994	5	3024	0	0	1
178670	8055	21161.5	7.1	0	175.7	8008	2	2381	0	0	1
178872	8067.2	21141.1	5.5	0	165.5	8053	4	2351	0	0	1
179114	8454.4	20964.2	5.1	0	169.4	8110	3	3304	0	0	1
179188	7759.4	21111.6	6.4	0	137.8	8130	2	869	0	0	1
179247	8376	20942.3	8.9	0	160.5	8146	2	871	0	0	1
179287	8196.8	21193.2	9.3	0	157.6	8154	2	815	0	0	1
179296	8230.8	21202.1	10.8	0	161.3	8156	2	681	0	1	1
179299	8193.4	21214	8.3	0	160.3	8157	2	879	0	1	1
179555	8273.3	20558.7	7.9	0	145.8	8209	2	968	0	0	1
180067	8419.1	20892	5.4	0	152.5	8335	2	1731	0	0	1
180090	8426.2	20913.3	8.4	0	150.3	8340	2	1200	0	0	1
180283	8367.9	20916.8	6.9	0	156.7	8390	3	1398	0	0	1
180477	8193.3	21278.2	4	0	159.1	8438	4	4098	0	0	1
180542	8284.6	20554.5	3.9	0	150.3	8454	4	5455	0	1	1
181190	7998.9	20943.4	7.5	0	145.6	8614	3	1239	0	0	1
181307	7709.5	21143.8	7.1	0	145.5	8644	2	1022	0	0	1
181552	7997	20527.1	6.2	0	159.7	8713	3	1816	0	0	1
181562	7981.5	20505.1	9.1	0	166.5	8716	2	1352	0	0	1
181570	7973	20507.5	5.4	0	161.6	8718	3	2374	0	0	1
181894	8223.7	21196.5	9.9	0	162.5	8807	2	755	0	0	1
182214	7750.4	21095.5	7	0	150.5	8896	2	1203	0	2	1
182740	8192.8	21277	3.5	0	152.8	9032	6	6349	0	2	1
182777	8192.5	21285.8	6	0	156.2	9041	2	2331	0	0	1
182969	8181.7	21118.4	12.6	0	188.5	9085	2	1153	0	1	1
182978	8160.8	21136.9	9	0	183	9089	2	1062	0	1	1
183013	8158.4	21138	12.1	0	184.3	9096	2	842	0	1	1
183033	8170.3	21132.4	9.4	0	182	9100	2	1260	0	1	1
183300	8193.2	21143.4	11.5	0	187.9	9170	2	1126	0	1	1
183321	8176.5	21144.7	4.8	0	177.4	9176	7	3903	0	1	1
183365	8158.2	21141.3	6.7	0	186	9186	4	2319	0	1	1
183443	8158	21131.3	9.2	0	177.9	9207	2	1021	0	0	1
183473	8187.6	21226.2	6.7	0	162.5	9213	2	1388	0	0	1
183479	8153	21142.6	8.6	0	179.8	9215	4	1512	0	1	1
183502	8173.8	21140.5	7.1	0	187	9220	3	1820	0	1	1
183517	8160.6	21155.8	8.2	0	186.1	9224	3	1699	0	0	1
183537	8167.8	21146.1	5.2	0	185.8	9227	8	4714	0	6	1
183552	8180	21141.2	9.4	0	191.3	9229	2	1230	0	0	1
183581	8153.6	21127.6	6.9	0	179.3	9236	5	2421	0	5	1
183616	8166.6	21142.2	9.5	0	191.8	9244	2	1030	0	1	1
183767	8174.1	21126.7	8.8	0	191	9280	2	1235	0	0	1
184072	8284.9	21158.1	7.8	0	175.7	9358	2	1240	0	0	1
184156	8170.6	21122.2	8.8	0	186	9383	3	1978	0	0	1
184523	7610.8	20624.2	13.9	0	182.9	9482	2	455	0	1	1
184751	7972	20505.6	4.3	0	162.4	9547	3	2532	0	0	1
185048	8301.7	21090.1	12.1	0	148.7	9628	2	484	0	0	1
185341	8271.7	21156.8	4.1	0	152.5	9704	5	4336	0	0	1
185383	7923.2	21007.8	7.3	0	163.6	9714	2	1255	0	0	1
185519	7992.2	20926.5	5.3	0	145.4	9744	4	2778	0	0	1
186263	8217	21228.2	11	0	168.7	9931	2	618	0	1	1
187036	7801.6	20939.3	9.2	0	183.3	10127	2	961	0	0	1
187076	7774.5	20907.9	7.7	0	175.3	10136	2	1170	0	0	1
187080	7686.3	20882.7	9.6	0	199.1	10138	2	1529	0	0	1
187158	7796.8	20908	9.1	0	173.2	10158	4	1380	0	3	1
187466	8112.8	21103.8	15.8	0	165.4	10238	2	377	0	0	1
187478	8118.9	21133	12.4	0	175.4	10241	2	557	0	0	1
187497	8192.6	21281.9	7	0	152.6	10247	3	1530	0	0	1
188193	8282.7	21183.5	6.8	0	152.9	10434	2	1053	0	0	1
188440	8071.3	21131.5	6.1	0	172.1	10498	3	1570	0	1	1
188881	7821.1	20591.8	9.6	0	138	10626	2	482	0	0	1
189007	7736.8	21108.9	6.5	0	148.9	10660	2	1579	0	0	1
189187	7941.5	21029.9	3.3	0	159.9	10710	6	11427	0	1	1
189227	7942.1	21022.3	5.4	0	161.4	10721	2	2240	0	0	1
189841	8017.7	20955.1	10.6	0	154.9	10895	2	581	0	0	1
190334	7741.8	21094	6	0	149.4	11038	3	1337	0	0	1
190364	7716.8	21141.9	8.1	0	155.9	11044	2	898	0	0	1
190468	8318.7	21099.4	11.7	0	164.9	11074	2	528	0	1	1
190502	8316.7	21109.2	11.1	0	163.3	11081	3	1038	0	0	1
190513	8289.3	21096.5	11.5	0	165.7	11084	2	513	0	0	1
190530	8311.8	21085.7	13.4	0	163.1	11088	2	501	0	1	1
190569	7996	20958.7	6.6	0	148.8	11098	3	1721	0	0	1
190576	7996.3	20973.7	11	0	145.4	11101	2	557	0	0	1
190587	8013.4	20944.5	11.5	0	148.9	11103	2	495	0	1	1
190598	7996.8	20940.4	9.4	0	145.9	11106	4	946	0	2	1
190707	7956.3	20516.9	7.7	0	165.5	11139	4	1499	0	2	1
190763	8264.3	21152	10.1	0	154.4	11154	2	570	0	0	1
190821	8072.7	21143.9	5.8	0	175.7	11173	2	1745	0	0	1
190867	8060.8	21141.4	6.6	0	174.9	11184	3	1921	0	0	1
190874	8071.2	21143.7	4.8	0	170.5	11187	4	2934	0	0	1
190891	8124.2	21177.1	4.6	0	168.7	11191	3	3739	0	0	1
190908	8088.7	21154.8	4.5	0	169.7	11195	4	4307	0	0	1
192579	8369.7	20929	6.6	0	151.3	11647	4	1856	0	0	1
192600	8363.8	20937.9	8.7	0	156.2	11651	2	935	0	0	1
192990	8219.6	21218.2	9.7	0	166.9	11757	2	560	0	2	1
192992	8200.3	21230.7	6.3	0	158.8	11758	6	2092	0	1	1
193146	8029.9	20959.4	9	0	170.4	11807	2	1150	0	0	1
193894	8005.4	20944.6	5	0	152.2	11987	3	2463	0	0	1
Orientation 	1
ROI width 	1005
ROI height 	1005
ROI x1 	7540
ROI x2 	8545
ROI y1 	20320
ROI y2 	21325
1
