Index	X	Y	Precision	SEM	PSF	First_Frame	N_detections	Photons	Intensity	Frames_missing	Channel
93	10216.4	4219.6	21.7	0	136.5	5	1	338	0	0	1
606	9838.3	4152	15.8	0	106.5	34	1	254	0	0	1
624	9828.5	4111.5	15.8	0	114.6	35	1	317	0	0	1
711	9851.8	4147.4	21.1	0	113.3	41	1	182	0	0	1
859	10170.1	4539.7	22.1	0	199.5	49	1	1103	0	0	1
1189	10038.8	4696	12.2	0	186.9	69	1	1131	0	0	1
1240	10074.1	4688.4	12	0	163.8	72	1	1087	0	0	1
1837	10260.4	3948	21	0	143.7	109	1	273	0	0	1
2066	10067.6	4436.1	26	0	173.6	123	1	298	0	0	1
2068	10096.7	4473	25	0	160.1	124	1	344	0	0	1
2425	10153.4	4430.5	36	0	102.6	149	1	149	0	0	1
2483	10121.6	4522.9	18.6	0	143.6	153	1	386	0	0	1
2983	10426.4	4313.7	21.1	0	169.9	184	1	554	0	0	1
3185	10047.3	4573.8	12.3	0	154.1	197	1	825	0	0	1
3198	10052	4544	12.7	0	139.3	198	1	613	0	0	1
3306	9800.9	4209.3	37.6	0	123.6	204	1	216	0	0	1
3418	10416.4	4746.6	9.1	0	147.6	212	1	1108	0	0	1
3436	10356	4753.7	18.6	0	153.8	213	1	754	0	0	1
4139	10421.6	4761.2	20.3	0	166.1	258	1	804	0	0	1
4560	10128.5	4520.5	23.2	0	141.1	285	1	248	0	0	1
4573	10142.4	4554.1	18.9	0	142.3	286	1	275	0	0	1
4590	10149.2	4516.4	21.8	0	148.3	287	1	284	0	0	1
5431	10021.5	4456.3	21.9	0	170.2	341	1	747	0	0	1
6665	9759.5	4327.5	30.6	0	148.4	421	1	216	0	0	1
6735	10125.3	4260.2	20.7	0	121	426	1	312	0	0	1
7121	9762.8	4300.9	17.8	0	177.1	456	1	465	0	0	1
7201	10064.1	4503.8	24.5	0	155.9	461	1	267	0	0	1
7698	10251.5	4123.2	18.2	0	197.2	496	1	1020	0	0	1
7712	10240.5	4158.4	14.3	0	159.3	497	1	833	0	0	1
7740	10200	4149.2	20.5	0	164.6	499	1	579	0	0	1
7810	10246.6	4206.7	16.3	0	148.9	503	1	426	0	0	1
9513	10528	4460.5	23.4	0	131.9	619	1	352	0	0	1
9584	10529.4	4438.6	10.7	0	178.9	624	1	1186	0	0	1
9597	10503.7	4402.8	10.8	0	187	625	1	1249	0	0	1
9619	10502	4443.6	18.3	0	185.2	627	1	1088	0	0	1
10216	10529.9	4385.9	39.5	0	172.3	669	1	402	0	0	1
10651	10115.5	4532.7	18.5	0	147.5	698	1	451	0	0	1
10661	10086.8	4524.8	7.9	0	148.6	699	1	1238	0	0	1
10689	10134.5	4503.6	28.4	0	188.6	701	1	755	0	0	1
10992	10120	3924.3	33.4	0	138.9	721	1	307	0	0	1
11010	10144.2	3954	22.2	0	173.3	722	1	458	0	0	1
12794	10175.1	4001.6	23.4	0	140.4	852	1	426	0	0	1
12812	10110.9	4029.7	19.9	0	115.2	853	1	205	0	0	1
12983	9793	4142.2	13.1	0	112.5	866	1	447	0	0	1
13020	9838.4	4181.5	30.2	0	110.6	868	1	146	0	0	1
13843	9695.1	4257	22.2	0	161.4	923	1	331	0	0	1
14401	9672.5	4653.6	16.9	0	144.5	962	1	367	0	0	1
15515	9786.6	4338.9	17.9	0	174.2	1037	1	424	0	0	1
15554	9709.7	4320.6	26.9	0	171.5	1039	1	375	0	0	1
16208	10107.9	4509.7	21.1	0	136.6	1083	1	290	0	0	1
16232	10118.4	4529	24.5	0	140.2	1084	1	232	0	0	1
16452	10226	3957.7	36.2	0	136.8	1098	1	280	0	0	1
16484	10105.8	4240.1	26.2	0	110.6	1100	1	201	0	0	1
16775	10211.8	4196.6	24.3	0	141.7	1119	1	250	0	0	1
17809	10067.8	4527.8	37.2	0	136	1193	1	212	0	0	1
18837	10264.2	4001.6	31.6	0	174.6	1264	1	371	0	0	1
18859	9884.1	4490.9	36.4	0	123.8	1266	1	171	0	0	1
18924	9607.7	4336.7	23.1	0	182.3	1270	1	438	0	0	1
19061	10009.3	4052.6	17.7	0	134.9	1280	1	363	0	0	1
20244	10431.5	4606.6	16.6	0	145.7	1364	1	389	0	0	1
20772	9689.9	4585.7	20.4	0	175.1	1401	1	602	0	0	1
21487	10047.5	4459.5	17.7	0	164.6	1452	1	621	0	0	1
21497	10073.8	4490.6	11.4	0	147.7	1453	1	662	0	0	1
21542	10067.2	4535.2	18.6	0	148.6	1456	1	479	0	0	1
21589	10144.3	4896	31.7	0	138.7	1459	1	232	0	0	1
23152	10004.7	4554.1	30.2	0	156.4	1568	1	292	0	0	1
23161	10024.9	4508.2	30	0	133.8	1569	1	203	0	0	1
23549	10101.1	4875.8	23.6	0	128.1	1596	1	284	0	0	1
23702	9678.3	4589.8	18.4	0	178.8	1607	1	942	0	0	1
23716	9717.5	4560	11.3	0	166.7	1608	1	1077	0	0	1
24162	9939	4320.6	15.7	0	168.3	1639	1	529	0	0	1
24418	9762.9	4149.3	17.7	0	116.7	1657	1	353	0	0	1
24644	10122.7	4484.3	23.1	0	167.5	1672	1	368	0	0	1
24667	10089.1	4490	28.2	0	134.4	1673	1	198	0	0	1
24678	10128.5	4443.7	28.8	0	146.4	1674	1	255	0	0	1
24691	10185.1	4220.6	19.5	0	167.9	1675	1	467	0	0	1
25461	10378.4	4300	18.9	0	159.2	1729	1	392	0	0	1
27846	10054.6	4638.8	14.6	0	132.2	1896	1	380	0	0	1
27896	9700.3	4608.3	18.8	0	155.4	1899	1	388	0	0	1
28700	10111.3	4342.6	27.7	0	130.8	1957	1	209	0	0	1
28727	10036.2	4360	33.2	0	151.5	1959	1	232	0	0	1
30115	10392.6	4598.3	18.2	0	139.6	2063	1	283	0	0	1
30134	10436.8	4640.3	25.8	0	148.9	2064	1	253	0	0	1
30961	10073.2	4468.3	20.1	0	142.5	2124	1	239	0	0	1
31042	9776.2	4337.1	17	0	164.9	2130	1	545	0	0	1
31335	10007.3	4602.7	25.1	0	154.4	2150	1	261	0	0	1
31673	10048.9	4694.6	20.8	0	183.4	2175	1	495	0	0	1
31808	10070.7	4475.6	24.5	0	159.1	2184	1	262	0	0	1
31925	10059	4644	13.2	0	160.6	2193	1	652	0	0	1
31946	10081.3	4650.3	14.8	0	152.9	2194	1	419	0	0	1
31963	10078.4	4490.5	18.5	0	147.7	2195	1	366	0	0	1
32139	9776.5	4299.4	34.7	0	136.6	2206	1	190	0	0	1
32223	9759.2	4362.2	20.5	0	161.7	2212	1	361	0	0	1
33740	9796.7	4132.8	23.7	0	105.2	2326	1	177	0	0	1
35071	10347.6	4281.2	23.3	0	144.9	2429	1	345	0	0	1
35117	10375.4	4322.5	14	0	140.1	2432	1	383	0	0	1
36920	9586.9	4349.4	43	0	103.6	2562	1	108	0	0	1
37034	10398.4	4274.2	23.3	0	146.1	2569	1	298	0	0	1
37071	9962.3	4383.6	26.3	0	139.9	2571	1	229	0	0	1
37418	10381.2	4327.4	17.3	0	154.3	2589	1	480	0	0	1
37701	10039.8	4280	25.8	0	102.1	2604	1	138	0	0	1
37720	10077.9	4284.4	38.3	0	120.6	2605	1	172	0	0	1
37736	9775.8	4373.3	24.8	0	155.2	2606	1	319	0	0	1
38268	9681.6	4633.1	25.2	0	165	2635	1	360	0	0	1
38436	9745.5	4536.5	22.1	0	183	2646	1	529	0	0	1
38496	9730.6	4539.7	10.4	0	193.3	2650	1	1296	0	0	1
38510	9737.4	4563.6	11.1	0	186.2	2651	1	1294	0	0	1
39604	10117.1	4526.5	27.2	0	121	2711	1	213	0	0	1
39665	10092.3	4506	35.3	0	140.7	2714	1	269	0	0	1
39905	10079	4616.2	13.5	0	171.8	2731	1	946	0	0	1
40063	10046.1	4678.3	24.8	0	116.9	2741	1	198	0	0	1
40143	10054.2	4119.6	28.9	0	195.4	2745	1	405	0	0	1
40398	9979.4	4067.5	32.5	0	147.2	2760	1	239	0	0	1
40806	10069	4485.2	22	0	153.4	2785	1	484	0	0	1
40883	10070.8	4458.1	25	0	162.8	2789	1	373	0	0	1
41291	9974.1	4061.1	32.5	0	162.2	2811	1	397	0	0	1
41322	10064.3	4114.5	31.2	0	149.8	2813	1	369	0	0	1
41374	10099.2	4474.5	20	0	163.1	2817	1	700	0	0	1
41389	10119.6	4423.7	19.8	0	165.9	2818	1	751	0	0	1
41437	10077	4521.8	17.4	0	153.1	2820	1	569	0	0	1
41474	10092.5	4603	23.2	0	182.9	2822	1	534	0	0	1
41489	10116.8	4514.2	18.9	0	141.7	2823	1	607	0	0	1
41617	10105.6	4479.5	18.4	0	166	2830	1	855	0	0	1
42252	10147.3	4633	31.1	0	158	2864	1	306	0	0	1
43798	9725.7	4172.4	20.2	0	146.4	2957	1	276	0	0	1
43838	9737.1	4237.7	24.8	0	191.9	2960	1	523	0	0	1
43941	9741	4215.2	20.8	0	174.2	2966	1	488	0	0	1
43966	9745.6	4238.5	20.9	0	180.1	2967	1	350	0	0	1
44749	9601.2	4323.8	25.4	0	157	3013	1	338	0	0	1
45811	10222.9	3966.9	21.4	0	157.4	3075	1	264	0	0	1
45883	10179.2	3968.2	25	0	155.8	3078	1	266	0	0	1
46342	10092.8	4526.3	10	0	133.1	3109	1	682	0	0	1
46406	10122.7	4546.5	21.8	0	116.8	3113	1	220	0	0	1
47231	9991	4589.7	20.6	0	155.1	3163	1	558	0	0	1
47287	10034.4	4617.3	16.5	0	139.5	3166	1	428	0	0	1
47894	9774.4	4228.3	20.1	0	112.2	3204	1	135	0	0	1
48855	10197.6	3977.8	27.3	0	173.9	3266	1	311	0	0	1
49007	9823.2	4300	16	0	174.5	3276	1	597	0	0	1
49059	9805.9	4317.4	12.2	0	190.3	3280	1	1406	0	0	1
49165	10102.1	4342.2	28.6	0	181.4	3286	1	451	0	0	1
49180	10107.5	4489.8	30.3	0	157.7	3287	1	254	0	0	1
49889	9973.6	4321.8	25.6	0	131	3329	1	234	0	0	1
49908	9921	4334.5	20.1	0	136.3	3330	1	272	0	0	1
49952	9973.7	4301.4	27.5	0	144	3332	1	252	0	0	1
51826	9761.6	4305.3	22.9	0	131.3	3450	1	195	0	0	1
52062	10418.2	4591.6	41.9	0	107	3464	1	108	0	0	1
52525	10063.1	4529.2	17.7	0	139.8	3495	1	394	0	0	1
52753	10047.2	4244.5	27.6	0	116	3508	1	248	0	0	1
53385	10129.6	4152	26.7	0	166.4	3545	1	410	0	0	1
53398	10083.3	4157.9	18.3	0	165.3	3546	1	424	0	0	1
53778	10058.3	4576.9	28.3	0	164.6	3570	1	311	0	0	1
53829	10088.4	4499.8	15.7	0	109.8	3573	1	177	0	0	1
54030	9780.1	4309.3	17.6	0	191.9	3586	1	760	0	0	1
54056	9769.7	4282.5	17.5	0	174.7	3587	1	495	0	0	1
54099	9793.7	4230.5	22.4	0	169.1	3589	1	322	0	0	1
54130	9751.5	4314.2	25.4	0	127.4	3591	1	162	0	0	1
54381	10213.5	4166.7	24.4	0	126	3608	1	161	0	0	1
55432	10120.7	4904.9	20.3	0	142.9	3677	1	241	0	0	1
55444	10111	4870.8	23.7	0	128.3	3678	1	166	0	0	1
56761	9734.5	4189.3	26	0	180.8	3765	1	341	0	0	1
58501	10205.8	4219.9	28.7	0	126.5	3881	1	234	0	0	1
58595	10425.5	4636.5	13.4	0	161.6	3888	1	597	0	0	1
58607	10439	4584.7	18.5	0	141	3889	1	548	0	0	1
58621	10419.4	4606.4	16.8	0	148.9	3890	1	586	0	0	1
58641	10464.2	4607.8	17.8	0	148.5	3891	1	413	0	0	1
58668	10386.7	4627.5	21.5	0	166.4	3893	1	572	0	0	1
58799	10366.9	4580.8	22.1	0	172.6	3901	1	550	0	0	1
58818	10357.6	4561.7	13.5	0	177.6	3902	1	665	0	0	1
58840	10406	4594.6	18.6	0	152.1	3903	1	362	0	0	1
58957	10436.4	4639	20.7	0	150.9	3911	1	493	0	0	1
58972	9620.3	4416.5	23.6	0	165.6	3911	1	338	0	0	1
60841	10006.1	4451.4	27.4	0	148.8	4030	1	230	0	0	1
60891	10038.8	4514.5	21.5	0	155.2	4033	1	358	0	0	1
61004	10067.4	4499.7	10.2	0	152.8	4041	1	833	0	0	1
61022	10084.4	4513.9	10.6	0	147.1	4042	1	842	0	0	1
61086	10044.4	4499.7	13.1	0	135.7	4046	1	511	0	0	1
61127	10073.8	4562.9	30.1	0	162.5	4048	1	222	0	0	1
61176	10055.8	4515.6	9.1	0	149.7	4052	1	927	0	0	1
61200	10115.7	4596.6	27.2	0	181.5	4054	1	542	0	0	1
61491	10211.3	3987.5	25.4	0	191.4	4071	1	434	0	0	1
61651	10085	4510.7	11.7	0	141.1	4084	1	635	0	0	1
61826	9978.5	4515.6	23	0	130.8	4094	1	225	0	0	1
61946	9775.8	4234.1	30.4	0	166.4	4101	1	366	0	0	1
63263	9771.1	4283.5	28.3	0	122.1	4192	1	143	0	0	1
64159	9763.1	4218.3	23.7	0	182.2	4251	1	343	0	0	1
64277	10047.3	4089.8	28.3	0	192.7	4260	1	298	0	0	1
64291	10158.7	3986.8	19	0	193.5	4261	1	610	0	0	1
65191	10114.1	4711.6	22.2	0	123.5	4320	1	167	0	0	1
65237	10062.1	4720.6	31.8	0	176.8	4323	1	272	0	0	1
65316	10143	4903.3	21.3	0	167.2	4327	1	352	0	0	1
65432	10417	4352.9	20	0	192.1	4335	1	549	0	0	1
67062	10048.3	4499.5	25	0	121.8	4446	1	192	0	0	1
67478	10125.3	4479.1	24	0	150.9	4474	1	238	0	0	1
68828	10164.5	4341.9	28.2	0	141.9	4568	1	237	0	0	1
68947	10394.1	4316.5	21.3	0	133.6	4577	1	276	0	0	1
69264	10065.5	4654.6	26.2	0	121.6	4599	1	218	0	0	1
69297	10086.5	4665.3	27.6	0	125.5	4601	1	197	0	0	1
69765	10114.9	3934.7	19	0	171.4	4634	1	366	0	0	1
69886	10143.3	4097.4	18.9	0	169.9	4643	1	440	0	0	1
69900	10116.8	4140.5	18.6	0	152.1	4644	1	338	0	0	1
70700	9990.7	4080.6	11.7	0	169.5	4695	1	1025	0	0	1
71059	10157.6	3939.4	14.8	0	164.5	4716	1	547	0	0	1
71161	10046.1	4519.4	29.5	0	144.6	4721	1	261	0	0	1
71275	10465.6	4144.6	20.3	0	142.5	4727	1	326	0	0	1
71657	10423.4	4616.8	23.2	0	134.3	4747	1	257	0	0	1
72428	10041.7	4473.3	24.5	0	178.5	4793	1	454	0	0	1
72454	9747.3	4225.2	18.4	0	172.5	4794	1	470	0	0	1
72816	10085.8	4282.8	19.8	0	110	4813	1	162	0	0	1
73170	9693.9	4234.7	26.9	0	168.5	4834	1	346	0	0	1
73747	9714.1	4225.2	29.4	0	164.1	4868	1	372	0	0	1
74277	9771.3	4307.2	14.2	0	154.3	4900	1	541	0	0	1
74299	9739	4286.7	22.8	0	160.5	4901	1	474	0	0	1
74853	10081.3	4049.7	19.8	0	179.5	4933	1	516	0	0	1
74860	10041.4	4052.1	9.2	0	166.2	4934	1	1169	0	0	1
74962	10064.7	4495.6	16.2	0	156.2	4941	1	394	0	0	1
75249	10486.6	4459.2	19.2	0	182.1	4958	1	387	0	0	1
75488	10431.9	4595.8	18.5	0	156.7	4972	1	503	0	0	1
75501	10440.9	4573.5	12.9	0	163.8	4973	1	796	0	0	1
75528	10451.8	4537.8	20	0	191.4	4974	1	683	0	0	1
75546	10430.4	4531.9	18.6	0	174.8	4975	1	447	0	0	1
75569	10380.7	4544	19	0	198.7	4976	1	641	0	0	1
75613	10463.6	4537.4	25	0	187.3	4978	1	447	0	0	1
75876	10215.4	4176.8	21.8	0	144.2	4994	1	301	0	0	1
76464	10518.3	4316.3	16.5	0	179.8	5030	1	475	0	0	1
76480	10515	4350.1	15.2	0	188.4	5031	1	755	0	0	1
76530	10528.1	4405.7	31.5	0	136.4	5034	1	189	0	0	1
76866	10500.9	4405.9	14.9	0	171.9	5052	1	682	0	0	1
76965	10574.6	4443.9	26.8	0	139.3	5056	1	256	0	0	1
77122	10518.8	4331.1	24.4	0	148	5066	1	609	0	0	1
77428	10550.7	4327	23	0	176.8	5083	1	358	0	0	1
78647	10083.2	4859.5	17.7	0	152	5159	1	381	0	0	1
78720	10073.4	4876	24.5	0	145	5163	1	289	0	0	1
79295	10159.8	4047.8	26.8	0	192	5196	1	539	0	0	1
79319	10217.2	3985.5	21.8	0	149.5	5197	1	307	0	0	1
79335	10180.3	3992.3	14	0	155.9	5198	1	435	0	0	1
80428	10071	4532.1	18.7	0	146.6	5266	1	396	0	0	1
80752	10068.3	4049.5	12.8	0	149.3	5288	1	622	0	0	1
80805	10095.1	4219.8	23.8	0	142.9	5290	1	278	0	0	1
80962	10111.2	4552.9	23.2	0	127.3	5301	1	221	0	0	1
80980	10133.9	4201.6	18.8	0	185.6	5303	1	596	0	0	1
80990	10100.4	4198.7	24.2	0	188.7	5304	1	493	0	0	1
81973	9734.6	4348.9	31.7	0	183.1	5364	1	347	0	0	1
82312	9830.4	4147.7	27.4	0	102.9	5385	1	117	0	0	1
82766	9834.4	4373.7	23.1	0	117.7	5413	1	245	0	0	1
82774	9972.2	4239.4	14.3	0	160.1	5414	1	619	0	0	1
82788	10000.2	4218.7	9.3	0	161.8	5415	1	1060	0	0	1
82804	9959.3	4207.3	9	0	163.2	5416	1	1045	0	0	1
82830	9869.9	4238.6	20.3	0	174.4	5417	1	470	0	0	1
84137	10108.4	4409.4	16.4	0	170.4	5498	1	775	0	0	1
84550	10031.7	4497.3	17.2	0	157	5524	1	350	0	0	1
84566	10054.1	4502	25.1	0	125.9	5525	1	176	0	0	1
85100	10085.2	4494.2	25.7	0	141.4	5558	1	286	0	0	1
85131	10061.1	4466.6	22.9	0	150.9	5560	1	417	0	0	1
85421	9751.2	4359.6	38.1	0	126.1	5579	1	188	0	0	1
86262	9744.6	4337.2	18.4	0	177.3	5632	1	421	0	0	1
86299	9789.6	4313.2	16.3	0	156.2	5634	1	354	0	0	1
86318	9749.9	4304.7	19.5	0	159.7	5635	1	337	0	0	1
86329	9621.5	4309.8	16.4	0	191.8	5636	1	885	0	0	1
86346	9593.9	4298.4	14.9	0	191.2	5637	1	814	0	0	1
86475	10038.5	4514.7	22.2	0	147.4	5644	1	315	0	0	1
86489	10046.2	4570.1	24.3	0	131.9	5645	1	206	0	0	1
86827	10044.4	4486.9	18	0	175.7	5662	1	686	0	0	1
86847	10066.2	4526.2	25.3	0	186	5663	1	519	0	0	1
87034	9692.1	4506.3	23	0	194.5	5674	1	479	0	0	1
87081	9788.7	4329.4	16.3	0	161.5	5677	1	398	0	0	1
87105	9767.8	4315	20.2	0	157.3	5678	1	280	0	0	1
87113	9809	4329.7	20.6	0	163.3	5679	1	376	0	0	1
87251	10123.4	4902.8	37.2	0	120.4	5687	1	131	0	0	1
87814	10165.6	4891	22.2	0	142.9	5722	1	303	0	0	1
87945	9747.8	4326.6	22.7	0	139.2	5729	1	237	0	0	1
88159	9776.8	4299.8	16.4	0	144.3	5742	1	348	0	0	1
88178	9780.4	4277.5	18.6	0	162.5	5743	1	456	0	0	1
88191	9858.1	4295.5	22	0	149.4	5744	1	372	0	0	1
88214	9798.5	4286.2	20.8	0	163.1	5745	1	423	0	0	1
88230	9759.6	4316.3	21.4	0	162.1	5746	1	357	0	0	1
88294	9988.7	3930	24.2	0	140.7	5749	1	180	0	0	1
88403	9979.8	3925.1	13.1	0	185.4	5754	1	767	0	0	1
88550	9929.7	4801.2	14.3	0	149.3	5762	1	473	0	0	1
88574	9834.4	4830.7	26.4	0	180.1	5763	1	420	0	0	1
88666	10134.5	4425	21.2	0	194.4	5769	1	853	0	0	1
89055	9806.1	4338	23	0	147.1	5789	1	355	0	0	1
89535	10008.6	4441.1	24.2	0	158.5	5820	1	343	0	0	1
89549	9996	4528.1	32.8	0	189.7	5821	1	430	0	0	1
89557	10044.4	4588.3	18.5	0	171.1	5822	1	570	0	0	1
89577	10065.1	4616.8	11.3	0	162.2	5823	1	882	0	0	1
90262	10468.2	4130.7	9.9	0	154.3	5862	1	732	0	0	1
90395	10171.2	4093	35.8	0	132.3	5869	1	153	0	0	1
91163	10008.7	4866.1	23.7	0	104.4	5916	1	138	0	0	1
91181	10069.8	4527.1	19.5	0	111.1	5917	1	185	0	0	1
91326	10054.3	4515.9	30.2	0	116.9	5926	1	161	0	0	1
91433	9752	4353.9	30.8	0	149.4	5932	1	392	0	0	1
91822	9787.7	4151.1	19.9	0	130.1	5955	1	243	0	0	1
91856	10162.1	4555.2	33.1	0	142.7	5957	1	322	0	0	1
92203	9768.8	4208.2	19.4	0	145.4	5978	1	273	0	0	1
92211	9747.8	4241	13.5	0	156.1	5979	1	593	0	0	1
92227	9734.1	4215.3	12.5	0	166.9	5980	1	624	0	0	1
92284	9826.6	4244.6	19.6	0	174.8	5984	1	417	0	0	1
92696	10067.2	4533.6	19.6	0	141.8	6012	1	271	0	0	1
92905	9768.5	4270.9	15	0	142.4	6025	1	365	0	0	1
93436	10046.4	4505	19.9	0	133.1	6061	1	281	0	0	1
93967	10394.2	4705.4	34.6	0	141.1	6095	1	243	0	0	1
94360	9609.2	4362	22.8	0	176.3	6120	1	683	0	0	1
94593	10019.4	4502.5	11.4	0	172.5	6136	1	1691	0	0	1
94629	10056.4	4520.7	7.7	0	147	6138	1	1399	0	0	1
94836	10039.9	4693.9	29.8	0	156.2	6149	1	483	0	0	1
94886	10037.9	4700.4	18.9	0	190.9	6153	1	620	0	0	1
94903	10289.9	3965.5	24.3	0	146.3	6154	1	215	0	0	1
95868	10513.3	4338.6	22.8	0	172	6216	1	409	0	0	1
95908	9765.7	4215	31.2	0	146.1	6219	1	231	0	0	1
96114	9781.3	4206	12.3	0	167.7	6232	1	736	0	0	1
96147	9797.4	4226.8	15.6	0	191.4	6234	1	1024	0	0	1
96175	9750	4188	15.7	0	148.4	6235	1	431	0	0	1
96244	10052.7	4627.5	12.6	0	140.3	6240	1	487	0	0	1
96645	10043	4641	15.8	0	157.9	6266	1	570	0	0	1
96670	10063.2	4644.6	16.1	0	157.4	6267	1	503	0	0	1
96679	10069.9	4686.3	17.4	0	165.6	6268	1	528	0	0	1
96712	10078.9	4550.6	9.1	0	156.5	6270	1	1110	0	0	1
96787	10094.4	4485.8	12.9	0	141	6275	1	560	0	0	1
96868	10110.3	4484.5	15.2	0	164.1	6279	1	690	0	0	1
97385	10064.5	4538.7	22.4	0	139.9	6312	1	289	0	0	1
98063	10144.9	3946.1	13.4	0	180.4	6355	1	747	0	0	1
98646	10374.4	4762	23.8	0	187.5	6391	1	507	0	0	1
98651	9745.1	4239.1	44.3	0	175.6	6391	1	265	0	0	1
99733	9828.1	4077.9	18.9	0	192.9	6457	1	720	0	0	1
99750	9779.2	4076.6	21.2	0	161.2	6458	1	455	0	0	1
100031	10522	4321.9	22.7	0	162.8	6477	1	408	0	0	1
100051	10493.8	4331.5	19	0	153.9	6478	1	361	0	0	1
100259	10029.5	4518.2	22.3	0	180.7	6492	1	344	0	0	1
100308	9748.5	4338.9	19.4	0	153.4	6495	1	304	0	0	1
100384	10070.8	4520.8	24.4	0	165	6500	1	318	0	0	1
100714	10081.3	4240.3	35.1	0	128.9	6519	1	161	0	0	1
101059	10044.5	4260.2	36.6	0	155.2	6539	1	292	0	0	1
102513	9754.8	4297.3	8.1	0	144.9	6637	1	1223	0	0	1
102538	9749.4	4331.8	23.8	0	190.1	6638	1	623	0	0	1
102552	9733.4	4303	21.7	0	170.5	6639	1	459	0	0	1
102766	9773.9	4304.3	19.8	0	131.9	6653	1	256	0	0	1
103343	10009.6	4181.4	23.9	0	164.8	6692	1	306	0	0	1
103376	9980	4194.1	27.7	0	155.3	6693	1	235	0	0	1
103565	10390.1	4330.1	11.6	0	153.6	6706	1	716	0	0	1
103583	10397.2	4363	15.4	0	169.6	6707	1	507	0	0	1
103883	9703.3	4324.8	15.8	0	190.5	6728	1	931	0	0	1
104108	9997.2	3920.4	14.4	0	174.2	6742	1	922	0	0	1
104576	9768.6	4277.3	22.7	0	140.8	6770	1	232	0	0	1
105557	10366.9	4282.1	15.6	0	164.2	6828	1	494	0	0	1
105946	10049.2	4052.5	16.1	0	158.9	6852	1	451	0	0	1
106507	10380.8	4344.5	19.2	0	144.1	6885	1	262	0	0	1
106823	10079.7	4605.3	26.9	0	149.9	6905	1	244	0	0	1
106925	10225.3	4164.7	17.8	0	152.5	6912	1	369	0	0	1
107182	10392.2	4676.3	30.8	0	186.1	6930	1	410	0	0	1
108120	10061.7	4527.9	30.7	0	130.6	6987	1	156	0	0	1
108465	10409.1	4769.7	27.4	0	176.1	7010	1	366	0	0	1
108544	10243.5	4189.5	17	0	154.8	7013	1	405	0	0	1
108795	10124.5	4518.4	15.6	0	149.1	7028	1	370	0	0	1
108819	10126	4542.1	20.8	0	164.1	7029	1	289	0	0	1
109190	10413.8	4737	15.9	0	151.4	7055	1	420	0	0	1
109219	10393.8	4748.4	16.9	0	136.6	7056	1	344	0	0	1
109420	10057.8	4167.9	18.2	0	176.4	7069	1	675	0	0	1
109436	10015	4258	10.5	0	177.1	7070	1	961	0	0	1
109469	10046.1	4304.8	12.9	0	197.4	7072	1	915	0	0	1
109510	10094.5	4486.5	18.3	0	149.4	7075	1	325	0	0	1
109542	10141.3	4476.4	29.1	0	178.9	7076	1	307	0	0	1
109564	10282.1	4384.7	19.2	0	198.2	7078	1	846	0	0	1
109864	10082.2	4467.1	24.4	0	171.5	7095	1	380	0	0	1
109886	10081.8	4504	26.4	0	131.4	7096	1	157	0	0	1
109901	10101.8	4518.9	22.3	0	136.3	7097	1	269	0	0	1
109909	10016.1	4394.4	12.8	0	170.4	7098	1	714	0	0	1
109947	10125.7	4464.4	16.9	0	174.2	7100	1	689	0	0	1
109973	10142.8	4453.4	18.5	0	163.2	7102	1	448	0	0	1
110409	9715	4508.3	20.6	0	191.4	7130	1	583	0	0	1
110786	9745.4	4200.9	21.8	0	147.2	7152	1	251	0	0	1
110908	10139.3	3982.1	32.9	0	166.3	7158	1	388	0	0	1
111088	10119.9	4898.7	25.3	0	137.3	7170	1	200	0	0	1
111165	10074.3	4841.6	36.7	0	149.7	7174	1	211	0	0	1
111169	10155.3	4838.3	21.3	0	174.2	7175	1	433	0	0	1
111261	10192.8	4368.2	17	0	173.3	7181	1	557	0	0	1
112348	10113.2	4542.5	26	0	143.9	7254	1	228	0	0	1
112529	9754.3	4164.7	9.1	0	156.8	7265	1	919	0	0	1
112546	9766.5	4065.7	8.1	0	172.9	7266	1	1803	0	0	1
112736	9750.3	4176.4	27.6	0	143.5	7279	1	244	0	0	1
113782	10080.9	4565.7	20.8	0	180.3	7351	1	503	0	0	1
113925	10114.2	4895	24.6	0	137.3	7360	1	217	0	0	1
113963	10030.2	4045.7	14.9	0	161	7363	1	465	0	0	1
114472	10127.5	3937.3	18.8	0	157	7394	1	341	0	0	1
114708	10091.8	4903.1	21	0	187.3	7409	1	680	0	0	1
114930	9758.1	4251	21.8	0	149.4	7425	1	489	0	0	1
115472	10159.9	4900.4	9.1	0	144.1	7459	1	907	0	0	1
115581	10194.3	4895.5	14.6	0	168.3	7465	1	659	0	0	1
115942	9942.2	4323.5	17.4	0	153.9	7487	1	507	0	0	1
116072	10101.6	4432.7	17.7	0	136.7	7497	1	318	0	0	1
117155	10046.6	4186.2	24.4	0	155.8	7564	1	291	0	0	1
117435	9799.8	4149.9	24.2	0	149.1	7583	1	213	0	0	1
117887	9822.9	4372.6	21.3	0	196.1	7614	1	680	0	0	1
117943	10015.9	4054.1	14.2	0	189.4	7618	1	830	0	0	1
117960	10027.4	4032.7	16.4	0	186.5	7619	1	891	0	0	1
118159	10029.9	4526.2	15	0	154.9	7631	1	519	0	0	1
118237	10054.8	4464.2	14.8	0	123.6	7636	1	389	0	0	1
118812	9873.1	4832.2	23.2	0	185.5	7675	1	435	0	0	1
118838	9909.8	4804.8	24.8	0	173	7676	1	424	0	0	1
118886	10155.4	4361.1	23.9	0	180.3	7679	1	446	0	0	1
118965	9800	4158.9	21.7	0	118	7683	1	129	0	0	1
119304	10396.6	4334.6	21.4	0	145	7705	1	358	0	0	1
119320	10381.1	4309	31.5	0	153.5	7706	1	247	0	0	1
119546	10099.9	4488.5	15.7	0	136	7720	1	315	0	0	1
119575	10120.5	4471.6	20.3	0	134.2	7721	1	249	0	0	1
119713	10351.2	4004.6	33.6	0	111.9	7727	1	111	0	0	1
119806	10137.6	4893.1	21.8	0	153.5	7734	1	299	0	0	1
119908	10116.2	4870.6	27.7	0	142.3	7741	1	224	0	0	1
119936	10088.9	4570.5	23	0	198.4	7742	1	771	0	0	1
119953	10139.7	4884.4	13.1	0	153.9	7744	1	573	0	0	1
120119	10136.2	4882.3	13.8	0	142.5	7753	1	465	0	0	1
120149	10122.7	4795.1	20.5	0	151.4	7755	1	365	0	0	1
120325	10076.2	4489	13.2	0	158.4	7766	1	592	0	0	1
120470	10120.1	4155.6	22.7	0	147.4	7776	1	268	0	0	1
120723	10129.2	4487.1	31.5	0	119.1	7791	1	107	0	0	1
121850	9776.6	4177.4	33	0	131.5	7860	1	185	0	0	1
121873	9724.8	4165.3	20	0	161.3	7861	1	332	0	0	1
122228	9946.4	4802.5	25	0	187.1	7882	1	468	0	0	1
122322	10119.8	4500.3	22.7	0	151.5	7889	1	211	0	0	1
122581	10119	4138.1	14.9	0	154.3	7908	1	400	0	0	1
122841	10438.6	4722	34.5	0	134.1	7925	1	152	0	0	1
122910	10059.3	4089	18.9	0	189.7	7929	1	566	0	0	1
122934	9986.6	4157.2	25.2	0	194.4	7930	1	635	0	0	1
122942	10004.8	4179.8	23.3	0	184.2	7931	1	664	0	0	1
123598	10121.8	4885.6	14.3	0	150.9	7977	1	496	0	0	1
123783	10127.6	4534	15.7	0	148.7	7990	1	365	0	0	1
123880	10126.3	4903.2	10.5	0	144.9	7996	1	634	0	0	1
124445	9663.7	4652.8	21.9	0	173.1	8031	1	559	0	0	1
124509	10199	4224.9	14.4	0	171.7	8034	1	908	0	0	1
124565	10195.5	4183.3	15	0	158.5	8038	1	426	0	0	1
124627	10196.8	4208.5	26.1	0	176.6	8041	1	442	0	0	1
124796	10043	4038.4	15.5	0	183.6	8053	1	689	0	0	1
124995	10182.4	4894.6	15.9	0	154.2	8066	1	772	0	0	1
125202	10104.8	4898.6	19.6	0	138.6	8079	1	219	0	0	1
125461	10050.6	4039.7	14.3	0	156.3	8094	1	468	0	0	1
125649	10059.6	4498	14.6	0	174.8	8107	1	709	0	0	1
125942	10218.5	4173.9	12.6	0	160	8125	1	541	0	0	1
125952	10206.9	4192.8	17.7	0	157.4	8126	1	452	0	0	1
126527	10039.4	4888.1	30.7	0	120.5	8165	1	138	0	0	1
126536	10055.6	4110.1	29.8	0	111.6	8166	1	151	0	0	1
126559	10113.7	4128.6	32.1	0	108	8167	1	123	0	0	1
126675	10033.9	4520.7	27.6	0	143.8	8174	1	234	0	0	1
126965	10114.4	4275	29.8	0	119.8	8193	1	147	0	0	1
127082	10065.8	4431.2	19.6	0	182.5	8200	1	577	0	0	1
127187	10471.4	4396.8	23.6	0	187.1	8205	1	429	0	0	1
127239	10497.3	4433.3	13.2	0	167.5	8208	1	663	0	0	1
127331	10530.2	4421.7	23.7	0	177.4	8213	1	366	0	0	1
127378	10492.8	4373	11.6	0	181.1	8217	1	906	0	0	1
127522	10507.8	4444.1	27.2	0	149.8	8227	1	263	0	0	1
127562	10490.3	4458.9	27	0	171.4	8229	1	331	0	0	1
127657	10498.5	4457.6	23.1	0	147.3	8235	1	280	0	0	1
127684	10123.3	4883.2	10.7	0	143.1	8237	1	677	0	0	1
127698	10052	4910.6	27.1	0	180.2	8238	1	323	0	0	1
127853	10155.8	3916	14.2	0	149.7	8250	1	470	0	0	1
127933	10054.2	4492	12.8	0	157.4	8256	1	630	0	0	1
128125	10001	4058.9	14.5	0	166.3	8268	1	630	0	0	1
128416	9760.6	4166.8	19.4	0	140.1	8288	1	245	0	0	1
128441	9804.7	4184.9	22.7	0	187.5	8289	1	365	0	0	1
128560	10148.8	4897.6	21	0	162.7	8298	1	366	0	0	1
128610	10093	4896.5	15.1	0	166.3	8302	1	585	0	0	1
128646	9738.3	4159.4	22.2	0	138.5	8305	1	184	0	0	1
129052	10064.6	4495.5	27.3	0	149.2	8334	1	247	0	0	1
129069	10071.3	4475.1	18.8	0	142.8	8335	1	304	0	0	1
129077	10041.3	4446	37.9	0	145.1	8336	1	194	0	0	1
129211	10055.9	4549.5	23.5	0	132	8345	1	295	0	0	1
129247	10043.5	4509.7	22.9	0	151.1	8348	1	319	0	0	1
129261	10060	4551.7	19.9	0	149.5	8349	1	295	0	0	1
130022	9779.2	4178.2	27	0	136	8400	1	178	0	0	1
130074	9712.6	4172.3	34.4	0	157.6	8404	1	228	0	0	1
130111	9808.2	4160.8	29.1	0	176.9	8407	1	334	0	0	1
130147	9746	4148.6	20	0	141.7	8409	1	241	0	0	1
130166	9768.2	4209.2	29.8	0	153.2	8410	1	226	0	0	1
131001	9769.7	4411.4	25.7	0	193.1	8464	1	431	0	0	1
131138	10398	4714.3	23	0	152.6	8472	1	353	0	0	1
131271	10410.2	4749	13.4	0	135.7	8482	1	355	0	0	1
131320	10070	4515.3	15.1	0	156.8	8484	1	446	0	0	1
131331	10095.4	4534.3	18	0	156.5	8485	1	365	0	0	1
131446	9668	4603.8	11.5	0	130.4	8494	1	505	0	0	1
131503	10380.9	4296.8	17.5	0	143.8	8498	1	408	0	0	1
131565	10124.9	3919.9	17.1	0	145.2	8503	1	439	0	0	1
131707	9966.5	3930.4	21.1	0	165.3	8512	1	308	0	0	1
131762	9773.7	4172.2	13.9	0	166.7	8517	1	638	0	0	1
131788	9813.3	4142.5	10.6	0	178.5	8518	1	1112	0	0	1
131806	9794.1	4154.2	12.9	0	183.5	8519	1	910	0	0	1
131843	10012.3	4039	13	0	197.1	8521	1	1119	0	0	1
132280	10147.4	4900.7	13.7	0	136.9	8548	1	450	0	0	1
132401	9743.4	4333.9	13.9	0	145.7	8557	1	456	0	0	1
132413	9715.3	4350.7	15.7	0	151.8	8558	1	462	0	0	1
132496	10098.4	4886	16.4	0	128.8	8563	1	328	0	0	1
132655	10455.3	4141.3	14.9	0	154.4	8573	1	513	0	0	1
133365	10122.6	4518.3	19.8	0	194.5	8620	1	689	0	0	1
133375	10072.1	4481.1	16.2	0	171	8621	1	549	0	0	1
133387	10058.9	4529	19.2	0	134.6	8622	1	376	0	0	1
133396	10080.2	4521	15.3	0	146.6	8623	1	395	0	0	1
133882	10071.5	4547.1	25	0	153.6	8656	1	310	0	0	1
133926	10063.5	4020.8	19.7	0	175.7	8659	1	433	0	0	1
133944	10033.3	4025.4	23.3	0	156.3	8660	1	285	0	0	1
134000	10439.8	4727.8	16.8	0	152.4	8663	1	354	0	0	1
134017	10407.2	4755.3	9.2	0	171.8	8664	1	1334	0	0	1
134039	10394	4783.5	11.5	0	174.1	8665	1	814	0	0	1
134056	10376.3	4712	17.2	0	162.9	8666	1	545	0	0	1
134067	10387	4747	11.4	0	171.2	8667	1	719	0	0	1
134570	9746.4	4181.2	20.3	0	142.4	8699	1	243	0	0	1
134582	9763.5	4191.9	19	0	138.9	8700	1	237	0	0	1
134621	9807.8	4147.7	23.8	0	163.3	8702	1	283	0	0	1
134724	10354.1	4736.2	9.9	0	194.5	8708	1	1354	0	0	1
135176	10067.9	4507.6	15.3	0	142.9	8738	1	406	0	0	1
135194	10095.8	4550.6	16.4	0	153.5	8739	1	519	0	0	1
135215	10078.5	4531.2	21.1	0	143.3	8740	1	263	0	0	1
135389	10211.4	4163.3	13.2	0	154.5	8751	1	594	0	0	1
135410	10192.8	4187.2	14.8	0	152.2	8752	1	496	0	0	1
135478	10093.9	4884.2	27	0	134.9	8756	1	169	0	0	1
136054	10218.1	4026.9	27.8	0	139.7	8795	1	224	0	0	1
136186	9958.6	4618.1	22.5	0	163.2	8804	1	315	0	0	1
136213	10003.4	4629.7	25.6	0	134.4	8805	1	249	0	0	1
136273	10052.7	4605.8	17.8	0	141.3	8810	1	306	0	0	1
136388	10086.9	4540.3	21	0	151.9	8818	1	312	0	0	1
136489	10064.5	4472.1	21.6	0	158.8	8826	1	268	0	0	1
136824	10050.8	4517.3	19	0	146.4	8846	1	430	0	0	1
136843	10076.5	4550.2	25.2	0	164.4	8847	1	301	0	0	1
137122	9710	4224.8	26	0	190.4	8866	1	380	0	0	1
138042	10058.1	4512.4	19.1	0	167.6	8926	1	426	0	0	1
138056	10023.7	4488.4	17.3	0	160.7	8927	1	436	0	0	1
138167	9778.2	4196.7	19.9	0	140	8933	1	322	0	0	1
138903	10189.3	4186.7	20.2	0	182.4	8979	1	381	0	0	1
138919	10202.9	4169.4	13.8	0	174.3	8980	1	686	0	0	1
139732	10066.3	4668.1	13	0	147.9	9034	1	518	0	0	1
139894	10101.6	4484.5	23.8	0	131	9044	1	200	0	0	1
140101	10053.4	4519.1	31.2	0	132.1	9057	1	169	0	0	1
140115	10037.2	4492.4	16.3	0	147.9	9058	1	446	0	0	1
140136	10085.9	4484.2	23	0	158.9	9059	1	354	0	0	1
140756	9728.9	4546.6	41.1	0	112.3	9102	1	111	0	0	1
140948	9955.2	4357.7	24.2	0	169.3	9114	1	380	0	0	1
140993	9990.5	4311.7	24	0	150	9117	1	238	0	0	1
141067	10021.4	4636.4	26.9	0	144.8	9121	1	208	0	0	1
141592	10079.7	4531.2	17.9	0	162.5	9158	1	435	0	0	1
141833	10154.9	4133	38.7	0	100.3	9177	1	86	0	0	1
142349	9990.8	4480.8	28	0	180.5	9209	1	426	0	0	1
143593	9757	4197	17.1	0	159.7	9289	1	421	0	0	1
143610	9739	4219.5	20.8	0	176.9	9290	1	377	0	0	1
144080	9725.8	4274.9	33	0	106.3	9320	1	107	0	0	1
144103	9720.8	4329.9	24.7	0	187.8	9321	1	445	0	0	1
144183	9748.4	4333.7	28	0	119.4	9326	1	195	0	0	1
144208	9741	4196.8	20.1	0	173.7	9328	1	334	0	0	1
144246	9921.9	4270.7	16.6	0	190.1	9330	1	666	0	0	1
144256	9813.3	4181.5	26.4	0	166.4	9331	1	306	0	0	1
144276	9718.7	4128.4	30.5	0	185.9	9332	1	337	0	0	1
145252	10166.7	4377.6	17.1	0	178.5	9396	1	618	0	0	1
146288	10020.5	4080.1	22.8	0	169.1	9468	1	343	0	0	1
146673	10035.9	4578.1	18.5	0	194.6	9490	1	596	0	0	1
146708	10125.3	3923.5	15.8	0	147.4	9492	1	417	0	0	1
146740	10131.3	3978.2	13.9	0	159.7	9494	1	573	0	0	1
146881	10018	4619.2	29.2	0	142.8	9503	1	189	0	0	1
146898	10026.3	4642.3	22.8	0	165.6	9504	1	335	0	0	1
147763	10205.1	4177	10.5	0	148.5	9559	1	759	0	0	1
147792	10221.6	4164.3	10	0	161.7	9562	1	1131	0	0	1
148094	10229	4189.6	20.7	0	188.1	9581	1	574	0	0	1
148519	10320	3976.4	16.4	0	192.9	9610	1	532	0	0	1
148538	9764.2	4335.3	24.9	0	121.4	9612	1	154	0	0	1
148555	9741.6	4312.8	16.1	0	156.6	9613	1	484	0	0	1
149008	9671.9	4640.1	17	0	156	9642	1	395	0	0	1
149037	9647.7	4641.6	17.4	0	162.7	9643	1	414	0	0	1
149166	9718.1	4306.5	21.5	0	135.5	9651	1	199	0	0	1
149235	10169.2	4867.7	29.9	0	155.1	9656	1	200	0	0	1
149284	10179	3990.3	15.7	0	166.8	9659	1	428	0	0	1
149298	10193	3970.3	18	0	145.2	9660	1	309	0	0	1
149446	10088.8	4659.2	26.4	0	128.1	9670	1	165	0	0	1
150233	10407.3	4284	18.7	0	163.1	9718	1	327	0	0	1
150546	9728.5	4316.1	16.9	0	136.6	9740	1	272	0	0	1
151002	10136.6	4899.7	29.7	0	132.6	9769	1	130	0	0	1
151416	10163.7	3934.9	15.1	0	149.1	9795	1	404	0	0	1
151444	10062.8	4518.5	9.8	0	146	9797	1	699	0	0	1
151483	10044.9	4532.7	25.3	0	168.2	9800	1	400	0	0	1
152004	10192.4	4368.2	9.1	0	143.7	9835	1	754	0	0	1
152076	10442.2	4131.4	28.3	0	142.1	9839	1	193	0	0	1
152254	10109.7	4862.2	33.3	0	149.6	9851	1	372	0	0	1
152344	9644.8	4590.3	32.2	0	156.2	9857	1	219	0	0	1
152440	10454.8	4365.2	27.6	0	167.8	9863	1	380	0	0	1
152549	10065.9	4502.9	19.2	0	150.7	9870	1	255	0	0	1
152972	9911.1	4518.8	28.7	0	102.6	9900	1	108	0	0	1
153293	10082	4527.6	14.8	0	153.6	9920	1	469	0	0	1
153313	10064.7	4503.4	15.9	0	159.8	9921	1	500	0	0	1
154597	9760.8	4208.9	27.8	0	153.4	10009	1	293	0	0	1
154625	9781.4	4192.5	20.7	0	164.5	10011	1	339	0	0	1
154646	9767.5	4230.3	26.4	0	155.2	10012	1	263	0	0	1
155019	10021.1	4580	29.4	0	132.6	10037	1	167	0	0	1
155215	10104.2	4488.9	12.5	0	137.3	10049	1	586	0	0	1
155467	9755.4	4122.2	24.7	0	198.4	10069	1	493	0	0	1
155756	10235.6	4180.1	19.4	0	166.8	10090	1	396	0	0	1
155772	10183.6	4322.8	13.8	0	177.3	10091	1	799	0	0	1
155786	10070.6	4496.4	24.9	0	157.6	10092	1	268	0	0	1
156073	9779.5	4303	17.4	0	164.2	10113	1	570	0	0	1
156286	9767.2	4169.4	20.5	0	152.6	10128	1	281	0	0	1
156304	9803.4	4186.5	32.5	0	167.3	10129	1	317	0	0	1
156312	10020.1	4475.3	20.5	0	174.1	10130	1	610	0	0	1
157226	10093.4	4474.2	15	0	159.3	10193	1	502	0	0	1
157270	10072.3	4497.3	10.4	0	150.1	10196	1	780	0	0	1
157484	10432.6	4719.4	14.2	0	152.9	10212	1	516	0	0	1
157871	10044.8	4627.3	20.9	0	153.2	10237	1	314	0	0	1
157887	10204.1	4211.8	15.4	0	138.7	10239	1	273	0	0	1
158156	10136.3	4861.3	28.6	0	104	10257	1	89	0	0	1
158493	10193.3	4354.6	14.5	0	149.8	10278	1	404	0	0	1
158506	10205.3	4216	17	0	149.1	10279	1	361	0	0	1
158530	10186.8	4170.7	16.7	0	148.6	10280	1	360	0	0	1
158543	10328.2	4269.1	14.4	0	188.7	10281	1	701	0	0	1
158819	9642.7	4617.7	22.2	0	179.2	10299	1	468	0	0	1
159293	9932.7	4543.9	27.1	0	105.5	10329	1	105	0	0	1
159311	10100.6	4152.4	29.5	0	122.9	10330	1	130	0	0	1
159485	10071.4	4506.1	14.5	0	162.3	10339	1	592	0	0	1
159524	10080.8	4478.1	17.6	0	143.8	10342	1	345	0	0	1
159559	10116.8	4896.1	24.6	0	155.2	10345	1	294	0	0	1
159586	10140.9	4889	8	0	150.8	10346	1	1110	0	0	1
159870	10109.4	4889.7	11.9	0	163.6	10365	1	926	0	0	1
159887	10136.1	4898	11.2	0	149.9	10366	1	606	0	0	1
159931	10422.2	4757.1	8.7	0	166.4	10370	1	1294	0	0	1
159949	10397.8	4758.3	9.3	0	155.5	10371	1	1070	0	0	1
159958	10174.2	4368.1	16.5	0	172.4	10372	1	402	0	0	1
160003	10092.5	4181.2	22.1	0	159.1	10375	1	277	0	0	1
160580	10051.8	4651.4	16.1	0	123.7	10415	1	296	0	0	1
160592	10115.7	4625.8	28.2	0	101	10416	1	91	0	0	1
161131	9766.2	4303.7	17.7	0	148.5	10456	1	322	0	0	1
161347	9913.1	4828.9	26.1	0	103.5	10471	1	111	0	0	1
161399	9937.6	4810.8	14.5	0	147.3	10474	1	466	0	0	1
162316	10463	4119.8	10.4	0	147.7	10539	1	697	0	0	1
162354	10452.6	4158.6	18.7	0	155.1	10543	1	359	0	0	1
162761	10050	4481.5	14.7	0	156.6	10570	1	535	0	0	1
162919	10140.2	3944.5	18.4	0	197	10580	1	443	0	0	1
162969	9931	4835	27.2	0	137.3	10583	1	211	0	0	1
163041	10416.2	4744.6	13.6	0	148.8	10588	1	436	0	0	1
163319	10006.8	4229.5	18.7	0	149.5	10607	1	259	0	0	1
163340	10000.7	4209.3	21.7	0	145.4	10609	1	240	0	0	1
163387	10093.2	4760.2	31	0	103.6	10612	1	103	0	0	1
163566	10073.1	4506.6	18.8	0	151.1	10624	1	392	0	0	1
164193	10080.7	4484.1	15.6	0	160.1	10666	1	443	0	0	1
164374	10025.7	4561.1	18.8	0	178.3	10680	1	555	0	0	1
164387	10036.9	4509.5	15.2	0	156.6	10681	1	310	0	0	1
164990	9643	4597	15.3	0	154.9	10722	1	480	0	0	1
165073	10074.5	4491.5	13.6	0	149.8	10726	1	493	0	0	1
165096	10026.8	4493.8	14.2	0	162.5	10727	1	477	0	0	1
165284	10089.3	4494.8	15.3	0	149.8	10740	1	422	0	0	1
165301	10112.5	4450.9	16.4	0	155.1	10741	1	361	0	0	1
165349	10048.7	4472.1	29	0	131.8	10744	1	216	0	0	1
165413	10095.8	4464.2	24.1	0	128.9	10748	1	280	0	0	1
165430	10096.2	4508.7	18.4	0	159.5	10749	1	377	0	0	1
165938	10059	4529.4	21.1	0	196.9	10784	1	439	0	0	1
166016	10067.7	4545.8	17.2	0	163.9	10790	1	451	0	0	1
166089	9795.9	4223.7	18.1	0	168.8	10794	1	633	0	0	1
166130	10035.7	4503.6	13.4	0	141.1	10797	1	424	0	0	1
166154	10060.8	4537.7	19	0	147.1	10798	1	355	0	0	1
166469	10257.9	4056.3	15	0	143.9	10821	1	367	0	0	1
166545	10153	4505.1	13.3	0	140.3	10826	1	389	0	0	1
166785	10189.1	4357.6	19.1	0	155.8	10840	1	399	0	0	1
167174	10450.1	4738.8	24.5	0	180.6	10867	1	480	0	0	1
167526	10264.6	3951.1	18.1	0	132.8	10889	1	315	0	0	1
167952	9881.9	4386.2	40	0	190.8	10917	1	287	0	0	1
168027	10164.3	3983.9	18.5	0	157.3	10922	1	351	0	0	1
168884	9739.6	4207.8	23.2	0	138.7	10980	1	196	0	0	1
169063	10121.3	4888.3	25.1	0	142.8	10992	1	208	0	0	1
169069	9836.7	4129.5	20.2	0	142.8	10993	1	339	0	0	1
169086	9811.4	4153	21.7	0	132.5	10994	1	194	0	0	1
169144	10077.9	4382.9	15.8	0	187.4	10998	1	781	0	0	1
169176	9953.8	4180.2	20.3	0	179.1	11000	1	388	0	0	1
169220	10017.3	4196.6	22.4	0	146.9	11002	1	230	0	0	1
169455	10045.6	4198.5	18.1	0	152.7	11020	1	310	0	0	1
169464	9990.4	4245.6	36.8	0	160.6	11021	1	186	0	0	1
169533	10071.3	4487.6	12.8	0	171.2	11026	1	687	0	0	1
169603	9992.9	4084.2	12.2	0	187	11031	1	1022	0	0	1
169744	10113.3	4512.9	24.9	0	195.8	11042	1	418	0	0	1
170127	9762.8	4214.2	26.5	0	164.7	11069	1	315	0	0	1
170138	9714.7	4194.1	20.4	0	155	11070	1	306	0	0	1
170144	9718.1	4144.9	18.5	0	166.1	11071	1	401	0	0	1
170241	10534.5	4299.9	29.8	0	141.2	11078	1	163	0	0	1
170461	10042.8	4071	19.5	0	161.5	11093	1	489	0	0	1
171097	10063.7	4539.4	18.3	0	139.9	11138	1	248	0	0	1
171672	10056.7	4616.7	27.2	0	142.2	11173	1	191	0	0	1
171873	9755.4	4312.1	8.4	0	142.9	11187	1	931	0	0	1
172254	9699.2	4255	24.6	0	186.4	11214	1	494	0	0	1
172277	9767	4152.9	22.6	0	156.6	11216	1	293	0	0	1
172291	9770	4211	27.2	0	174.6	11217	1	271	0	0	1
172482	9951.8	4550.1	30.2	0	107.2	11229	1	113	0	0	1
172965	10098.2	4493.1	17.5	0	150.5	11263	1	331	0	0	1
173323	10453.3	4157.2	17.6	0	174.7	11290	1	383	0	0	1
173429	10081.4	4531.9	17.6	0	143.8	11298	1	307	0	0	1
173456	10073.6	4508.3	19.6	0	154.4	11299	1	411	0	0	1
174290	10066.2	4483.6	18.6	0	140.2	11353	1	282	0	0	1
174462	10068.2	4490.2	22.9	0	161.1	11364	1	385	0	0	1
174756	10096.9	4739.4	20.9	0	197.9	11383	1	608	0	0	1
175020	10131	4118.9	32.1	0	104.3	11405	1	96	0	0	1
175064	10083	4502.8	24.4	0	183.1	11408	1	490	0	0	1
175071	10203.5	4370.1	18.5	0	145.7	11409	1	284	0	0	1
175491	9793.4	4320.3	24.3	0	155.3	11437	1	247	0	0	1
175509	9743.8	4268.2	22.4	0	153.1	11439	1	282	0	0	1
175731	9742.9	4327.1	27.5	0	153.9	11453	1	235	0	0	1
175751	10168.4	4355.5	28.9	0	139.9	11454	1	173	0	0	1
175889	9783.8	4213.4	27.7	0	151.5	11463	1	187	0	0	1
176438	10002.3	4209.4	21.8	0	134.5	11501	1	241	0	0	1
177149	10046.4	4497.3	22.4	0	140.2	11550	1	245	0	0	1
177162	10066.1	4492.9	32.8	0	160.7	11551	1	227	0	0	1
177651	10048.1	4021.7	14.1	0	154.6	11588	1	544	0	0	1
177760	9778	4319.3	20.9	0	139.3	11595	1	198	0	0	1
177914	9772.4	4330.9	11.4	0	163.9	11605	1	599	0	0	1
178076	9728.8	4569.1	11.8	0	156	11619	1	591	0	0	1
178219	9614.4	4375.2	31.8	0	111.1	11630	1	110	0	0	1
178630	9962	4869.1	13.4	0	195	11661	1	744	0	0	1
178633	10205.3	3959.5	27.6	0	194.5	11661	1	398	0	0	1
178643	9945.2	4833.7	13.3	0	186.3	11662	1	743	0	0	1
178649	10254.2	3941.7	32.1	0	137.4	11662	1	195	0	0	1
178660	9969.3	4840.4	21.9	0	179.1	11663	1	373	0	0	1
178835	10076.6	4321.7	25.6	0	117.9	11676	1	153	0	0	1
179404	9598.9	4367.7	22.7	0	111.6	11718	1	133	0	0	1
179441	10402.5	4315	12.5	0	155.1	11721	1	533	0	0	1
179974	9975.8	4197.5	29.3	0	175	11750	1	390	0	0	1
180414	10406.3	4740.7	16.3	0	133.2	11772	1	358	0	0	1
180617	10228.6	4179.2	15.4	0	152.1	11782	1	410	0	0	1
180651	10172	4407.3	20.2	0	161.4	11784	1	371	0	0	1
180739	9627.1	4277.7	22.9	0	179.8	11790	1	446	0	0	1
181242	10002.8	4009.8	11.5	0	144.6	11817	1	531	0	0	1
181576	10127.3	4791.2	22.2	0	143.3	11834	1	301	0	0	1
181666	10080.5	4489.2	23.2	0	194.1	11839	1	435	0	0	1
181721	10171.6	4806.4	25.6	0	193.7	11841	1	390	0	0	1
181769	10192.6	4360.6	19.5	0	163	11844	1	391	0	0	1
181912	10058.3	4053.1	24.8	0	163.2	11851	1	348	0	0	1
181986	9689.6	4252.7	24.8	0	151.2	11855	1	261	0	0	1
182649	9609.2	4441.3	34.6	0	162.8	11890	1	203	0	0	1
182773	10203.2	4355.1	11.4	0	154	11897	1	852	0	0	1
182861	10174.3	4369.2	15.4	0	147	11901	1	574	0	0	1
182937	10189.9	4395.5	14.2	0	172.4	11904	1	730	0	0	1
183743	10043.1	4554.3	31.7	0	169	11946	1	378	0	0	1
183775	10083.9	4492.8	21.8	0	153.6	11947	1	276	0	0	1
183881	10054.4	4628.1	23	0	135.1	11952	1	175	0	0	1
183924	10248.1	3941.4	22.7	0	149.7	11955	1	387	0	0	1
184946	9819.1	4072.5	10.2	0	126.5	36	2	856	0	1	1
184958	9816.6	4145.2	12	0	116.6	39	2	479	0	0	1
185086	10055.3	4679.9	4.9	0	167.8	70	2	2586	0	0	1
185425	10149.6	4534.4	11.5	0	153.3	155	2	692	0	1	1
185544	10408.4	4335	7.9	0	149.3	183	2	1313	0	1	1
185667	10401.7	4756.5	4	0	144.6	215	2	3704	0	0	1
185747	10408.4	4759.9	3.4	0	152.1	239	4	7694	0	3	1
185801	10424.7	4747.5	6.5	0	137.3	252	3	3214	0	0	1
186231	10064.8	4512.9	6.2	0	139	342	4	2804	0	0	1
186876	10226.2	4166.6	9.7	0	141.7	498	2	993	0	2	1
186888	10215.6	4220.7	10.6	0	156.1	500	2	944	0	1	1
188303	10249.8	3953.8	8.8	0	138.9	850	2	838	0	0	1
188777	10076.9	4538.5	19.2	0	130.9	965	2	382	0	2	1
188784	10077.4	4510.1	12.1	0	135.9	966	2	435	0	0	1
189601	10396.3	4328.6	10.5	0	132.1	1147	3	809	0	0	1
189845	9674.7	4642.7	11.8	0	142	1217	2	588	0	0	1
190083	9996.3	4084.5	9.7	0	158	1281	2	978	0	0	1
190448	10423.4	4632.5	5.2	0	155.8	1365	5	2289	0	3	1
191313	10055.3	4514.5	9.1	0	135.8	1570	2	656	0	0	1
191666	9803.6	4126.7	10.9	0	112.2	1655	2	524	0	2	1
193219	10404.3	4673	11.8	0	159.3	2061	2	835	0	0	1
193398	9722.3	4569.7	6.3	0	180.8	2110	3	2594	0	2	1
193431	10069.2	4510.1	10.2	0	173.5	2122	2	924	0	0	1
193619	10080.6	4631.1	5.1	0	150.4	2166	3	4290	0	0	1
193630	10069	4633.9	4.3	0	147.6	2170	6	5217	0	1	1
193703	10065.4	4667.4	3.6	0	152.1	2189	4	4007	0	0	1
193777	9789.2	4296.7	12.6	0	165.3	2207	2	699	0	0	1
193790	9774.9	4335.3	9.4	0	148.7	2211	2	629	0	1	1
194663	10371.4	4308.8	8.3	0	140.7	2428	3	1051	0	1	1
194682	10387.2	4323.5	6.4	0	143.7	2433	8	4256	0	2	1
194697	10397.6	4350.2	7	0	154.9	2436	2	2957	0	0	1
194902	10418.2	4321.1	11.7	0	145.8	2489	2	500	0	0	1
195625	9710.8	4566.7	7.4	0	183.9	2638	3	2575	0	0	1
196039	10067.7	4688.9	9.7	0	157.5	2732	2	1070	0	2	1
196050	10076.9	4660.4	7.1	0	152.2	2736	6	1831	0	1	1
196495	10074.8	4553	9.5	0	157.4	2831	2	1439	0	0	1
196634	10131.6	4653.4	13.4	0	157	2862	2	741	0	0	1
197093	9756.7	4188.5	13.3	0	140.1	2956	2	415	0	1	1
197130	9744.7	4182.6	9.3	0	167	2963	2	1016	0	1	1
197215	9737.9	4199.1	8.7	0	146.1	2984	2	778	0	0	1
197583	9763.7	4352.9	9.7	0	142.3	3063	3	966	0	1	1
197624	10198.1	3982.4	9.3	0	165.1	3074	3	1106	0	1	1
197771	10117.4	4528.3	9.4	0	125.8	3107	2	629	0	0	1
198510	9850.8	4275.1	8.8	0	172.2	3274	4	1680	0	4	1
198733	9967.1	4350.1	15.1	0	124.4	3327	2	321	0	0	1
199415	10113.4	4531.3	6.4	0	153.9	3489	5	2570	0	0	1
199434	10081.9	4506.3	12.8	0	167.4	3494	2	880	0	1	1
199504	10061.5	4264.4	13.7	0	110.5	3509	2	389	0	0	1
200542	9769.5	4308.6	14.1	0	151.9	3770	2	613	0	0	1
200948	10075.7	4508.6	10.2	0	143.8	3862	3	927	0	0	1
201023	10426.2	4628.6	7.7	0	144	3880	6	2058	0	2	1
201074	10432.8	4605.8	8.2	0	151.2	3892	3	1296	0	3	1
201090	10442.2	4627.5	8.3	0	180	3895	2	1673	0	0	1
201132	10429.7	4622.3	10.6	0	146.5	3904	2	810	0	2	1
201136	10404.7	4638.1	9.8	0	157	3905	2	918	0	2	1
201647	10070.6	4518	17	0	175.9	4031	2	618	0	0	1
201684	10062.3	4522	5.5	0	148.3	4043	4	2078	0	1	1
201706	10069	4535.5	7.1	0	149.5	4051	2	1391	0	1	1
201836	10084.2	4508.2	7.6	0	148.4	4085	4	3525	0	2	1
201849	10073.7	4521.5	7.8	0	146.8	4088	2	1394	0	0	1
201859	10078.4	4493.5	8.8	0	149.4	4091	2	860	0	0	1
201957	9783.5	4312.9	9.1	0	160.2	4115	2	762	0	0	1
202742	10088.3	4718	13	0	156.5	4321	2	455	0	0	1
202761	10134.8	4878	9.5	0	156.9	4326	2	756	0	1	1
202795	10394.1	4340.8	9.5	0	153.1	4333	3	996	0	2	1
204155	10018.4	4054	3.9	0	169.3	4696	5	7103	0	0	1
204173	10030.2	4075.9	8.5	0	162	4702	2	1280	0	0	1
204250	10077.9	4504.2	10.1	0	141.9	4719	2	696	0	0	1
204465	9766.4	4215.8	9.9	0	173.3	4773	2	1133	0	0	1
204870	10067.9	4642.6	5.8	0	152.1	4864	2	1920	0	0	1
205160	10096.4	4522.4	11.5	0	149.1	4939	2	697	0	0	1
205196	10070.4	4650.2	4.7	0	156.7	4948	2	3087	0	0	1
205548	10493.7	4353.6	9.6	0	183.1	5032	2	1554	0	0	1
205671	10543.3	4449.6	14	0	166.2	5057	2	617	0	1	1
205778	10508.8	4350.6	8.4	0	167.1	5079	2	2015	0	0	1
205784	10521.9	4342.5	7.5	0	161.2	5081	2	1499	0	0	1
206094	10146.2	4888	13.6	0	122.3	5161	2	375	0	0	1
206109	10123.2	4902.7	9.4	0	124.1	5165	3	703	0	0	1
206292	10042.4	4647.1	8.6	0	143.3	5208	2	1025	0	0	1
206536	10058.7	4505.6	10.4	0	123.7	5267	2	594	0	0	1
206657	9944.8	4336	10.1	0	152.7	5299	2	1119	0	0	1
206903	10057.3	4507.8	8.4	0	136	5360	2	1475	0	0	1
206922	9749	4340.8	10.3	0	141.8	5365	2	828	0	0	1
207181	10034.7	4039	7.1	0	149.4	5431	5	2098	0	3	1
207455	10200.1	4188.9	6.2	0	159.9	5495	2	1699	0	0	1
207477	10081.8	4494	8.6	0	148.4	5501	3	1489	0	0	1
207676	9649.7	4639.6	12.4	0	157.9	5552	2	755	0	0	1
207965	9762.2	4316.8	11.7	0	147.1	5631	2	525	0	1	1
207995	9595.8	4326.1	9	0	176.1	5638	2	1328	0	1	1
208457	9747.9	4332.6	9.8	0	151.9	5750	2	932	0	0	1
208736	10061.1	4496.4	9.4	0	149.2	5817	3	943	0	0	1
209413	9943.3	4302.4	7.8	0	166.7	5985	2	1530	0	2	1
209415	9948	4321.7	4.4	0	155.5	5986	5	4598	0	2	1
209947	10037.4	4488.6	7.7	0	151.2	6134	2	1753	0	0	1
209970	10043.8	4531.6	5	0	150.1	6139	3	3092	0	0	1
210235	10475.8	4327.7	7.2	0	171.3	6211	3	1794	0	2	1
210343	10076.5	4624.1	11.9	0	160.1	6241	2	788	0	0	1
210492	10100.5	4507.7	8.5	0	140.6	6277	2	981	0	0	1
210929	10429.3	4768	6	0	145.5	6392	3	2539	0	0	1
211331	10084.1	4513.8	18.9	0	136.8	6490	2	484	0	0	1
211357	9741.8	4310.5	12.6	0	130.8	6496	2	428	0	0	1
211373	9753.4	4314.1	11.2	0	125.1	6498	2	414	0	0	1
211564	10014.2	4189.2	9.6	0	162.2	6540	3	1462	0	0	1
211672	10131.5	4146.5	14	0	175.8	6565	2	792	0	0	1
211850	9952	4335.7	9.9	0	170.4	6611	2	1066	0	0	1
212240	10390.9	4312.8	8.7	0	151.9	6716	2	805	0	0	1
212288	9738.6	4255.9	8.3	0	173	6726	2	2130	0	0	1
212681	10383.8	4300.1	9.8	0	166.5	6829	2	1143	0	0	1
213226	10000.2	4214.1	7.6	0	152.8	6973	2	1109	0	0	1
213552	10080.3	4519.8	6.7	0	153.2	7060	3	1572	0	0	1
213627	10108.5	4486.2	9.8	0	136.6	7080	2	550	0	0	1
213721	10104.4	4490.8	10.1	0	141.2	7103	2	576	0	2	1
213781	10087.8	4655.3	9.4	0	156.2	7118	2	978	0	0	1
213795	10078.6	4633.3	7.1	0	160.1	7120	2	1132	0	0	1
214063	10042.8	4512.9	8.6	0	164.4	7192	2	901	0	0	1
214099	10014.6	4051	7.4	0	164.3	7202	2	1243	0	0	1
214417	9736.2	4156.8	6.6	0	164.4	7280	3	1864	0	0	1
214429	9730.3	4190	10	0	161.7	7283	2	720	0	0	1
214438	9762.2	4167.6	6.6	0	165	7285	4	1581	0	0	1
214702	10145.4	4895	9.5	0	137.2	7358	2	651	0	0	1
214813	10189.4	4358	6.6	0	146.8	7386	2	1796	0	0	1
214846	10149.5	3943.9	6.5	0	151.7	7395	4	2023	0	0	1
215092	10137.4	4887.7	5.7	0	145.4	7457	2	1177	0	0	1
215168	10060	4503.1	6.8	0	153.4	7477	3	1988	0	0	1
215232	9970	4282.4	10.5	0	172.6	7490	2	1238	0	0	1
215460	10349.1	4355.7	10.1	0	159.4	7550	2	968	0	2	1
215477	10422.1	4324.9	7.5	0	143.5	7554	6	2153	0	1	1
215523	10007.1	4197	5.5	0	155	7565	2	1531	0	0	1
215540	9987.2	4217.1	15.2	0	160.1	7569	2	562	0	0	1
215600	10136.2	4903.3	7.9	0	140.6	7588	2	944	0	0	1
215702	9773	4307.9	4.6	0	154.3	7611	5	3199	0	1	1
215783	10051.4	4491.7	4.6	0	149.3	7632	6	4129	0	1	1
216093	10141.3	4887.9	5.5	0	143.3	7710	4	2604	0	0	1
216117	10118.5	4501	9.8	0	150	7719	2	610	0	2	1
216164	10142.8	4879.5	6.9	0	142.5	7730	3	1365	0	0	1
216188	10117.3	4911.7	9.9	0	146.1	7735	2	601	0	0	1
216226	10136.6	4896.1	9.1	0	140.6	7745	4	1216	0	1	1
216266	10105.3	4733.8	4.8	0	147.8	7756	4	3127	0	0	1
216295	10099.9	4480.3	9.7	0	161	7764	2	845	0	0	1
216808	10127.8	4557.5	9.6	0	144.7	7890	2	593	0	0	1
217193	10141.2	4891.3	5.8	0	146.6	8000	3	1849	0	0	1
217306	10216.8	4165.3	11	0	178.3	8035	2	936	0	0	1
217324	10204.2	4176.5	8.9	0	156.2	8042	3	991	0	0	1
217363	10136.3	4886.7	8.1	0	147	8053	3	1285	0	0	1
217413	10139.6	4902.4	7.4	0	151	8063	3	1549	0	0	1
217508	10024.3	4026.3	9.5	0	161.8	8093	2	1186	0	1	1
217918	10526.3	4416.5	10.3	0	171.2	8207	2	872	0	1	1
217940	10531.9	4398.6	12.2	0	174.5	8211	2	867	0	0	1
218001	10530.7	4425.7	11.6	0	162.6	8230	2	636	0	0	1
218122	10031.4	4041.2	6.8	0	165.9	8266	3	1895	0	1	1
218136	10026.2	4059.4	10.5	0	178.9	8270	2	1173	0	0	1
218411	10039.2	4538.2	9.1	0	129.4	8343	2	517	0	0	1
218513	9773.9	4324.5	10.1	0	153.9	8369	2	960	0	0	1
218610	9769.9	4207.9	12.2	0	162.8	8401	2	502	0	0	1
218733	9756.3	4195.4	11.8	0	155.8	8432	2	500	0	0	1
219016	10079.1	4485.6	6.7	0	150.9	8501	2	1449	0	0	1
219187	10117.5	4911.7	10.2	0	153.1	8547	2	843	0	1	1
219279	10440.7	4126.8	10.2	0	165	8572	2	875	0	2	1
219454	10079.6	4527.3	10.9	0	156.6	8618	2	703	0	0	1
219717	9787.5	4167.9	11.7	0	151.1	8698	2	489	0	2	1
219755	10407.7	4758	6.9	0	161.1	8707	3	3451	0	1	1
219783	10415.5	4752.5	5.3	0	162.9	8711	3	3427	0	0	1
219980	10205.4	4328.2	5.3	0	143.7	8765	2	1532	0	0	1
220006	10205.9	4339.5	4.8	0	144.2	8772	5	3600	0	2	1
220130	10024.9	4604.3	7.6	0	158.3	8806	3	1138	0	0	1
220278	10075.2	4519	9.8	0	161.2	8844	2	1152	0	0	1
221583	9756.9	4320.4	8.3	0	162.5	9191	2	886	0	0	1
221637	10037.6	4515.8	8.3	0	124.5	9210	3	854	0	1	1
221652	10046.4	4537.4	11.6	0	136.7	9214	2	549	0	2	1
221656	10069.2	4523.4	9.2	0	127.9	9215	3	772	0	1	1
222653	10078.8	4514.9	7.8	0	140.2	9485	3	1020	0	1	1
222662	10059.1	4534.3	9.3	0	151.1	9487	2	765	0	1	1
222888	10417.8	4621.1	9	0	159.4	9550	3	999	0	0	1
222924	10215.2	4200.7	7.2	0	165.5	9560	2	3250	0	0	1
223033	10062.6	4493.9	7.9	0	155.8	9591	3	1073	0	2	1
223039	10055.7	4514.2	8.5	0	148.8	9592	2	820	0	0	1
223603	9761.7	4315.8	11.8	0	123.2	9738	2	341	0	0	1
223815	10045.1	4506.4	6.4	0	152	9798	2	1481	0	0	1
224027	10155.4	4898.4	10.7	0	131.3	9849	2	528	0	0	1
224620	9762.2	4180	13.5	0	150.8	10007	2	496	0	0	1
224627	9745.7	4193.3	11	0	156.2	10010	2	556	0	2	1
224775	10080	4492.6	9.7	0	148.7	10048	2	832	0	1	1
225301	10114.4	4498.2	8.5	0	155.4	10194	3	1100	0	1	1
225897	10131.4	4885	3.7	0	147.9	10359	3	2769	0	0	1
226490	10459.8	4145.3	7.6	0	150.7	10537	2	1375	0	0	1
226504	10447.1	4132.2	5.1	0	151.8	10540	3	2125	0	0	1
226620	10084.1	4498	8.3	0	149.1	10568	2	1369	0	0	1
226766	10017.5	4191.2	7	0	148.2	10605	3	882	0	1	1
226910	10099.5	4496.8	5.9	0	149.6	10650	4	2956	0	0	1
227125	9672.3	4617.8	12.2	0	173.2	10721	2	740	0	1	1
227521	10118.8	4523	7.3	0	139.5	10825	3	1102	0	1	1
227724	9929.2	4807.7	8.7	0	149	10885	2	596	0	0	1
227851	10191	3975.7	9.7	0	152.5	10923	2	821	0	0	1
227860	10210.5	3958	9.3	0	147.3	10925	2	857	0	2	1
227869	10216.9	3936	10.4	0	145.2	10926	2	949	0	0	1
228050	9776	4201.7	8	0	154.3	10981	2	1383	0	0	1
228060	9758.1	4205.8	11.5	0	156.6	10983	2	602	0	0	1
228108	10096.9	4475.4	7.6	0	151.9	10996	2	991	0	0	1
228284	10416	4773	11.8	0	142.6	11046	2	540	0	1	1
228431	9972.6	4201.7	15.5	0	173.5	11088	2	690	0	0	1
228640	10435.7	4766.1	7.5	0	154.3	11146	3	2742	0	0	1
228910	9794.7	4193.1	13.5	0	175.7	11218	2	605	0	0	1
229736	9773.6	4322.8	11.1	0	161.2	11438	2	557	0	1	1
229965	10194.2	4354.2	3.9	0	147.6	11507	4	4665	0	0	1
230921	10418.1	4770.5	7.4	0	150.1	11770	2	2209	0	0	1
231430	10205.1	4359.4	5.8	0	161.7	11902	2	1452	0	0	1
Orientation 	1
ROI width 	1005
ROI height 	1005
ROI x1 	9580
ROI x2 	10585
ROI y1 	3910
ROI y2 	4915
1
