Index	X	Y	Precision	SEM	PSF	First_Frame	N_detections	Photons	Intensity	Frames_missing	Channel
638	12005.2	8813.4	12.6	0	178.3	36	1	1031	0	0	1
850	12583.7	9370.5	20.9	0	149.2	48	1	325	0	0	1
864	12607.8	9389.6	22.9	0	133.2	49	1	263	0	0	1
1097	12160.5	9046.2	28	0	167.5	63	1	396	0	0	1
1122	12070.3	9120.8	21.4	0	121.8	65	1	391	0	0	1
4256	12433.3	9275.5	19.8	0	171	265	1	509	0	0	1
5211	12736	8940.5	15.4	0	161.7	327	1	700	0	0	1
5641	12511.8	9132.7	23.5	0	164.5	355	1	799	0	0	1
6168	12854.8	8997.1	21.6	0	180.3	390	1	478	0	0	1
6314	12340.6	9441.6	25.4	0	180.9	399	1	473	0	0	1
6475	12865.3	9056.5	15.4	0	122.5	409	1	343	0	0	1
6809	12496.5	9135.8	23.7	0	138.2	431	1	267	0	0	1
7262	12449.8	8615.2	48.9	0	152	466	1	192	0	0	1
8125	12038	9041.8	7.9	0	159.4	524	1	1688	0	0	1
9845	12893.9	9075.5	12.2	0	196.1	643	1	2127	0	0	1
10016	11998.9	9242.1	21.2	0	141.2	656	1	519	0	0	1
10058	11984.5	9262.7	31.1	0	139.3	658	1	266	0	0	1
10186	12234.3	9289.7	19.7	0	168.3	667	1	493	0	0	1
10197	12210.1	9302.1	16	0	156.1	668	1	489	0	0	1
10880	12436.2	9077.7	18.8	0	172.5	714	1	575	0	0	1
10895	12472.8	9085.5	20.3	0	169.2	715	1	487	0	0	1
11321	12132.7	8976	13.5	0	161.2	746	1	2412	0	0	1
11350	12171.2	8968.3	6.3	0	146.4	748	1	2893	0	0	1
11541	12164.1	9079.3	21.1	0	198.1	762	1	1005	0	0	1
13077	11991.6	9237	30.1	0	111.8	872	1	236	0	0	1
13207	12899.9	9089.2	20	0	131.3	881	1	324	0	0	1
13861	12836	8832.2	16	0	168.5	925	1	888	0	0	1
14410	12836.8	9138.8	23.8	0	194.4	962	1	477	0	0	1
15095	12812	9066.7	17	0	193.8	1010	1	1031	0	0	1
15114	12841.2	9073.1	12.6	0	154.2	1011	1	608	0	0	1
15130	12845.1	9100.5	19.7	0	159.3	1012	1	491	0	0	1
15587	12740.6	9218.1	11.7	0	144.6	1042	1	742	0	0	1
15757	12796.7	9084.2	29.6	0	131	1052	1	194	0	0	1
16330	12800.9	8769.3	13	0	174.7	1091	1	1114	0	0	1
17172	12060.3	9061.9	19	0	156.6	1149	1	400	0	0	1
17204	12075.5	9032.5	19.9	0	148.9	1151	1	321	0	0	1
18856	12841.2	9076.8	18.9	0	164.2	1266	1	412	0	0	1
18875	12853.5	9122.9	30.9	0	150.8	1267	1	263	0	0	1
18948	12602.1	9519.5	11.9	0	196.5	1272	1	1291	0	0	1
18988	12506.3	9529.9	12	0	163.4	1275	1	745	0	0	1
19002	12475	9524.3	14.3	0	174.1	1276	1	777	0	0	1
19186	12454	9517.2	9.8	0	147	1289	1	855	0	0	1
19234	12449.1	9493.5	18.8	0	155.6	1293	1	525	0	0	1
20883	12058	9070	19.3	0	133.9	1408	1	321	0	0	1
20916	12027.9	8962	19.5	0	158.8	1410	1	417	0	0	1
20929	11968.8	8869.5	10.5	0	143.4	1411	1	666	0	0	1
21499	12486.2	9547.7	10.7	0	159.2	1453	1	820	0	0	1
21648	12454.8	9562.3	14.8	0	158.5	1463	1	728	0	0	1
21797	12444.9	9538.7	25.1	0	146.2	1473	1	263	0	0	1
22445	12466.1	9507.9	13	0	157	1519	1	681	0	0	1
22526	12862.4	9147.3	46	0	107.3	1525	1	129	0	0	1
22852	12502.8	8670.8	29.8	0	106.3	1548	1	134	0	0	1
22867	12479.5	8659	26.6	0	108.4	1549	1	134	0	0	1
24040	12030.3	9205.5	22.5	0	143.7	1629	1	338	0	0	1
24230	12010.9	9050.4	19.3	0	134.1	1644	1	353	0	0	1
24291	12615.2	8936.4	20.8	0	192.3	1648	1	446	0	0	1
24302	12611.8	8900.9	18.4	0	169.9	1649	1	524	0	0	1
24498	12466.3	9112	28.5	0	121.3	1663	1	229	0	0	1
24589	12466.7	9067.2	22.2	0	167.4	1669	1	397	0	0	1
24664	12469.1	9123.3	21.6	0	167.9	1673	1	386	0	0	1
24746	12476.5	9100.5	25.2	0	160.8	1678	1	396	0	0	1
24769	12517.7	9118.1	23.3	0	159.4	1679	1	334	0	0	1
24986	12504.3	9200.7	16.2	0	165.2	1695	1	539	0	0	1
25043	12499.5	9072.5	30.8	0	197.9	1698	1	415	0	0	1
25772	12847.6	9090.7	17.1	0	149.4	1751	1	439	0	0	1
25798	12847.6	9066.7	11.9	0	170.3	1753	1	988	0	0	1
26507	12396.7	8746.3	28.2	0	151.3	1800	1	249	0	0	1
26861	12514.1	9538.1	14.3	0	149.6	1825	1	584	0	0	1
27393	12162.2	8816.6	18.8	0	145.8	1865	1	419	0	0	1
27408	12439	9152.4	18	0	187.7	1866	1	753	0	0	1
27487	12494.9	9177.4	13.2	0	166.2	1871	1	807	0	0	1
27511	12513.9	9208.8	17.3	0	170	1872	1	536	0	0	1
27533	12466.9	9177.9	19.9	0	162.9	1873	1	668	0	0	1
27572	12162.8	8829.6	13.3	0	160.6	1876	1	943	0	0	1
27602	12188.4	8808.4	21.5	0	184.5	1878	1	632	0	0	1
27632	12346.9	8669.6	8.1	0	183	1880	1	1861	0	0	1
28243	12154.1	8778.6	18.6	0	168.7	1926	1	545	0	0	1
28404	12148.8	8826.7	35.7	0	129.3	1936	1	188	0	0	1
28490	12170.5	8799.2	15.8	0	167.4	1943	1	969	0	0	1
28582	12117.2	8808.7	11.3	0	165.6	1950	1	1006	0	0	1
28996	12154	8787.1	48.8	0	140.1	1979	1	172	0	0	1
29026	12145.7	8849	15	0	165.2	1982	1	506	0	0	1
29084	12128.5	8766	27.6	0	187.8	1986	1	447	0	0	1
29097	12136.2	8821.3	19	0	162.4	1987	1	472	0	0	1
29232	12132.1	8810.3	15.2	0	171.9	1996	1	691	0	0	1
29333	12155.9	8796	21.6	0	169.4	2003	1	527	0	0	1
29636	12152.8	8998.5	23.9	0	119.1	2027	1	205	0	0	1
29652	12191.1	8987.1	30.7	0	117.8	2029	1	205	0	0	1
29660	12150.5	8861	11.2	0	172.1	2030	1	1282	0	0	1
29683	12081.2	8849	7	0	175.5	2032	1	2116	0	0	1
29712	12169.2	8878.2	14.9	0	168	2034	1	823	0	0	1
29787	12202.8	8962.4	21.6	0	121.4	2040	1	247	0	0	1
29796	12153	8889.4	13.9	0	143.5	2041	1	533	0	0	1
29812	12171.1	8942.6	13.8	0	144.1	2042	1	418	0	0	1
29828	12177.3	8962.8	16.8	0	130.7	2043	1	360	0	0	1
29885	12178.8	8795.4	18.5	0	140.7	2048	1	314	0	0	1
29931	12112.6	8793.9	20.5	0	159.3	2051	1	464	0	0	1
29957	12145	8774.7	31.7	0	175.3	2052	1	297	0	0	1
29994	12039.2	9283.2	23.2	0	102.9	2054	1	150	0	0	1
30043	12147.9	8746.1	14.7	0	183.8	2059	1	1128	0	0	1
30199	12172.2	8804.6	23	0	177.2	2069	1	631	0	0	1
30456	12138.5	8806.7	25.5	0	161.9	2086	1	452	0	0	1
30808	12165	8790.5	23.3	0	128.6	2112	1	318	0	0	1
30822	12151.4	8770.3	21.1	0	187.4	2113	1	608	0	0	1
30836	12130.8	8817.7	16.4	0	152.9	2114	1	422	0	0	1
30959	12152.5	8831.1	27.6	0	129.3	2124	1	224	0	0	1
31078	12150	8818.8	20.7	0	153.4	2132	1	422	0	0	1
31164	12147.9	8813.6	15.6	0	156.9	2138	1	472	0	0	1
31221	12154.2	8813.1	20.4	0	151.1	2143	1	406	0	0	1
31267	12150.5	8785.6	24.8	0	130.4	2146	1	234	0	0	1
31391	12477.4	9332.8	16.3	0	149.9	2154	1	454	0	0	1
31461	12633.6	8654.7	27.4	0	155.1	2159	1	330	0	0	1
31468	12652.8	8673.4	20.1	0	120.9	2160	1	349	0	0	1
31713	12796.4	8784.7	16.3	0	152.5	2178	1	379	0	0	1
31742	12775.6	8791.7	15	0	161.9	2180	1	614	0	0	1
32093	12779	8779.8	9.6	0	153.2	2204	1	904	0	0	1
32113	12743.3	8767.6	16.4	0	162.3	2205	1	682	0	0	1
32583	12815.7	8766	17.2	0	172.9	2239	1	723	0	0	1
32716	12605.9	9316.9	25.4	0	178.8	2249	1	509	0	0	1
34377	12861.3	9058.5	15	0	143.1	2375	1	470	0	0	1
34390	12831.9	9051.1	14.7	0	169.6	2376	1	780	0	0	1
35364	12783.3	8751.1	21.7	0	160.7	2449	1	356	0	0	1
35375	12756.9	8765.1	18.7	0	167.5	2450	1	452	0	0	1
35397	12744.5	8790.4	28.2	0	149.8	2451	1	332	0	0	1
35412	12772.3	8786.5	18.1	0	164.1	2452	1	457	0	0	1
35540	12779.5	8769.9	16.7	0	152.2	2462	1	381	0	0	1
36387	12821.6	9147.4	41.4	0	197.4	2524	1	276	0	0	1
39337	12686.5	8923.2	9.3	0	171.2	2696	1	2043	0	0	1
39392	12704.1	8895.7	9.4	0	151.9	2699	1	1298	0	0	1
39445	12717	8874.5	19.2	0	159.8	2702	1	889	0	0	1
39549	12700.2	8892.9	16.6	0	147.4	2708	1	568	0	0	1
39642	12688	8831.1	23.4	0	185.5	2713	1	606	0	0	1
39658	12703.8	8860.8	11	0	178.4	2714	1	1993	0	0	1
39672	12698.5	8886.1	10.4	0	174.9	2715	1	2206	0	0	1
39758	12673.3	8644.5	32.3	0	142.1	2721	1	288	0	0	1
39800	12560.8	9070	23.9	0	191.4	2724	1	632	0	0	1
42438	12210.5	9339	21.1	0	155	2875	1	444	0	0	1
42452	12186.4	9337.1	15.8	0	147.8	2876	1	493	0	0	1
42469	12262.4	9374	24	0	194	2877	1	635	0	0	1
43115	12737.5	8837.3	30.7	0	106.5	2918	1	139	0	0	1
43295	12418.7	9328	33.8	0	108	2929	1	178	0	0	1
43690	12703.2	8840.4	37.3	0	179.4	2950	1	328	0	0	1
44112	12390.6	8562.2	14.1	0	137.8	2976	1	461	0	0	1
44982	12709.7	9273.3	26.2	0	144	3025	1	223	0	0	1
45045	12750.4	9244.3	18.7	0	148.4	3029	1	324	0	0	1
45851	12109.9	9123.8	22.2	0	170	3077	1	425	0	0	1
48721	12643.6	8882.5	24.8	0	112.4	3258	1	148	0	0	1
50650	12710.4	8894.9	21.5	0	156.8	3377	1	381	0	0	1
51581	12743.8	8999.4	30.1	0	157.1	3435	1	297	0	0	1
51738	12530.5	8610.3	27.1	0	135.7	3445	1	289	0	0	1
52418	12793.7	9231	32.2	0	120.2	3488	1	215	0	0	1
52492	12740.5	9219.3	23.9	0	124	3492	1	181	0	0	1
52531	12632.2	9235.5	21.9	0	159.7	3495	1	390	0	0	1
52547	12777.2	9207	18.9	0	121.7	3496	1	231	0	0	1
53409	12064.2	8821.8	30.9	0	148.7	3546	1	173	0	0	1
54108	12185.2	9283.6	22.7	0	171.8	3590	1	446	0	0	1
54153	12202.7	9315.7	22.6	0	159.6	3593	1	425	0	0	1
54210	12190.8	9294	22.8	0	147.1	3597	1	220	0	0	1
54221	12209	9330.3	20.5	0	154.9	3598	1	302	0	0	1
54241	12180	9269.1	23.6	0	167.8	3599	1	327	0	0	1
54266	12179.4	9299.6	24.1	0	145.1	3601	1	271	0	0	1
54840	12788.5	9034.7	25.4	0	145.5	3638	1	263	0	0	1
54924	12729.2	9011.5	32.5	0	160.6	3644	1	377	0	0	1
55209	12656	8949.8	18.1	0	189.4	3662	1	616	0	0	1
55457	12819.6	9116.4	34.5	0	194.4	3679	1	495	0	0	1
55507	12542.6	9101.5	27	0	106.2	3682	1	110	0	0	1
55590	12443.3	9154.9	37.9	0	147	3688	1	200	0	0	1
55822	12484.5	9169.6	25.3	0	165.1	3703	1	307	0	0	1
55834	12509.4	9192.3	16	0	142.8	3704	1	490	0	0	1
56712	12416.1	9112.7	33	0	178.1	3761	1	263	0	0	1
57217	12525.3	9115.5	26.4	0	145.9	3796	1	256	0	0	1
57358	12482.9	9165.9	30.8	0	150.4	3805	1	228	0	0	1
57817	12424.5	9120.1	28.8	0	196.2	3837	1	373	0	0	1
57841	12490	9132.2	30.3	0	146.4	3838	1	201	0	0	1
57857	12512.8	9141.8	27.9	0	147.2	3839	1	225	0	0	1
58625	12589.8	9346.4	24.9	0	185.2	3890	1	657	0	0	1
59577	12487.1	9139.4	31.7	0	102	3948	1	99	0	0	1
60766	12184.5	8993.6	11.2	0	158.1	4026	1	822	0	0	1
60785	12191.8	9022.7	14.6	0	171.3	4027	1	731	0	0	1
60880	12401.3	9311.1	37.8	0	111.6	4032	1	115	0	0	1
61087	12778.7	9026.6	19.2	0	198.3	4046	1	658	0	0	1
61231	12126.4	8861.2	20.9	0	150.2	4056	1	400	0	0	1
61478	12724.8	8938.8	14.4	0	182.7	4071	1	1051	0	0	1
61504	12675.5	8977.8	35.9	0	189.4	4072	1	422	0	0	1
61515	12653.7	8993.5	25.2	0	193.6	4073	1	498	0	0	1
61522	12689.6	8961.6	24.9	0	182	4074	1	474	0	0	1
61754	12385.7	9317.6	37.7	0	122.1	4090	1	182	0	0	1
61905	12403.9	9216	31.6	0	170.1	4098	1	311	0	0	1
62596	12085.2	9060.8	28.4	0	174.6	4149	1	345	0	0	1
62647	12100.7	9093.1	22.3	0	160.8	4152	1	306	0	0	1
63427	12770.5	9023.1	18.6	0	138.8	4204	1	301	0	0	1
64943	12846.2	9110.9	20.7	0	172.6	4304	1	481	0	0	1
64960	12836.3	9059.8	32.9	0	148.5	4305	1	218	0	0	1
65625	12708.8	9251.1	12.8	0	165.5	4346	1	796	0	0	1
65719	12805.7	9103.3	29.2	0	199.4	4351	1	343	0	0	1
66253	12445.4	9163.4	31.7	0	128.4	4386	1	159	0	0	1
66825	12816.8	9058.1	25.4	0	169.5	4426	1	275	0	0	1
66833	12846.4	9051	32.8	0	141.3	4427	1	202	0	0	1
68308	12687.1	8893.6	26.7	0	129.1	4532	1	154	0	0	1
71017	11991	8857.2	21.6	0	147.7	4713	1	399	0	0	1
71282	12818.5	9005.8	14.5	0	195.3	4728	1	1602	0	0	1
71584	12316.8	9422	13.8	0	153.3	4743	1	720	0	0	1
71832	12112.2	8847.7	32.7	0	143.7	4757	1	236	0	0	1
71971	12512.1	9514.3	15.6	0	171.2	4766	1	778	0	0	1
72575	12504.5	9228.4	11.3	0	159	4801	1	885	0	0	1
72592	12488.4	9204.2	14.5	0	175.5	4802	1	1057	0	0	1
72693	12490.6	9240	16.8	0	187.3	4807	1	881	0	0	1
73120	12277.8	9368.4	30.1	0	197.1	4831	1	577	0	0	1
73186	12211.8	9353.5	41.3	0	141.9	4835	1	213	0	0	1
73545	12680.4	8874.9	22.2	0	154.7	4857	1	489	0	0	1
73560	12704	8885.9	14.5	0	165.5	4858	1	716	0	0	1
74351	12192	9361	32.3	0	134.4	4903	1	214	0	0	1
74684	12157.1	8849.3	25.1	0	144.8	4922	1	297	0	0	1
75026	12206.1	9322	12.8	0	164.2	4945	1	593	0	0	1
75046	12178	9324.5	17.2	0	156.4	4946	1	516	0	0	1
75304	12834.5	8997.9	10.5	0	180.2	4962	1	1346	0	0	1
75533	12841.4	9129.5	25.5	0	147.8	4974	1	262	0	0	1
75946	12230.1	9314.3	20.8	0	149	4998	1	293	0	0	1
75994	12256.9	9301	15.3	0	171.7	5001	1	693	0	0	1
76052	12174.6	9310.6	11.5	0	162.9	5005	1	945	0	0	1
76162	12251.5	9329.1	17.9	0	179.3	5012	1	707	0	0	1
76181	12254.1	9351.1	19.3	0	194.9	5013	1	720	0	0	1
76209	12206.4	9332	14	0	159.3	5015	1	634	0	0	1
76228	12483.5	9432.2	27.5	0	186.8	5016	1	472	0	0	1
76243	12502	9460.3	25.9	0	160.2	5017	1	340	0	0	1
76256	12535.4	9535.3	30.4	0	150.5	5018	1	429	0	0	1
77261	12762.1	9049.8	30.7	0	193.1	5073	1	350	0	0	1
77438	12365.2	8796.5	22.8	0	151.4	5084	1	384	0	0	1
77475	12342.3	8763	21.9	0	162	5086	1	493	0	0	1
77497	12344.6	8790.7	15.4	0	156.9	5087	1	443	0	0	1
77559	12371.7	8732.9	26.7	0	158.3	5091	1	353	0	0	1
77893	12197	9320.3	16.8	0	175	5111	1	474	0	0	1
77898	12205.3	9296.3	12.5	0	151.7	5112	1	551	0	0	1
77974	12218	9251.4	29.8	0	192.5	5117	1	615	0	0	1
78097	12222.6	9262.1	18.5	0	163.7	5125	1	755	0	0	1
78314	12674.7	8911.3	20.3	0	108.8	5139	1	149	0	0	1
78533	12252	9335.5	28.5	0	129.5	5152	1	237	0	0	1
78570	12201.3	9306	22.1	0	145.6	5155	1	433	0	0	1
78619	12223	9302.6	13	0	150.1	5158	1	652	0	0	1
78728	12204.7	9332.5	13.2	0	158.2	5164	1	617	0	0	1
78790	12189	9277.5	17.9	0	196	5168	1	1026	0	0	1
78844	12179.6	9319.9	18	0	162.5	5171	1	492	0	0	1
78876	12218.8	9232.2	31	0	185.7	5173	1	642	0	0	1
78914	12192	9311.9	20.2	0	160.2	5175	1	411	0	0	1
78932	12221.6	9333.4	17.1	0	185.5	5176	1	574	0	0	1
79055	12170.5	9297.3	31.8	0	181.8	5183	1	474	0	0	1
79584	12837.5	9146.4	47.4	0	107.6	5213	1	117	0	0	1
79683	12468.4	9158.8	20.1	0	159.4	5219	1	311	0	0	1
79729	12455.8	9199.4	14.5	0	188.2	5222	1	1074	0	0	1
79816	12489.5	9204	11.9	0	159.4	5227	1	722	0	0	1
79869	12489.3	9286.1	18.8	0	197.5	5231	1	1198	0	0	1
79932	12523.3	9140.7	24.4	0	189	5235	1	852	0	0	1
79980	12437	9171.7	20.3	0	173.2	5238	1	786	0	0	1
80082	12470.4	9204.1	25.7	0	162.1	5244	1	275	0	0	1
81095	11983.6	8871.3	12.5	0	146.1	5312	1	663	0	0	1
81943	12829.3	9067.2	42.5	0	119.1	5362	1	129	0	0	1
82080	12175	9284.8	22.9	0	181.3	5370	1	752	0	0	1
82487	12160.6	9315	18.2	0	172	5396	1	636	0	0	1
82576	12122.2	9392.7	28.3	0	181	5401	1	410	0	0	1
82609	12186.6	9301.6	39.3	0	194.5	5403	1	339	0	0	1
83905	12118.1	9068.1	25.7	0	198.7	5483	1	485	0	0	1
85375	12781.5	8819.3	21.7	0	176.4	5576	1	382	0	0	1
85511	12432.3	9526.3	18.3	0	153.9	5585	1	453	0	0	1
85549	12451.9	9498.7	10.1	0	156	5588	1	1284	0	0	1
85937	12819.7	8831.3	27	0	174.5	5612	1	423	0	0	1
86347	12095.1	9088.3	21.6	0	199.2	5637	1	720	0	0	1
86764	12534.6	9139.2	31.8	0	169.4	5659	1	308	0	0	1
87761	12196.7	9335.9	27.7	0	175.3	5719	1	326	0	0	1
88541	12124.4	8823.5	23.5	0	145.5	5761	1	254	0	0	1
89209	12170.1	9345.5	24.4	0	161.9	5799	1	294	0	0	1
89245	12234.5	9336.5	29.3	0	165.7	5801	1	270	0	0	1
89746	12239.9	9045.5	37.5	0	162.9	5832	1	281	0	0	1
89990	12715.3	8935.7	19.1	0	197.7	5847	1	908	0	0	1
90618	12071.5	9085.4	17.3	0	156.6	5884	1	451	0	0	1
90967	12883.6	9083.7	18.3	0	128.6	5904	1	288	0	0	1
90974	12869.3	9105.7	13.9	0	141.6	5905	1	429	0	0	1
91011	12807.5	9080	19.3	0	160.8	5907	1	561	0	0	1
91218	12520.3	9516	25.4	0	144.2	5919	1	214	0	0	1
91234	12555.9	9491.6	25.2	0	155.2	5920	1	321	0	0	1
92177	12141.1	8817.6	18	0	136	5976	1	356	0	0	1
92670	12226	9298.5	16.6	0	158.6	6010	1	423	0	0	1
92672	12207.2	9316.8	12.8	0	166.6	6011	1	643	0	0	1
92716	12167.8	9291.1	33.8	0	153.5	6013	1	242	0	0	1
92799	12191.1	9329.1	28.9	0	144.9	6018	1	231	0	0	1
92808	12203.6	9273.3	22.7	0	167.6	6019	1	379	0	0	1
93166	12197.2	9319.1	24.3	0	138	6041	1	244	0	0	1
93240	12589.2	8884.7	26.8	0	192.3	6046	1	549	0	0	1
93295	12151.9	8820.8	17.9	0	160.5	6051	1	456	0	0	1
93313	12206.5	8884.7	19.3	0	186.2	6052	1	486	0	0	1
94517	12014.6	9048	28.7	0	173.8	6130	1	286	0	0	1
95138	12718.9	8889.2	14.2	0	154.4	6169	1	578	0	0	1
95202	12850.5	9101.4	22.5	0	163.5	6174	1	442	0	0	1
95748	12147.9	8681.4	15.3	0	166.3	6209	1	808	0	0	1
96029	12178.8	9320.2	29	0	149.8	6226	1	254	0	0	1
96031	12185.1	9274	24.6	0	155.2	6227	1	309	0	0	1
96070	12548.6	8600.1	12.8	0	138.7	6229	1	478	0	0	1
96158	12211	9282.4	21.1	0	127.9	6234	1	251	0	0	1
96202	12231.9	9298.1	21.6	0	152.2	6237	1	300	0	0	1
96235	12196.9	9278	22.1	0	150.9	6239	1	406	0	0	1
96963	12201.6	9285.9	16.5	0	153.9	6285	1	358	0	0	1
96993	12196.6	9332	25.5	0	180.1	6286	1	328	0	0	1
97315	12232.7	9339	27	0	161.8	6307	1	286	0	0	1
97330	12223.8	9310.2	26.2	0	149.8	6308	1	241	0	0	1
97369	12203.6	9312.8	19.9	0	178.6	6311	1	447	0	0	1
97419	12196.1	9276.7	21.7	0	162.1	6313	1	292	0	0	1
97426	12172.8	9350.1	33.4	0	155.9	6314	1	240	0	0	1
97461	12210.8	9304.1	22.4	0	129	6316	1	212	0	0	1
98507	12110	8834.5	18.7	0	195.2	6382	1	690	0	0	1
99296	12514.3	9519.5	22.5	0	148.3	6431	1	231	0	0	1
99366	12208.6	9323.5	25.6	0	130	6435	1	174	0	0	1
99409	12176.8	9336.7	21.9	0	152.5	6437	1	275	0	0	1
100497	12055.7	9243.6	38.8	0	121	6506	1	173	0	0	1
100960	12206.4	9304	31.8	0	185.1	6533	1	402	0	0	1
101110	12804.6	8812.3	29.6	0	176	6542	1	292	0	0	1
101867	12204.1	9258.6	19.5	0	187.5	6591	1	484	0	0	1
101944	12495.9	9282.1	21.2	0	153.9	6597	1	330	0	0	1
102377	12480.1	9099.4	18.5	0	175.6	6627	1	537	0	0	1
102414	12472.8	9137.7	22.9	0	167.6	6629	1	409	0	0	1
102879	12143.9	8700.4	20.4	0	149.6	6660	1	360	0	0	1
103149	12128.5	8817.1	17.8	0	190.4	6679	1	818	0	0	1
103243	12196.7	9276.9	31.8	0	165.1	6685	1	354	0	0	1
103265	12189.6	9255.9	29.5	0	169.6	6687	1	261	0	0	1
103609	12029.2	8803.8	25.4	0	173.8	6709	1	402	0	0	1
104358	12807.7	9017.1	20.6	0	165.5	6758	1	443	0	0	1
104776	12891.2	9084	12.9	0	132.4	6781	1	452	0	0	1
104871	12900.5	9103.3	32.4	0	114	6786	1	139	0	0	1
105546	12707.8	9172.5	28.7	0	191.1	6827	1	412	0	0	1
105910	12737.7	8940.7	14.7	0	183.7	6849	1	905	0	0	1
106255	12224.2	9057.6	35.8	0	164.4	6871	1	355	0	0	1
106564	12515.3	9546.9	15.8	0	163.2	6889	1	478	0	0	1
106601	12901.6	9098.9	22.3	0	168.1	6891	1	372	0	0	1
106614	12886.5	9077.9	16	0	135.7	6892	1	402	0	0	1
106845	12188.3	9292.3	25.3	0	170.4	6907	1	292	0	0	1
106866	12198.1	9338.7	23.6	0	154.3	6908	1	279	0	0	1
107120	12522.8	9479.7	26	0	168.6	6925	1	328	0	0	1
107161	12435.4	9388.2	30.6	0	117.8	6928	1	132	0	0	1
107996	12488.5	9212.2	20.1	0	189.5	6979	1	440	0	0	1
108305	12805.9	8752.6	26.2	0	156.9	6999	1	348	0	0	1
108348	12173.1	8800.2	15.3	0	189.4	7002	1	853	0	0	1
108941	12053.5	9018.6	18.3	0	156.8	7036	1	389	0	0	1
109027	12505.1	9385.3	36.1	0	186.5	7044	1	383	0	0	1
109557	12685.8	8914.4	20	0	181.3	7077	1	514	0	0	1
109571	12733.6	8872.5	16.5	0	161.7	7078	1	484	0	0	1
109879	12336.5	8943.3	31.5	0	138.7	7096	1	234	0	0	1
110000	12501	9537.3	22.3	0	154.2	7103	1	342	0	0	1
110391	12238.8	9284.5	27.8	0	158.7	7129	1	280	0	0	1
111076	12851.3	9024.4	10.8	0	187	7170	1	904	0	0	1
111138	12893	9087.3	13.9	0	153.9	7173	1	541	0	0	1
111468	12044.4	9122.6	22.1	0	184.6	7195	1	478	0	0	1
111647	12794.9	8821.1	21.1	0	163.5	7207	1	341	0	0	1
111716	12842.5	9110.4	35.5	0	102.2	7211	1	100	0	0	1
112377	12171	9236.3	26.9	0	164.2	7255	1	322	0	0	1
112765	12224.7	9317.6	30.8	0	114.6	7281	1	120	0	0	1
112775	12837.1	9151.4	24	0	113.5	7282	1	178	0	0	1
112949	12433	9180	15.4	0	161.7	7295	1	472	0	0	1
113401	12215.8	9274.7	17.4	0	156	7327	1	297	0	0	1
113424	12243	9296.5	24.7	0	162	7329	1	328	0	0	1
113455	12184.3	9306.1	17.5	0	152.3	7331	1	274	0	0	1
113487	12147.8	9304.2	23.2	0	193.9	7333	1	556	0	0	1
113506	12244.8	9309.1	22.8	0	152.8	7334	1	288	0	0	1
113541	12223.3	9309.3	21.5	0	143.5	7337	1	233	0	0	1
114504	12685.7	8875.9	21.8	0	163	7396	1	505	0	0	1
114868	12215.2	9299.9	20.2	0	137	7419	1	247	0	0	1
115227	12651	8691.7	19.3	0	156.8	7445	1	307	0	0	1
115748	12469.9	9401.2	40	0	190.4	7475	1	372	0	0	1
115767	12414.7	9196.8	33.7	0	160.5	7476	1	256	0	0	1
115947	12753.3	9201.4	17.6	0	130.2	7488	1	253	0	0	1
116647	12339.4	8762	11.9	0	167.1	7533	1	746	0	0	1
116665	12325.6	8746.5	17.9	0	152.7	7534	1	429	0	0	1
117258	12781	8812.7	13.3	0	175	7571	1	947	0	0	1
117485	12230.5	9301.4	25	0	151.8	7586	1	265	0	0	1
117499	12221.7	9262.2	26.1	0	180.9	7587	1	374	0	0	1
117890	12203.8	9315.9	20.6	0	154.8	7615	1	342	0	0	1
118011	12749.4	9223.6	11.4	0	138.8	7622	1	597	0	0	1
119455	12060.5	9038	16.9	0	178.6	7713	1	563	0	0	1
119775	12449.8	9489	13.7	0	151.2	7732	1	464	0	0	1
120309	12199.1	9318.4	25.4	0	160.3	7765	1	259	0	0	1
120331	12707.1	8883	11.7	0	143.8	7767	1	582	0	0	1
120434	12188.6	9335.8	29.1	0	156.5	7773	1	267	0	0	1
121277	12212.1	9334.2	20.4	0	153.7	7822	1	343	0	0	1
121363	12218	9303.1	21.4	0	146.3	7827	1	221	0	0	1
121382	12196.9	9323.6	23.6	0	146.9	7828	1	245	0	0	1
121553	12216.8	9339.8	28.2	0	161.1	7839	1	312	0	0	1
121651	12199.4	9343.6	26.3	0	152.4	7846	1	240	0	0	1
122099	12416.8	9364.6	33.3	0	157.8	7875	1	287	0	0	1
122372	12688.9	9466.7	27.8	0	194.7	7893	1	453	0	0	1
123172	12537.3	8914.8	10.5	0	153.6	7946	1	801	0	0	1
124325	12726.5	8782.5	32.1	0	199	8024	1	381	0	0	1
124354	12069.2	9069.1	10.7	0	158.8	8026	1	1190	0	0	1
124385	12070.9	9110.9	18.3	0	163.2	8027	1	545	0	0	1
124745	12828.1	9070.9	25.8	0	129.2	8049	1	170	0	0	1
125854	12220.7	9323.1	20	0	164.6	8120	1	370	0	0	1
125868	12233	9347	28.7	0	176.2	8121	1	357	0	0	1
125932	12214.5	9286.8	21.4	0	166.9	8125	1	530	0	0	1
125977	12185	9300.8	23.5	0	162.3	8128	1	402	0	0	1
126017	12173.7	9328	20.7	0	162.3	8130	1	346	0	0	1
126030	12157.1	9288.2	19.3	0	150.6	8131	1	330	0	0	1
126068	12161.3	9266.6	21.2	0	187.5	8132	1	599	0	0	1
126269	12468.9	9510	22.9	0	176.6	8147	1	393	0	0	1
126398	12520.8	9547.7	15.6	0	154.7	8156	1	488	0	0	1
126635	12197.4	9327.6	19.8	0	155.6	8171	1	349	0	0	1
126739	12241.6	9280.9	21.1	0	181.1	8177	1	507	0	0	1
126912	12709.4	9182.7	26.6	0	155	8189	1	302	0	0	1
127473	12504.6	9478	42.9	0	149.6	8222	1	206	0	0	1
128168	12481	9112.4	11.1	0	179.2	8271	1	1549	0	0	1
128220	12501.4	9124.1	13.6	0	195	8273	1	1247	0	0	1
128592	12711.6	8878.3	19.7	0	147	8300	1	329	0	0	1
129858	12502.5	9550.7	25.4	0	131.6	8388	1	223	0	0	1
130171	12485.2	9058.7	21.5	0	182.9	8410	1	700	0	0	1
131532	12750.7	8846.2	20.4	0	192.1	8501	1	925	0	0	1
132204	12828.8	8977.6	11.3	0	185.7	8544	1	1152	0	0	1
132309	12415	9135.4	22.4	0	167	8551	1	373	0	0	1
133743	12694.6	9251	20.9	0	178	8647	1	520	0	0	1
134073	12208.4	9358.9	23.6	0	142.4	8667	1	292	0	0	1
134079	12283	9328.2	43.1	0	171.8	8668	1	312	0	0	1
135945	12506.5	9175	33.4	0	174.1	8789	1	259	0	0	1
135980	12717.9	8914.3	18.3	0	167.4	8791	1	496	0	0	1
136607	12830.2	9069.3	44.3	0	152.1	8833	1	190	0	0	1
136902	12059.9	9028.3	27.8	0	158.8	8851	1	300	0	0	1
136961	12721.5	8905.3	10.4	0	176.8	8855	1	1332	0	0	1
137791	12693.6	8877.3	14.3	0	171.3	8912	1	631	0	0	1
138437	12307.5	9269.9	17.1	0	183.8	8950	1	550	0	0	1
138495	12482.1	9228.6	21.7	0	186.5	8953	1	385	0	0	1
138947	12521.5	9512.4	27.5	0	164	8982	1	253	0	0	1
138969	12515.5	9535.7	26.2	0	151.7	8983	1	348	0	0	1
139806	12058.4	9053.2	20.6	0	183.8	9038	1	588	0	0	1
140197	12527	9531.1	16.8	0	175	9062	1	523	0	0	1
141016	12482.7	9297.2	16	0	145.5	9118	1	525	0	0	1
141162	12481.3	9274	14.4	0	142	9128	1	387	0	0	1
141179	12485.9	9318.9	17.7	0	155.4	9129	1	405	0	0	1
142381	12191.7	9303.8	20.9	0	155.5	9211	1	349	0	0	1
142404	12250.3	9305.2	29.6	0	164.4	9212	1	346	0	0	1
142435	12202.6	9261.5	25.5	0	197.6	9214	1	566	0	0	1
142651	12227.3	9304.5	24.4	0	193.5	9228	1	471	0	0	1
142692	12187.9	9304.9	23	0	177.5	9231	1	317	0	0	1
142704	12353	8734.5	14.7	0	167	9232	1	553	0	0	1
142760	12547.5	8688.8	31.1	0	111.5	9237	1	129	0	0	1
144265	12267	9437.7	28.4	0	145.5	9332	1	212	0	0	1
144425	12220.7	9304	23.9	0	154.5	9342	1	278	0	0	1
144433	12219	9274.6	18.9	0	150.6	9343	1	310	0	0	1
144461	12238.7	9319.3	24.6	0	162.2	9344	1	308	0	0	1
144547	12199.2	9303	19.6	0	169.8	9349	1	399	0	0	1
144689	12389.9	8576.2	21.3	0	173.1	9358	1	392	0	0	1
144712	12211.1	9296	20.4	0	165.7	9360	1	416	0	0	1
144742	12239.8	9248.8	33.7	0	118.7	9362	1	156	0	0	1
145106	12670.2	8780.2	33.7	0	168.5	9386	1	350	0	0	1
146153	12345.7	9473.5	21.5	0	171.6	9456	1	328	0	0	1
146334	12215.9	9300.4	22.5	0	166.1	9470	1	348	0	0	1
147281	12477.1	9524.3	18.1	0	170.9	9527	1	473	0	0	1
147857	12251.1	9350.7	21.5	0	146.1	9566	1	244	0	0	1
148477	12922.4	9078.7	30.3	0	173.1	9607	1	299	0	0	1
148481	12902.1	9098.6	17.5	0	172.5	9608	1	619	0	0	1
148496	12877.7	9080.2	14.5	0	196	9609	1	1007	0	0	1
148600	12467.9	9285.2	23.9	0	129.7	9617	1	249	0	0	1
148642	12558.5	9235.9	45.3	0	199.8	9619	1	233	0	0	1
149144	12173.7	9070.6	32.3	0	184.5	9649	1	275	0	0	1
149486	12041.6	9094.3	9.1	0	163.1	9672	1	1493	0	0	1
149501	11991.2	9063.9	19	0	182.5	9673	1	778	0	0	1
150365	12683.2	8894.7	15.7	0	146.6	9727	1	605	0	0	1
150379	12694	8929.6	22.7	0	164.3	9728	1	434	0	0	1
150389	12676.4	8918.5	26.3	0	184.7	9729	1	342	0	0	1
150878	12704.3	8902.4	17.6	0	144.8	9761	1	392	0	0	1
151197	12074.3	9088.8	17.9	0	199.4	9781	1	860	0	0	1
152232	11995.7	8997.1	26.4	0	150	9849	1	206	0	0	1
152791	12354.1	8576.5	33.8	0	160.7	9887	1	212	0	0	1
153077	12663	8665.2	16.5	0	152	9906	1	485	0	0	1
153327	12150.6	8684.9	15.7	0	165.5	9922	1	705	0	0	1
154093	12904.9	9076.3	17.5	0	142.4	9974	1	397	0	0	1
155329	12522.1	8581.8	19.6	0	162.5	10059	1	526	0	0	1
155418	12599.6	8604.6	12	0	169.5	10064	1	1127	0	0	1
155909	12472.4	9288.1	12.7	0	149.1	10102	1	552	0	0	1
157752	12044.9	9072.4	12	0	150.7	10230	1	582	0	0	1
157764	12023	9048.2	19.1	0	157.4	10231	1	464	0	0	1
158298	12454.8	9296.6	20.2	0	149.7	10266	1	356	0	0	1
158309	12541.1	9322.3	36.9	0	119.4	10267	1	129	0	0	1
158454	12169.8	9302.6	29.7	0	191.9	10276	1	392	0	0	1
158511	12230.6	9355.9	30.1	0	169.8	10279	1	366	0	0	1
158560	12207.9	9276	24.2	0	166.4	10282	1	371	0	0	1
158673	12257.7	9303.3	17.5	0	134.3	10288	1	299	0	0	1
158688	12235.4	9315.6	21.6	0	145.9	10289	1	300	0	0	1
160101	12504.7	9507.9	18.4	0	159	10381	1	408	0	0	1
160114	12506	9533	23.6	0	160.2	10382	1	327	0	0	1
160403	12784.7	8783.3	31.7	0	151.1	10404	1	188	0	0	1
160904	12363.3	8768.8	17.9	0	152.1	10440	1	443	0	0	1
160957	12041.4	9087.8	34.2	0	184.2	10444	1	329	0	0	1
161280	12462.8	9542.3	20.5	0	153	10466	1	436	0	0	1
161284	12472.9	9502.7	16.5	0	138.7	10467	1	413	0	0	1
161296	12449.7	9516	26.9	0	142.7	10468	1	263	0	0	1
161364	12418.9	9478.5	12.6	0	185.3	10472	1	789	0	0	1
161715	12161.7	8938.5	24	0	166.9	10498	1	424	0	0	1
161754	12182.6	9024.2	18.3	0	164.3	10500	1	483	0	0	1
161777	12178.9	9244.1	31	0	193.9	10502	1	546	0	0	1
161818	12224.8	9093.5	23.9	0	186.3	10505	1	511	0	0	1
161858	12165.1	9188.8	24.9	0	197.4	10507	1	552	0	0	1
161924	12552.2	8906.8	15.4	0	155.6	10512	1	348	0	0	1
161935	12525.2	8922.8	18.7	0	156.8	10513	1	383	0	0	1
161958	12529	8897.6	17	0	139.6	10514	1	300	0	0	1
161973	12508	8909.6	28.4	0	162.6	10515	1	278	0	0	1
162319	12459.5	8582.4	24.8	0	150	10539	1	267	0	0	1
162701	12202.7	9296.3	17.2	0	145.9	10565	1	419	0	0	1
162754	12233.5	9339.8	25.2	0	174.8	10569	1	323	0	0	1
162781	12177.6	9315.8	18	0	161.2	10571	1	343	0	0	1
162866	12214	9290.2	18.4	0	153.6	10576	1	348	0	0	1
162913	12248.2	9297.7	25.6	0	172	10579	1	378	0	0	1
162956	12268.5	9299.3	22	0	162.6	10582	1	415	0	0	1
163017	12229.3	9271.7	23.5	0	170.4	10586	1	390	0	0	1
163223	12198.9	9258.4	19.8	0	184.5	10601	1	544	0	0	1
163239	12221.8	9281.8	20.9	0	145.3	10602	1	355	0	0	1
163818	12704.7	8829.3	12	0	193.4	10640	1	1273	0	0	1
164283	12188.7	8991.8	19.6	0	143.8	10674	1	308	0	0	1
164323	12229.5	9025	23.6	0	144.1	10676	1	313	0	0	1
164341	12218.9	8955.9	22.9	0	168.1	10678	1	477	0	0	1
164378	12162	8957	22.6	0	138.7	10680	1	335	0	0	1
165365	12749	9226.5	17.3	0	146.6	10744	1	389	0	0	1
165495	12564.3	9498.6	19.1	0	189.8	10754	1	685	0	0	1
165534	12558	8663.4	22.9	0	140.2	10756	1	222	0	0	1
166897	12499.1	9234.6	25.1	0	148.5	10849	1	174	0	0	1
167661	12875.9	9101.1	21	0	140.6	10899	1	429	0	0	1
167919	12051.5	9070	34.1	0	154	10915	1	189	0	0	1
168158	12167.5	9295.4	25.3	0	171.3	10931	1	534	0	0	1
168259	12544.5	9518.6	14.4	0	166	10939	1	545	0	0	1
168367	12191.6	9289.1	26	0	142.6	10946	1	252	0	0	1
169016	12551.4	9525	25.4	0	133.4	10989	1	168	0	0	1
169026	12521	9550.9	24.7	0	157.1	10990	1	318	0	0	1
170829	12125.6	9174.8	37.8	0	100.3	11119	1	89	0	0	1
171720	12765.8	8911.6	18.9	0	153.2	11177	1	375	0	0	1
171740	12737.5	8907.1	22.1	0	146.2	11178	1	389	0	0	1
171758	12694.7	8873.2	21.8	0	135.9	11179	1	298	0	0	1
172194	12525.4	9534.9	15.1	0	151.3	11210	1	424	0	0	1
172568	12060.5	9046.7	24.1	0	134.3	11236	1	223	0	0	1
172642	12093.7	9056.9	25.8	0	183.7	11240	1	385	0	0	1
172649	12083.6	9097.4	20.2	0	140	11241	1	314	0	0	1
173399	12108.3	9389.3	17.5	0	159.6	11296	1	445	0	0	1
173639	12677.9	8825.7	14.8	0	166	11312	1	726	0	0	1
173663	12657.6	8832.3	13.1	0	164.6	11314	1	797	0	0	1
173694	12163.6	8968.5	24.4	0	143.7	11316	1	249	0	0	1
176315	12718.1	9204.5	24.6	0	139.1	11493	1	210	0	0	1
176338	12754.5	9236.5	13.4	0	133.9	11494	1	422	0	0	1
176479	12081.7	8862.2	22.6	0	192.2	11505	1	658	0	0	1
177435	12787.7	8798.7	21.5	0	155.2	11574	1	267	0	0	1
177492	12784.4	8897.5	21.9	0	190.3	11577	1	679	0	0	1
177497	12774.5	8820.4	21	0	167.6	11578	1	477	0	0	1
177643	12702.3	8921.4	17.6	0	162.3	11587	1	430	0	0	1
178525	12689.6	8881.7	25.5	0	134.6	11653	1	196	0	0	1
178950	12245.4	9068.5	20.3	0	169.8	11685	1	474	0	0	1
179198	12828.4	9047.7	18.8	0	138.9	11704	1	303	0	0	1
179457	12904.5	9115	21.5	0	135	11722	1	285	0	0	1
179807	12061.7	9069.5	21.3	0	132	11742	1	231	0	0	1
180940	12746.5	8936.9	8.9	0	165.8	11800	1	1031	0	0	1
181396	12461.8	9227.5	30.4	0	128.9	11825	1	165	0	0	1
181530	12796.9	9031.2	18.9	0	133	11831	1	256	0	0	1
181832	12697.8	9258.8	21.2	0	152.6	11847	1	360	0	0	1
182206	12385.8	8777.4	35.1	0	163.7	11867	1	236	0	0	1
184016	12473.2	9522.5	17.3	0	152.3	11960	1	394	0	0	1
184725	12297.8	9501.3	24.3	0	129.7	11997	1	186	0	0	1
184761	12066.2	9073.2	23.2	0	160.7	11998	1	284	0	0	1
186404	12840.8	9047.3	10.4	0	158.2	388	2	1187	0	0	1
186757	12316.2	9538	11.4	0	170.2	473	2	1098	0	0	1
186971	12060.8	9078.3	6.6	0	139.9	521	3	2086	0	0	1
187539	11968.3	9226.6	12.6	0	136.4	655	2	710	0	1	1
188684	12468.1	9524.4	14.3	0	141.7	946	2	418	0	0	1
189323	12817.2	8762	10.2	0	174.4	1089	2	1283	0	0	1
190070	12493.9	9533	6.9	0	171.7	1277	5	3662	0	0	1
190103	12464.9	9496.2	4.6	0	160.2	1286	5	4086	0	2	1
190821	12503.1	9523.9	5	0	166.9	1454	2	2926	0	0	1
190836	12517.6	9535.7	5.5	0	172.7	1457	2	2854	0	0	1
190844	12497.4	9543.1	5.6	0	159.7	1459	3	3361	0	0	1
190874	12509	9534.9	8.9	0	163.1	1465	2	1507	0	0	1
191047	12890.9	9077.2	5.9	0	155.6	1510	3	1946	0	0	1
191102	12466.3	9528.1	6.6	0	153.1	1520	2	1492	0	0	1
191818	12476.7	9188.4	7.8	0	154.4	1693	3	1394	0	1	1
192046	12868.9	9082.2	5.2	0	177.4	1752	3	4823	0	2	1
192225	12365.4	8765	5.2	0	141.8	1801	4	3015	0	0	1
192314	12499.7	9553.9	9	0	158.3	1824	3	1327	0	1	1
192437	12149.8	8811.1	8.6	0	149.4	1857	3	1692	0	0	1
192534	12375.8	8571.3	5.6	0	164.6	1881	2	2562	0	1	1
192576	12151.9	8820.1	7.1	0	168.7	1891	2	1851	0	0	1
192590	12134.4	8816.5	6.5	0	163.2	1893	3	2464	0	0	1
192734	12154.1	8804.6	8.2	0	166.7	1937	2	1403	0	0	1
192744	12137.9	8806.7	7.1	0	170	1941	4	2396	0	1	1
192792	12143.2	8812.2	7	0	169.4	1951	3	2168	0	0	1
192892	12142.9	8818.3	7.6	0	176.9	1978	2	1534	0	2	1
192945	12153.8	8806.1	8.7	0	146.2	1995	2	861	0	1	1
193110	12140.5	8886.9	8	0	173.4	2036	2	1771	0	0	1
193117	12153.2	8940.6	10.8	0	167.9	2038	2	1261	0	0	1
193143	12166.3	8869.2	6.6	0	168.8	2044	2	1801	0	0	1
193224	12142.7	8792.3	7.7	0	162.3	2062	3	2016	0	2	1
193673	12731.3	8786.9	10.1	0	153.1	2181	2	1559	0	0	1
193683	12768.6	8777	5.6	0	158.8	2183	4	2856	0	0	1
193699	12757.7	8807	5.2	0	167.2	2187	3	3650	0	1	1
193712	12761.1	8782.2	4.7	0	151.5	2191	3	2951	0	0	1
194799	12778.7	8784.5	9.2	0	155.8	2463	2	1138	0	0	1
196792	12825.2	9051.5	13	0	168.3	2893	2	754	0	0	1
199425	12582.1	9274.7	12.3	0	179.5	3493	2	833	0	0	1
199647	12000.8	8865.3	11.3	0	127.1	3547	2	402	0	1	1
200011	12798.3	9005.8	9.5	0	179.6	3640	2	1658	0	0	1
200095	12580.8	9039.3	14.9	0	148	3661	2	402	0	1	1
200286	12513.5	9241.1	11.5	0	165.7	3707	2	843	0	0	1
200594	12490.4	9137.8	11	0	146.4	3781	3	617	0	2	1
201845	12351.9	9352.8	14.6	0	127.3	4088	2	413	0	0	1
202862	12675.9	9227.2	7.6	0	180.7	4347	2	1651	0	0	1
203200	12825.1	9100.1	11.9	0	140.4	4437	2	471	0	1	1
204431	12524.6	9525.9	7.4	0	165.6	4764	2	2421	0	0	1
204572	12541.3	9200.6	10.1	0	187.5	4798	2	1815	0	0	1
205139	12257.5	9310.4	12.3	0	162.5	4933	2	890	0	2	1
205147	12232.9	9312.4	9.7	0	161.6	4935	2	1203	0	1	1
205178	12197.2	9297.2	11.1	0	170.9	4943	2	904	0	0	1
205390	12196.4	9339.4	11.5	0	166.6	4999	2	1471	0	2	1
205416	12205.6	9319	8.8	0	152.8	5004	2	1788	0	1	1
205496	12508.1	9507	14.9	0	147.1	5021	2	639	0	0	1
205917	12219.7	9283.9	11.3	0	156.2	5118	2	1075	0	0	1
205933	12232.4	9294.4	7.5	0	160.9	5121	3	2293	0	3	1
206093	12211.5	9311.7	5.8	0	163.2	5160	4	3597	0	0	1
206116	12201.4	9301.3	8.4	0	180.8	5166	3	2784	0	4	1
206127	12224.8	9334.8	8.8	0	178.4	5167	2	1489	0	2	1
206162	12222.2	9316.4	8.6	0	165.6	5177	2	1314	0	1	1
206183	12190.2	9296.2	9.5	0	163.7	5180	2	1516	0	1	1
206359	12509.1	9190	6.2	0	165.4	5223	2	1990	0	2	1
206362	12483.5	9190.6	6.7	0	173.4	5224	2	1863	0	0	1
206405	12474.2	9187.3	6.6	0	165.3	5233	3	1941	0	2	1
206680	12500	9534.6	10.2	0	173.4	5307	2	1300	0	0	1
206917	12219.7	9304.7	7.6	0	159.6	5364	5	3410	0	1	1
207048	12221.9	9308.1	10.3	0	143.2	5399	2	807	0	0	1
207649	12443.9	9192.5	6.8	0	154	5546	2	1427	0	0	1
207794	12460.9	9507.7	7.2	0	160.6	5586	2	3143	0	0	1
208058	12467.7	9170.3	12.6	0	174.3	5654	2	726	0	0	1
208488	12170.9	8689.6	5.5	0	181.6	5755	3	5630	0	0	1
209114	12845.3	9091.1	9.7	0	172.1	5908	2	1943	0	0	1
209779	12820.5	9109.2	16.3	0	183.9	6081	2	817	0	1	1
210065	12225.1	9302.4	14.7	0	175.4	6165	2	764	0	0	1
210084	12702.3	8882.2	7.6	0	173.9	6170	3	2204	0	0	1
210450	12372.1	8750.6	12.2	0	138.9	6267	2	442	0	0	1
211038	12020.3	9068.2	9.1	0	173.1	6420	2	1163	0	0	1
212506	12910.8	9069.9	6.7	0	134.2	6782	3	1339	0	0	1
212712	12833.5	9095.9	7.4	0	183.1	6838	2	1802	0	0	1
213449	12046.7	9019.8	8	0	156.5	7033	3	3303	0	0	1
213958	12908.8	9075.6	6.4	0	151.2	7162	5	2369	0	0	1
213980	12903.4	9070.6	9.1	0	130.3	7167	2	921	0	1	1
214064	12069.2	9075.5	9.2	0	135.9	7193	3	843	0	1	1
214586	12212.6	9312.1	11.1	0	155.3	7326	3	850	0	2	1
214622	12359.7	9315.3	10.1	0	176.7	7335	2	947	0	0	1
214775	12750.6	9219	6.8	0	152.9	7374	2	1615	0	0	1
215709	12171.2	9323.6	12.9	0	157.1	7613	2	517	0	0	1
215719	12226.5	9321.4	11.4	0	146.9	7616	2	534	0	2	1
216640	12201.2	9317.3	13.9	0	158.9	7845	2	597	0	1	1
216717	12220	9301.5	11.3	0	149	7866	2	485	0	0	1
217058	12882.8	8885.6	5.7	0	194.8	7956	2	3100	0	0	1
217150	12662.9	8680.3	7	0	147.9	7984	3	2001	0	0	1
217607	12197.2	9331.3	7.7	0	160.2	8122	4	1474	0	2	1
218525	12435.6	9187.3	14.5	0	157.7	8374	2	500	0	0	1
218967	12727.7	8877.2	8.9	0	159.2	8489	2	1022	0	0	1
219311	12479.3	9532.5	3.8	0	154.2	8578	4	5079	0	2	1
219621	12237.3	9284.5	12.1	0	147.9	8666	2	612	0	2	1
219711	12489.4	9284.5	11.7	0	138.5	8697	2	461	0	2	1
219718	12487.9	9318.2	7.1	0	149.9	8698	2	1864	0	0	1
219801	11985.7	8856.6	9	0	163.1	8716	2	1013	0	2	1
220541	12702.1	8861.7	9.4	0	160.9	8910	2	1401	0	0	1
220693	12219.5	9290.5	7.6	0	167.9	8946	4	1669	0	0	1
221303	12479.7	9311.6	6.5	0	152.3	9111	2	1282	0	0	1
221661	12158.6	9299.9	13.3	0	160.2	9216	2	698	0	0	1
221685	12230.3	9326.3	12.5	0	182.9	9221	2	1120	0	0	1
221694	12221.5	9286.4	7	0	170.2	9223	5	1951	0	2	1
221786	12387.2	8562.8	13.6	0	150	9247	2	589	0	0	1
221809	12069.4	9059.2	4.2	0	182.1	9255	4	7299	0	1	1
222121	12186.1	9295	10.9	0	155.4	9345	3	914	0	0	1
224795	12548.7	8623.3	3.4	0	138.8	10054	5	4731	0	0	1
224831	12555.4	8606.5	6.1	0	140.4	10063	3	2433	0	1	1
225029	12693.6	8879	10.2	0	176.4	10116	2	1165	0	0	1
225041	12679.4	8920	9.6	0	175.7	10118	2	1374	0	1	1
225467	12048.5	9049.1	10.9	0	140.1	10232	2	540	0	0	1
225593	12185.9	9287.3	12.5	0	151	10271	2	678	0	2	1
225596	12202.7	9318.3	9	0	153.4	10272	3	1047	0	1	1
225613	12210.6	9307.9	8	0	164.3	10277	4	1521	0	1	1
225638	12210.2	9284	8.1	0	150.2	10283	5	1641	0	6	1
225640	12184.5	9280.1	11	0	153.3	10284	2	722	0	0	1
225668	12214.3	9314.9	9.7	0	157.4	10291	2	679	0	0	1
226091	12713.7	8909.5	10.4	0	165	10416	2	953	0	0	1
226597	12191.2	9312.7	9.9	0	162.3	10563	2	727	0	0	1
226614	12212.8	9318.6	7	0	159.7	10567	7	2581	0	5	1
226669	12221.3	9310.4	6.5	0	166	10580	2	1571	0	0	1
226681	12219	9294.7	8	0	159.9	10583	3	1142	0	0	1
226708	12197.1	9308.4	12.6	0	166.4	10589	2	698	0	0	1
226745	12201.2	9306.5	8.1	0	160.6	10599	4	1628	0	2	1
226881	12682.9	8844.9	6.6	0	172.1	10641	3	2616	0	0	1
227120	12529.9	9552.1	9	0	151.1	10720	2	833	0	0	1
227253	12551.3	8625.9	3.5	0	142.9	10757	5	5398	0	1	1
227533	12737.7	9230.5	5.3	0	148.1	10830	3	2732	0	0	1
227619	12915.4	9072.9	11.2	0	159.8	10854	2	837	0	0	1
227688	12153.6	8996.7	12.3	0	162.2	10875	2	509	0	0	1
227735	12526.8	9551.8	12.4	0	141	10888	2	657	0	0	1
227755	12903.5	9097.7	5.9	0	139.5	10895	6	2759	0	4	1
227821	12043.7	9030.8	6.1	0	166.3	10916	2	3122	0	0	1
227892	12177.5	9275.4	10.4	0	181.8	10932	3	1314	0	2	1
227896	12193.8	9301.7	10.5	0	143.7	10933	2	617	0	0	1
227911	12520.3	9516.4	9.9	0	175.1	10940	2	908	0	0	1
227923	12203.9	9308.2	7.6	0	148.4	10945	6	1898	0	3	1
227967	12202	9309.7	12	0	151.7	10957	2	645	0	1	1
227968	12235.3	9316.7	11.2	0	144.1	10958	2	494	0	1	1
228337	12457.6	9204.3	5.7	0	159.1	11064	3	1982	0	0	1
228787	12193.3	8978.3	6.9	0	131.4	11184	3	1180	0	2	1
228792	12215.8	8989.5	8.7	0	136.4	11186	2	810	0	0	1
228998	12523.5	9545.8	8.5	0	143.8	11242	2	684	0	0	1
229209	12084.2	9383.5	8.8	0	155.8	11294	3	1153	0	1	1
229269	12682.8	8858.8	6.9	0	187.4	11310	3	2498	0	1	1
229803	12767.5	9205.4	9.9	0	153.7	11457	2	1019	0	2	1
229809	12758.2	9228.6	11	0	139	11458	2	674	0	2	1
230352	12735	8869.3	7.5	0	128.3	11611	3	1163	0	0	1
230930	12731.9	8873.8	13	0	154.8	11772	2	784	0	0	1
231045	12715.8	8886.1	6.5	0	152.5	11801	2	2132	0	2	1
231292	12843.5	8803.1	8.3	0	143.2	11865	2	988	0	0	1
Orientation 	1
ROI width 	1005
ROI height 	1005
ROI x1 	11920
ROI x2 	12925
ROI y1 	8560
ROI y2 	9565
1
