Index	X	Y	Precision	SEM	PSF	First_Frame	N_detections	Photons	Intensity	Frames_missing	Channel
39	12368.4	8116.8	15.3	0	159.1	2	1	999	0	0	1
202	11910.3	8221.8	26.4	0	130.4	11	1	322	0	0	1
245	11933.1	8223.2	25.9	0	178.1	13	1	465	0	0	1
1131	12266.2	8273.8	9.4	0	157.4	66	1	2325	0	0	1
1257	12270.3	8268.7	9.6	0	159.6	73	1	1842	0	0	1
1430	12239.4	8287.5	12.7	0	143	83	1	665	0	0	1
1518	12257.6	8268.2	5.6	0	159.7	90	1	3756	0	0	1
1563	12312.6	8239.1	6.4	0	162.9	93	1	4035	0	0	1
1791	12235.8	8300.2	23.8	0	173.7	107	1	573	0	0	1
2060	12232.4	8334.7	19.3	0	162.3	123	1	588	0	0	1
2138	12273.4	8243.3	28.7	0	159.3	128	1	409	0	0	1
2338	12320.9	8239.4	18.1	0	162.2	142	1	491	0	0	1
2400	12323.4	8178.3	19.7	0	155.5	147	1	413	0	0	1
2440	12259.3	8260.9	24.2	0	138.6	150	1	331	0	0	1
2549	12280.9	8258.6	24.9	0	152.2	157	1	465	0	0	1
2561	12276	8318.2	24.3	0	156.1	158	1	597	0	0	1
2583	12269.5	8389.4	34.8	0	199.1	159	1	879	0	0	1
2627	12254.3	8298.3	14	0	155.3	162	1	606	0	0	1
2651	12203.3	8261.6	21	0	177.4	163	1	604	0	0	1
2686	12361.7	8300.8	21.2	0	160.4	166	1	674	0	0	1
2735	12317.7	8311.9	24.5	0	146.6	168	1	325	0	0	1
2787	12341.8	8315.6	28.7	0	152.1	171	1	344	0	0	1
2808	12372.5	8338.7	23.6	0	143.5	172	1	317	0	0	1
2823	12305.5	8324.3	18.6	0	151.7	173	1	377	0	0	1
2856	12591.6	8282.4	23.5	0	147.2	175	1	319	0	0	1
2948	12394.1	8146.9	10.8	0	167	182	1	910	0	0	1
2960	12411.6	8130.7	8.3	0	160.8	183	1	1554	0	0	1
3319	12407.9	8214.1	15.7	0	188.7	205	1	981	0	0	1
3360	12406.3	8192.7	13.3	0	188.9	208	1	1254	0	0	1
3795	12383.3	8155.8	27.6	0	166.2	235	1	383	0	0	1
4254	11944.6	8297.9	47.7	0	174.8	265	1	431	0	0	1
4805	12404.3	8248.4	11.7	0	177.9	302	1	1372	0	0	1
4928	12330.7	8266.2	20	0	164.4	309	1	441	0	0	1
5503	12304.4	8356.2	23.6	0	186.3	346	1	810	0	0	1
6015	12345.7	8243.4	31.1	0	174.4	380	1	452	0	0	1
6076	12337.6	8213.4	30.4	0	142.1	384	1	270	0	0	1
6582	12288.9	8303.7	18	0	148.2	416	1	452	0	0	1
6605	12273.4	8358.1	28.8	0	174.9	417	1	434	0	0	1
7177	12283.7	8291.3	17.7	0	167.8	460	1	601	0	0	1
7196	12273.1	8321.4	23.4	0	173.7	461	1	468	0	0	1
7208	12259.9	8286.1	13.5	0	154.8	462	1	507	0	0	1
7262	12449.8	8615.2	48.9	0	152	466	1	192	0	0	1
7764	11970.4	8251.3	37	0	151.4	500	1	308	0	0	1
8488	12270	8287.3	22	0	127.9	548	1	225	0	0	1
8497	12276.3	8322	18.9	0	149.3	549	1	458	0	0	1
8515	12290	8291.3	14.4	0	155.5	550	1	522	0	0	1
8786	12341.7	8245.4	7.3	0	162	570	1	1650	0	0	1
8869	12344.6	8246.5	9	0	152.6	577	1	1234	0	0	1
8968	12349.6	8252	12.5	0	147.7	583	1	606	0	0	1
9042	12389.4	8227.5	17.8	0	158.1	588	1	785	0	0	1
9296	12398	8232.1	24.3	0	160	605	1	377	0	0	1
9311	12370.2	8228	22.8	0	162	606	1	376	0	0	1
9960	12326.3	8317.2	22.8	0	132.8	652	1	285	0	0	1
9973	12289.8	8299.1	12.3	0	155.4	653	1	730	0	0	1
9987	12250.6	8306	16	0	140.6	654	1	491	0	0	1
10256	12276.8	8330.2	17.2	0	145.3	672	1	495	0	0	1
10293	12286	8417.1	26.2	0	169.6	674	1	487	0	0	1
10363	12291.9	8387.5	25.1	0	183.3	678	1	446	0	0	1
10377	12298.6	8434	25.6	0	197.7	679	1	551	0	0	1
10449	12271.7	8413.7	23.6	0	174	683	1	589	0	0	1
10463	12303	8390.4	22.9	0	152.5	684	1	492	0	0	1
10564	12304.4	8412.8	28.9	0	171.9	691	1	433	0	0	1
10572	12308.5	8390.4	20	0	143	692	1	344	0	0	1
10655	12289.4	8374.4	24	0	177.5	698	1	494	0	0	1
10670	12264.5	8364.8	22.9	0	173.7	699	1	461	0	0	1
11017	12320.9	8302.7	23.5	0	167.8	723	1	754	0	0	1
11042	12370	8231.9	15.1	0	156.2	725	1	1174	0	0	1
11055	12338.2	8272.3	14.9	0	185.3	726	1	1699	0	0	1
11131	12352.2	8303.4	23.6	0	187.4	731	1	704	0	0	1
11599	12349.8	8022.4	25.6	0	177.4	766	1	608	0	0	1
11610	12332.2	7967.1	18.2	0	161.5	767	1	754	0	0	1
11700	12386.4	8035.8	29.7	0	171.2	775	1	393	0	0	1
11713	12364	7937.8	20.7	0	165.9	776	1	328	0	0	1
11727	12347.5	7975.8	26.6	0	170.6	777	1	426	0	0	1
11950	12014.2	7865.1	25.2	0	155.2	791	1	327	0	0	1
11978	12001.6	7822	23.3	0	130.1	794	1	294	0	0	1
12035	11978.4	7910	23.5	0	139.3	798	1	382	0	0	1
12223	12183.8	8233.1	9.5	0	140.6	811	1	858	0	0	1
12244	12197.6	8179.9	17.6	0	166.9	812	1	846	0	0	1
12256	12193.9	8214.4	7.3	0	162.9	813	1	1509	0	0	1
12398	12216.7	8272.7	19.8	0	176.5	821	1	538	0	0	1
12492	11993.8	8292	20.1	0	120	827	1	233	0	0	1
12569	12385.5	8169.2	19.6	0	146.1	833	1	342	0	0	1
12583	12377.9	8209.8	16	0	166.7	834	1	477	0	0	1
12653	12173.7	8305.6	22.1	0	193.3	840	1	898	0	0	1
12663	12287	8282.1	10.6	0	160.3	841	1	1038	0	0	1
12677	12355.8	8248.7	16.8	0	147.2	842	1	626	0	0	1
13732	12090.2	8617.8	21.4	0	146.6	914	1	250	0	0	1
14018	12366.3	8188.7	19.8	0	142.8	936	1	314	0	0	1
14764	12378	8213.3	26.1	0	176.3	988	1	485	0	0	1
14774	12392.2	8231.5	13.1	0	153.1	989	1	670	0	0	1
14792	12343.2	8316.2	39	0	178.1	990	1	404	0	0	1
15159	12317.2	8124.5	35.9	0	162.3	1013	1	300	0	0	1
15181	12343.1	8173.4	19.1	0	181.7	1015	1	631	0	0	1
15617	11959.4	7865.1	19.2	0	163.5	1044	1	387	0	0	1
15747	12204.5	8286.2	24	0	165.1	1052	1	481	0	0	1
15784	12226.7	8244.2	24.4	0	148	1054	1	315	0	0	1
15797	12230.4	8318.9	19.8	0	137	1055	1	385	0	0	1
15877	12267.4	8265.1	23.1	0	158.2	1060	1	396	0	0	1
15927	12280.1	8213.1	30.4	0	164.6	1064	1	424	0	0	1
15938	11955.5	7888.2	33.2	0	167.9	1065	1	284	0	0	1
17052	12266.1	8270.7	9.6	0	156.2	1141	1	906	0	0	1
17175	12340.2	7881.3	20.6	0	153.6	1149	1	350	0	0	1
17308	11870.8	8270.3	32.2	0	107.7	1158	1	149	0	0	1
17703	12360.3	8231.2	22.6	0	128.7	1184	1	157	0	0	1
17707	12341.4	8163.4	22.9	0	145.2	1185	1	318	0	0	1
17728	12353.5	8182.3	18.3	0	159.3	1186	1	379	0	0	1
17749	12263.1	8307.5	13.9	0	156.1	1188	1	809	0	0	1
18077	12707.6	8213.3	20.7	0	169.6	1214	1	651	0	0	1
18246	12298.2	8312.6	26	0	154	1225	1	333	0	0	1
18920	12330.5	8255.7	15.8	0	166	1270	1	572	0	0	1
18939	12376.5	8262.5	17	0	151.9	1271	1	323	0	0	1
20010	12703.8	8164.7	16.4	0	174.6	1348	1	1321	0	0	1
20474	12245.6	8297.9	19.1	0	161.9	1380	1	374	0	0	1
20511	12259	8281.7	18.1	0	141.3	1383	1	313	0	0	1
20564	12288.7	8314.1	26.1	0	170.2	1386	1	339	0	0	1
20695	12273.5	8316.1	13.4	0	147.5	1396	1	454	0	0	1
20710	12294.1	8274.9	13.8	0	148.7	1397	1	509	0	0	1
20757	12271	8283.3	18.6	0	151.6	1400	1	397	0	0	1
20968	12339.7	8300.9	28.5	0	116.5	1413	1	148	0	0	1
21629	12294.5	8346.5	12.8	0	171.1	1462	1	914	0	0	1
21699	12396.4	8211.7	14.3	0	188.2	1466	1	980	0	0	1
21711	12673.9	8178.5	8.9	0	162.9	1467	1	1259	0	0	1
22034	12315.8	8234.5	20.5	0	143.7	1489	1	222	0	0	1
22458	12259.3	8299.3	19.7	0	145.5	1519	1	277	0	0	1
22580	12301.7	8263	15.1	0	142.5	1529	1	424	0	0	1
22593	12299.6	8306.2	17.8	0	140.8	1530	1	321	0	0	1
22635	12303.4	8281.2	24.5	0	128.6	1533	1	194	0	0	1
22735	12704.5	8160.7	12.9	0	146.6	1540	1	617	0	0	1
22867	12479.5	8659	26.6	0	108.4	1549	1	134	0	0	1
23024	12369.1	8244.2	12.7	0	153.1	1560	1	690	0	0	1
23042	12375.4	8215.3	11.4	0	157.3	1561	1	819	0	0	1
24492	12299.6	8318.2	12.5	0	156.8	1663	1	743	0	0	1
24515	12514.7	8119.4	14.8	0	192.9	1665	1	1409	0	0	1
24549	12559.1	8085	11.2	0	169.2	1667	1	1232	0	0	1
24599	12534.8	8073.4	10.7	0	177.8	1670	1	1714	0	0	1
24619	12489.7	8070.6	10.3	0	196.2	1671	1	1913	0	0	1
24699	12543.8	8094.3	10.5	0	183.8	1676	1	1492	0	0	1
24736	12508	8093.1	9.1	0	183.1	1678	1	2018	0	0	1
24758	12465	8101.5	10.1	0	184.5	1679	1	1484	0	0	1
24793	12534.5	8077.7	13.7	0	179.6	1681	1	1109	0	0	1
24893	12598.5	8067	21	0	144.3	1688	1	382	0	0	1
24908	12567.8	8060.3	14.2	0	174.1	1689	1	974	0	0	1
25032	12558.3	8121.4	17.4	0	193.8	1698	1	1080	0	0	1
25058	12565.5	8079.1	13.9	0	174.6	1700	1	810	0	0	1
25146	12534.4	8127.8	22.7	0	196.6	1707	1	661	0	0	1
25198	12502.7	8160.7	28.3	0	192.4	1711	1	489	0	0	1
25220	12319.6	8251.8	18.9	0	140.4	1713	1	383	0	0	1
25787	12358.5	8238.8	22.9	0	145.2	1752	1	404	0	0	1
25824	12348.2	8272	36.6	0	137.9	1755	1	324	0	0	1
25841	12368.2	8221.2	32.2	0	152.4	1756	1	357	0	0	1
25853	12345.2	8216.5	15.5	0	157.3	1757	1	505	0	0	1
26009	12242.5	8288.2	11.5	0	156.9	1769	1	885	0	0	1
26028	12274.9	8280.5	8.5	0	168.2	1770	1	1238	0	0	1
26041	12361.5	8272.2	8	0	170.2	1771	1	1762	0	0	1
26053	12450.1	8260.9	9	0	194.9	1772	1	1720	0	0	1
26072	12459.9	8240.4	12.7	0	160.8	1773	1	1129	0	0	1
26670	12299.7	8308.6	14.5	0	136.6	1811	1	488	0	0	1
26710	12322.3	8358.1	15.8	0	116.6	1813	1	442	0	0	1
26798	12448.8	8126.5	22.9	0	140.7	1819	1	217	0	0	1
26888	12471	8102.4	31.9	0	170.4	1827	1	316	0	0	1
26898	12361.7	8170.8	21.2	0	179.6	1828	1	393	0	0	1
27198	12393.3	8113.2	34	0	198.2	1851	1	390	0	0	1
27218	12408.3	8134.4	23.7	0	169.7	1853	1	409	0	0	1
27231	12419.5	8100.4	29.7	0	173.6	1854	1	412	0	0	1
27632	12346.9	8669.6	8.1	0	183	1880	1	1861	0	0	1
27864	12321.2	8490.2	12.5	0	195.7	1897	1	1489	0	0	1
27901	12301.2	8391	9.6	0	173.7	1900	1	1769	0	0	1
27929	12332	8418.9	15.1	0	186	1901	1	729	0	0	1
27945	12325.2	8377.1	12.4	0	179.2	1902	1	818	0	0	1
27967	12392.7	8496.7	21.6	0	154.2	1904	1	337	0	0	1
27976	12415.9	8532	14.7	0	161.1	1905	1	579	0	0	1
27989	12352.8	8501.9	26.8	0	189.6	1906	1	349	0	0	1
28167	12408.3	8391	16.8	0	166.7	1920	1	586	0	0	1
28371	12343.3	8259.4	22	0	166.9	1934	1	387	0	0	1
28649	12782.7	8380.7	22.2	0	151.6	1955	1	470	0	0	1
29162	12402.6	8363.6	29.2	0	133.1	1991	1	223	0	0	1
29535	12191.3	7864.8	9.7	0	175.7	2021	1	1924	0	0	1
30271	12372.2	8138.4	13.1	0	184.6	2073	1	962	0	0	1
30285	12384.2	8162.8	11.7	0	166	2074	1	858	0	0	1
30303	12430.1	8129.1	17.6	0	173.9	2075	1	625	0	0	1
30433	12394.5	8157	35.9	0	159.4	2084	1	292	0	0	1
30534	12422.6	8123.9	31	0	183.3	2091	1	333	0	0	1
30557	12455.1	8123.5	37.8	0	178.7	2093	1	361	0	0	1
30564	12376.6	8222.1	27.2	0	143.1	2094	1	272	0	0	1
30594	12403.4	8156.4	15	0	169.8	2096	1	658	0	0	1
30621	12353.3	8191.1	9.8	0	170.1	2098	1	1088	0	0	1
30649	12426.8	8127.4	15.4	0	159.6	2100	1	510	0	0	1
30712	12388.4	8150.2	13.6	0	185.5	2104	1	649	0	0	1
30785	12309.6	8262.3	11	0	177.8	2110	1	1081	0	0	1
31155	12311.8	8308.6	18.2	0	154.7	2137	1	304	0	0	1
31241	12086.8	7902.7	27.7	0	190.4	2144	1	556	0	0	1
31315	12351.1	8163	18.9	0	194.2	2149	1	466	0	0	1
31390	12415.4	8192.3	16.7	0	183.1	2154	1	631	0	0	1
31405	12322.3	8194	16.4	0	160.9	2155	1	534	0	0	1
31611	12248.2	8139	31	0	177.6	2170	1	314	0	0	1
32548	12291.9	8277.2	25.4	0	138.5	2236	1	234	0	0	1
32554	12259.1	8199.1	7.4	0	157.4	2237	1	1856	0	0	1
33158	12433.6	8220.1	14.2	0	153.7	2282	1	576	0	0	1
33356	12687.6	8148.5	20.3	0	187.8	2297	1	639	0	0	1
33442	12331	7892.1	19.4	0	153	2304	1	460	0	0	1
33605	12352.3	7864.1	21.2	0	157.6	2316	1	549	0	0	1
33631	12351.1	7904.7	38.6	0	149.4	2317	1	230	0	0	1
33638	12425.6	8285.9	22.1	0	142.6	2318	1	338	0	0	1
33988	12237	8258.6	14.8	0	161.4	2345	1	564	0	0	1
34343	12539.7	7951.5	20.5	0	185.3	2372	1	567	0	0	1
34573	12293.1	8341.4	19.9	0	143.5	2391	1	295	0	0	1
34631	12275.5	8402.4	15.1	0	154.7	2396	1	528	0	0	1
34652	12296.3	8313.9	19.8	0	151	2397	1	293	0	0	1
34775	12310.3	8249.7	10.7	0	169.2	2407	1	988	0	0	1
34858	12330.9	8231.3	23.9	0	167.7	2412	1	282	0	0	1
34871	12327	8264.3	28.4	0	146.4	2413	1	233	0	0	1
35132	12306.3	8260.1	25	0	156.4	2433	1	413	0	0	1
35177	12291.2	8330.2	16.3	0	124	2436	1	376	0	0	1
35200	12229.2	8284.4	27.6	0	158	2437	1	289	0	0	1
35227	12774.6	8400	21.4	0	177.7	2439	1	573	0	0	1
35350	12174.6	7887.2	21.7	0	179.3	2448	1	566	0	0	1
35758	12288.5	8240.5	6.9	0	147.3	2480	1	1324	0	0	1
35770	12265	8327.3	17.9	0	194.2	2481	1	1594	0	0	1
35946	12357.5	8277.5	17.2	0	130.6	2495	1	256	0	0	1
36212	12342.5	8325	33	0	168.5	2512	1	222	0	0	1
36245	12306.7	8266.1	32	0	111.9	2514	1	121	0	0	1
36278	12349.5	8269.2	16.7	0	153.4	2517	1	496	0	0	1
36291	12337.8	8290.6	19.6	0	166.1	2518	1	403	0	0	1
36446	12322.7	7701.7	18.2	0	166.3	2530	1	749	0	0	1
36549	12541.7	7926.7	31.2	0	186.4	2538	1	348	0	0	1
38915	12293	8264	9.8	0	160	2672	1	999	0	0	1
38969	12304.6	8283.9	11.1	0	146.6	2675	1	785	0	0	1
38982	12274.8	8286.9	8.3	0	149.7	2676	1	1376	0	0	1
39115	12380.6	8316.7	13.3	0	192.4	2684	1	1593	0	0	1
40154	12244.6	8323.2	19.1	0	160.7	2746	1	382	0	0	1
40170	12252.6	8303.8	25.4	0	165.3	2747	1	332	0	0	1
40186	12323.2	8259.6	15.7	0	162	2748	1	522	0	0	1
40228	12290.6	8336.5	29.5	0	135.4	2750	1	210	0	0	1
40245	12315.1	8307.3	18.3	0	160.1	2751	1	423	0	0	1
40499	12301.4	8244.9	10.8	0	174.6	2767	1	1437	0	0	1
40805	12169.4	7845.8	24.6	0	170.9	2785	1	628	0	0	1
41273	12343	8238.2	26	0	180.6	2810	1	535	0	0	1
41338	12322.4	8262.3	14.7	0	187.7	2814	1	903	0	0	1
41598	12349.5	8228.2	12.5	0	167.3	2829	1	813	0	0	1
41654	12356.2	8205.8	12.7	0	175.6	2832	1	1127	0	0	1
41670	12347.4	8232.5	13.8	0	179.5	2833	1	1332	0	0	1
41737	12351.4	8203.9	18.6	0	193.1	2836	1	1080	0	0	1
41795	12288.5	8292	26.1	0	168.3	2839	1	465	0	0	1
41847	12289.9	8369.1	21.7	0	124.5	2843	1	206	0	0	1
41858	12296.6	8334	24.6	0	137.4	2844	1	284	0	0	1
41897	12252.7	8272.7	11.5	0	154.8	2846	1	715	0	0	1
41981	12241.8	8291.1	9.3	0	158.4	2850	1	1045	0	0	1
42245	12208.4	8318.5	27.9	0	176.9	2864	1	600	0	0	1
42262	12237.3	8317.8	21.7	0	143.4	2865	1	571	0	0	1
42356	12205.8	8303.3	24	0	179.9	2870	1	450	0	0	1
42523	12374.8	8448.6	18.3	0	193.9	2880	1	1048	0	0	1
42581	12333	8418.7	11	0	193.5	2884	1	1619	0	0	1
42686	12351.5	8187.5	17.8	0	136.8	2891	1	372	0	0	1
42837	12307	8279.7	20.9	0	124.3	2901	1	188	0	0	1
43174	12258.3	8205.7	29.8	0	123.8	2922	1	162	0	0	1
43184	12264.4	8264.5	16.1	0	149.7	2923	1	533	0	0	1
43196	12239.6	8254.1	15.5	0	136.5	2924	1	472	0	0	1
43261	12205	8265.3	30.1	0	134.6	2927	1	218	0	0	1
43279	12315.1	8382.4	29.1	0	141.2	2928	1	257	0	0	1
43316	12207.2	8238.6	28.6	0	194.4	2930	1	545	0	0	1
43348	12220.4	8263.3	27	0	197.4	2932	1	584	0	0	1
43370	12235.4	8297.5	21.9	0	165.5	2933	1	343	0	0	1
43547	12317.7	8296	28.9	0	168.3	2943	1	320	0	0	1
44011	12269	8297.7	20.7	0	169.1	2970	1	953	0	0	1
44112	12390.6	8562.2	14.1	0	137.8	2976	1	461	0	0	1
44163	12386.6	8526.7	34.3	0	190.1	2978	1	401	0	0	1
44288	12331.2	8262.2	28.6	0	195	2985	1	481	0	0	1
44316	12351	8115.4	32.6	0	198.1	2986	1	438	0	0	1
44362	12333	7877.5	38.7	0	135.3	2988	1	189	0	0	1
44377	12293.9	8307.7	21.6	0	148.4	2989	1	267	0	0	1
44666	12188.5	8250.8	29.1	0	143	3007	1	221	0	0	1
44737	12195.3	8236.5	23.5	0	160.4	3012	1	294	0	0	1
44748	12209.2	8288.2	21.6	0	156.4	3013	1	381	0	0	1
45332	12248.9	8354.4	15.9	0	158.4	3046	1	559	0	0	1
45407	12185.1	8153.9	32.6	0	136.7	3050	1	195	0	0	1
45423	12215.5	8307.4	22.6	0	170.8	3051	1	557	0	0	1
45504	12232.2	8336.4	38.2	0	126.3	3055	1	170	0	0	1
45520	12284.3	8328.5	23.4	0	162	3056	1	292	0	0	1
45812	12279.8	8402.9	22.8	0	168.3	3075	1	360	0	0	1
45905	12276	8209	22.9	0	189.9	3080	1	519	0	0	1
45933	12324.8	8228.5	20	0	185.6	3081	1	518	0	0	1
45957	12352.4	8243.4	21.7	0	192.5	3082	1	527	0	0	1
45986	12333.2	8275.7	23.1	0	189	3083	1	550	0	0	1
46091	12291	8399.5	25.3	0	155.3	3090	1	370	0	0	1
46367	12321	7854.6	32.4	0	119.9	3110	1	150	0	0	1
46567	12319.8	7852.4	35.2	0	128.6	3122	1	151	0	0	1
46895	12342	7890	29.3	0	150.3	3142	1	251	0	0	1
46911	12278.3	7859	23.8	0	161.7	3143	1	393	0	0	1
46955	12456.4	8347.3	22.5	0	165.7	3146	1	308	0	0	1
47046	12352.2	8195.7	27.9	0	129.1	3152	1	185	0	0	1
47195	12257.7	8267.8	25.8	0	130.4	3160	1	176	0	0	1
47284	12309.6	8199.6	10.7	0	186.9	3166	1	1124	0	0	1
47337	12400.3	8233.8	12.2	0	157.9	3169	1	706	0	0	1
47937	12265.9	8270.2	33.7	0	114.6	3207	1	145	0	0	1
47963	12314.9	8260.9	25.5	0	153.6	3209	1	312	0	0	1
47974	12362.8	8254	15.3	0	137.2	3210	1	362	0	0	1
48074	12285.4	8388.2	13.8	0	176.7	3217	1	1084	0	0	1
48091	12297.9	8357.2	9.3	0	163.9	3218	1	1513	0	0	1
48410	12292.4	8369	18.9	0	178.6	3237	1	714	0	0	1
48878	12287.2	8098.3	42.2	0	170.5	3267	1	259	0	0	1
49021	12313.6	8273.3	29.6	0	137.4	3277	1	285	0	0	1
49112	12276.9	8309.6	26	0	127.1	3283	1	344	0	0	1
49252	12291.5	8266.5	12.2	0	167.8	3292	1	956	0	0	1
49316	12284.7	8296.6	12.1	0	128.1	3295	1	497	0	0	1
49389	12276.3	8340.7	21.4	0	127	3299	1	519	0	0	1
49495	12331.9	8339.7	24	0	157.4	3305	1	549	0	0	1
49578	12267	8350.7	23.3	0	162.3	3311	1	491	0	0	1
49683	12247.6	8298.8	14.7	0	147.5	3317	1	697	0	0	1
49709	12332.3	8277.3	24.3	0	179.4	3319	1	768	0	0	1
50438	12381	8180.7	14.7	0	153.9	3364	1	1029	0	0	1
50614	12056.4	7876.1	27.8	0	175.3	3374	1	351	0	0	1
50677	11947.7	8033	25	0	187.8	3379	1	627	0	0	1
51056	12356.9	8466.6	30	0	182	3404	1	643	0	0	1
51070	12416.8	8556.9	18.3	0	144.7	3405	1	647	0	0	1
51598	11917.9	8052.6	23.6	0	160	3436	1	361	0	0	1
51649	11885.1	8158.4	35.9	0	192.8	3439	1	443	0	0	1
51665	11911.7	8115.4	31.3	0	190.5	3440	1	471	0	0	1
51678	11864.4	8083.3	23.5	0	142.1	3441	1	251	0	0	1
51738	12530.5	8610.3	27.1	0	135.7	3445	1	289	0	0	1
51742	11907.5	8107.4	25.8	0	145.5	3445	1	310	0	0	1
51751	11934.9	8072.2	29.9	0	168.6	3446	1	396	0	0	1
51770	11906.2	8130.2	21.9	0	150.1	3447	1	356	0	0	1
51805	11858.1	8075.6	24.9	0	127.8	3449	1	197	0	0	1
51960	11926	8121	25.6	0	174.6	3459	1	437	0	0	1
51987	11900.7	8138.7	30.7	0	162.7	3460	1	351	0	0	1
52072	11862.3	8067.3	27.4	0	157.8	3465	1	343	0	0	1
52086	11833.3	8107	24.3	0	176.6	3466	1	487	0	0	1
52186	12313.7	8398.7	22.8	0	142.4	3472	1	325	0	0	1
52511	12271.6	8279	21.1	0	162.9	3494	1	536	0	0	1
52533	12260.6	8305.8	25.8	0	158.3	3495	1	394	0	0	1
52550	12252.5	8344.4	29	0	154.8	3496	1	316	0	0	1
52800	12829.9	8230.3	23	0	189.5	3511	1	500	0	0	1
52853	12654.3	8200.2	25.4	0	181.5	3514	1	365	0	0	1
53598	12389.2	8257.7	16.8	0	172.1	3559	1	583	0	0	1
53717	12404.6	8231.3	18.6	0	144	3567	1	444	0	0	1
53843	12378.7	8255.6	20.7	0	163.5	3574	1	373	0	0	1
54079	12320.6	8264.8	17.9	0	170.8	3588	1	414	0	0	1
54119	12325.3	8307	21.1	0	181.9	3591	1	848	0	0	1
54138	12306.7	8273	13.4	0	143.2	3592	1	527	0	0	1
54150	12283.6	8258.8	19.4	0	166.8	3593	1	671	0	0	1
54363	12299.1	8300.1	22.5	0	184.2	3607	1	478	0	0	1
54379	12334.7	8265.5	24.8	0	149.8	3608	1	280	0	0	1
54489	12297.5	8222.2	17.7	0	145	3616	1	488	0	0	1
54568	12368.8	8215.2	21.2	0	167.8	3619	1	377	0	0	1
54581	12271.8	8269.2	17.3	0	158.3	3620	1	443	0	0	1
54628	12262	8298	13.6	0	162.4	3623	1	1335	0	0	1
54644	12239.5	8275.7	13.3	0	153.6	3624	1	672	0	0	1
54727	12302.3	8306.9	25.6	0	176.7	3630	1	324	0	0	1
54805	12297.5	8288.1	27.9	0	119.7	3635	1	179	0	0	1
54843	12268.9	8300.2	32.9	0	128.2	3638	1	178	0	0	1
54870	12309.1	8315	30	0	131.6	3640	1	248	0	0	1
54883	12378.3	8305	25.7	0	154.4	3641	1	401	0	0	1
54920	12272.8	8292.1	20	0	150.1	3644	1	429	0	0	1
54937	12253.7	8265	14.2	0	138.6	3645	1	532	0	0	1
54970	12283.2	8312.2	25.2	0	152.2	3647	1	276	0	0	1
54992	12258.9	8282.1	19.1	0	131.4	3649	1	233	0	0	1
55009	12240.4	8264.8	27	0	127.7	3650	1	166	0	0	1
55018	12308.9	8249.4	15.2	0	119.1	3651	1	256	0	0	1
55413	12282.3	8327.6	16.7	0	156.3	3676	1	523	0	0	1
55428	12258.6	8289.4	16.4	0	146.4	3677	1	459	0	0	1
55469	12252.4	8255.6	17	0	144.3	3680	1	522	0	0	1
55479	12197.1	8257	15.3	0	168.2	3681	1	658	0	0	1
55525	12188.7	8231.1	19.4	0	146.8	3684	1	484	0	0	1
55600	12261.4	8266.7	22.2	0	167.4	3689	1	427	0	0	1
55617	12199.5	8264.5	29.1	0	174.8	3690	1	380	0	0	1
55645	12268.4	8243.3	23.3	0	129.3	3692	1	220	0	0	1
55921	12256.8	8279.4	26.4	0	140.8	3708	1	223	0	0	1
56044	12320.8	8201.4	14.8	0	150.9	3716	1	581	0	0	1
56056	12264.2	8254.1	15.4	0	148.9	3717	1	485	0	0	1
56222	12297.3	8259.7	24.6	0	144.3	3728	1	274	0	0	1
56235	12282.3	8289.4	22.9	0	150.5	3729	1	338	0	0	1
57396	12370.6	8193.2	24.7	0	150.9	3809	1	298	0	0	1
57414	12340.4	8204.2	32.2	0	155.2	3810	1	321	0	0	1
57593	12404	8233.2	9.8	0	158.3	3823	1	805	0	0	1
57611	12361.7	8269.1	12.4	0	170.7	3824	1	795	0	0	1
57624	12378.6	8248.2	13.4	0	159.1	3825	1	614	0	0	1
57752	12359.4	8247.6	9.9	0	170.6	3834	1	1701	0	0	1
57829	12285.3	8235.1	14.8	0	175	3838	1	677	0	0	1
57845	12293.5	8260.1	10.5	0	165.5	3839	1	928	0	0	1
57859	12253.9	8260.6	9.8	0	145.5	3840	1	1031	0	0	1
57870	12243.1	8277.8	14.3	0	134.2	3841	1	386	0	0	1
57974	12445.8	8333.9	27	0	143.3	3848	1	267	0	0	1
58133	12280.2	8292.4	13.9	0	142.5	3858	1	473	0	0	1
58237	12270.1	8300.3	30	0	155.3	3864	1	269	0	0	1
58244	12264.8	8261.4	24.8	0	145.7	3865	1	257	0	0	1
58331	12366	8155.4	22.8	0	132.1	3871	1	234	0	0	1
58418	12348.1	8196.7	27.5	0	149.5	3876	1	272	0	0	1
58432	12338.1	8227.6	25.9	0	132.5	3877	1	211	0	0	1
58465	12373	8230.3	24.8	0	113.1	3879	1	205	0	0	1
58775	12277	8291.9	13.6	0	129.6	3900	1	403	0	0	1
58796	12306.1	8278	17.7	0	143	3901	1	464	0	0	1
58897	12623.7	8356	18.3	0	169.3	3906	1	384	0	0	1
58932	12610.1	8372.1	26.9	0	148.9	3908	1	205	0	0	1
59073	12279.1	8402	30	0	178.3	3919	1	436	0	0	1
59100	12294.3	8376.7	19.8	0	160.2	3920	1	366	0	0	1
59154	12303.9	8356.4	20.9	0	159.3	3924	1	393	0	0	1
59405	12461.1	8345.8	41.8	0	165	3938	1	252	0	0	1
59690	12792	8383.5	32.6	0	161.6	3955	1	309	0	0	1
59778	12370.3	8232.6	11.8	0	162.2	3961	1	711	0	0	1
59865	12362.5	8288.2	18.1	0	192.1	3967	1	767	0	0	1
59886	12338.1	8251.2	15.3	0	171.6	3968	1	585	0	0	1
59919	12334	8284.5	38.9	0	151.8	3970	1	302	0	0	1
59941	12243.2	8293.3	14.1	0	155	3972	1	576	0	0	1
59966	12281.1	8377.9	32.3	0	153.8	3973	1	287	0	0	1
60184	12323.1	8284.1	17.4	0	155.3	3988	1	505	0	0	1
60201	12387.5	8237.5	25.1	0	149.4	3989	1	274	0	0	1
60240	12248.6	8277.6	27.8	0	120.1	3993	1	165	0	0	1
60274	12273	8253.4	20	0	164.7	3995	1	331	0	0	1
60286	12241.8	8255.7	23.4	0	151.9	3996	1	321	0	0	1
60299	12233	8281.2	27.4	0	167.9	3997	1	356	0	0	1
60928	12270	8363.7	32.9	0	168.2	4035	1	325	0	0	1
60953	12254.3	8246.7	25	0	192.8	4037	1	509	0	0	1
61555	12631.2	8181.5	15.7	0	167	4077	1	791	0	0	1
61590	12641.1	8199.6	15.7	0	170.6	4080	1	917	0	0	1
61959	12256.8	8298.4	23.8	0	153.6	4102	1	316	0	0	1
62039	11875	8230.4	15.5	0	157.6	4108	1	647	0	0	1
62056	11896.2	8219.1	17.1	0	193.3	4109	1	975	0	0	1
62311	12285.4	8305	27.4	0	152.2	4127	1	298	0	0	1
62326	12198.5	8298.7	14.3	0	178.3	4129	1	657	0	0	1
62337	12217.8	8268.8	10	0	152.9	4130	1	832	0	0	1
62362	12227.8	8310.6	21.1	0	148	4131	1	341	0	0	1
62374	12262.5	8339.6	23.1	0	165.2	4132	1	350	0	0	1
62386	12286.2	8305.4	25	0	167.9	4133	1	349	0	0	1
62485	12357.3	8225.4	8.6	0	152.9	4142	1	1018	0	0	1
62860	12392.8	8276.9	30.4	0	193.9	4166	1	426	0	0	1
62925	12339.3	8180.9	14.9	0	136.4	4170	1	353	0	0	1
62940	12360.5	8191.6	11.2	0	154.5	4171	1	693	0	0	1
63057	12332.5	8213.1	22.3	0	121.9	4177	1	185	0	0	1
63239	12334.2	8224.4	17.7	0	191.6	4190	1	657	0	0	1
63268	12354.3	8233	20	0	166.6	4193	1	493	0	0	1
63275	12308.3	8254.1	17.3	0	163.4	4194	1	534	0	0	1
63286	12268.8	8228.1	14.4	0	171.3	4195	1	819	0	0	1
63308	12247.8	8264.9	13.8	0	164.9	4196	1	546	0	0	1
63331	12235.6	8297.8	17.2	0	171.9	4197	1	434	0	0	1
63361	12020.3	7880	14.9	0	168.5	4200	1	812	0	0	1
63414	12115.8	8000.7	38.7	0	195.2	4203	1	498	0	0	1
63461	12395.8	8261.8	20	0	150	4206	1	433	0	0	1
63529	12338.7	8205.4	20.9	0	166.4	4210	1	350	0	0	1
63541	12349.4	8283.2	21.4	0	189.1	4211	1	578	0	0	1
63551	12366.3	8255.9	14.9	0	169.5	4212	1	621	0	0	1
63563	12403.2	8285.9	14	0	168	4213	1	581	0	0	1
63588	12447.3	8321.8	21.4	0	186.6	4214	1	438	0	0	1
63613	12419.5	8300	26.6	0	151.9	4216	1	258	0	0	1
63678	12530.6	8333.2	17.8	0	184.5	4221	1	612	0	0	1
63715	12414	8282.8	33	0	155.4	4223	1	238	0	0	1
63728	12406.1	8237.4	43	0	193.5	4224	1	452	0	0	1
64248	12347.5	8307.1	21.6	0	146.6	4258	1	325	0	0	1
64290	12381.1	8243.6	34.2	0	148.1	4261	1	293	0	0	1
64697	12284.5	8302	27.6	0	169.2	4286	1	421	0	0	1
64707	12259.1	8303.7	12.6	0	153.6	4287	1	546	0	0	1
64802	12256.3	8279.4	23.8	0	146.9	4294	1	363	0	0	1
64813	12287	8310.9	17.7	0	138.8	4295	1	312	0	0	1
64863	12329.5	8248.1	21.5	0	152.6	4298	1	291	0	0	1
64870	12336.1	8297	22.2	0	154.6	4299	1	323	0	0	1
64897	12239.5	8252	10.8	0	166.5	4301	1	849	0	0	1
64962	12303.1	8248.3	36.1	0	124.2	4305	1	147	0	0	1
65018	12328.8	8196.1	20.2	0	147.4	4309	1	311	0	0	1
65070	12309.7	8236.4	9	0	162.3	4313	1	1041	0	0	1
65131	12284.2	8241	7.3	0	157.5	4317	1	1285	0	0	1
66240	12415.7	8188.7	31.2	0	158.6	4385	1	336	0	0	1
66757	12401.1	8331.6	26.2	0	123.6	4421	1	144	0	0	1
67082	12309.5	8280.4	35.6	0	109.3	4448	1	123	0	0	1
67117	12503.7	8269.4	26.4	0	163	4450	1	267	0	0	1
67123	12616.4	8260.8	18.7	0	132.7	4451	1	258	0	0	1
67157	12639.9	8282.5	34.4	0	197	4453	1	425	0	0	1
67268	12319	8273.5	29.9	0	128.9	4459	1	152	0	0	1
67724	12308.3	8161.8	11.5	0	175.2	4493	1	931	0	0	1
67763	12297.8	8226.2	10.1	0	183.6	4496	1	1135	0	0	1
67826	12287.6	8270.4	10.6	0	168.2	4500	1	1087	0	0	1
67848	12280.5	8231.6	12	0	166.4	4501	1	1012	0	0	1
67867	12273.1	8162.3	19.9	0	167.9	4502	1	541	0	0	1
67884	12259.3	8247	18.5	0	157.7	4503	1	532	0	0	1
67906	12237.2	8282.4	20.7	0	160.5	4504	1	299	0	0	1
67914	12250.1	8303.1	18.8	0	174.2	4505	1	513	0	0	1
67929	12266.1	8276.5	19.8	0	154.3	4506	1	370	0	0	1
68100	12370.9	8203.2	30.8	0	144.8	4517	1	207	0	0	1
68170	12805.5	8097.3	41.7	0	113.2	4522	1	149	0	0	1
68384	11941.2	8294.6	28.3	0	152.5	4537	1	251	0	0	1
68501	12742.3	8107	31.7	0	160.9	4545	1	284	0	0	1
68979	12406.8	8213.9	10.9	0	157.2	4579	1	961	0	0	1
69015	12385	8220.4	11.5	0	164.9	4581	1	1220	0	0	1
69130	12318.8	8220	9.1	0	145.5	4589	1	961	0	0	1
69204	12388.2	8225	19.2	0	183.1	4595	1	649	0	0	1
69272	12412.2	8166.9	17.1	0	180.3	4600	1	1195	0	0	1
69350	12367.9	8219.7	11.8	0	171.5	4605	1	894	0	0	1
69592	12329.3	8132.8	14.8	0	159.8	4622	1	514	0	0	1
69639	12353.6	8164.3	13.6	0	171	4625	1	1070	0	0	1
69663	12310.9	8153	13.9	0	167.2	4627	1	1205	0	0	1
69677	12321.4	8178.2	18.2	0	193.5	4628	1	927	0	0	1
69703	12311.2	8472.8	27.5	0	193.7	4630	1	450	0	0	1
69731	12315.9	8418.5	29.7	0	190.8	4632	1	424	0	0	1
69747	12275.9	8409.9	27.4	0	174.2	4633	1	344	0	0	1
69764	12334.1	8385.6	30.2	0	186.6	4634	1	356	0	0	1
69832	12312.1	8484.7	27.4	0	182	4639	1	317	0	0	1
70173	11995.8	8053.9	45.4	0	106	4662	1	98	0	0	1
70247	12363.7	8461.9	20.5	0	173.8	4667	1	458	0	0	1
70262	12333.8	8372.7	20.8	0	177.6	4668	1	556	0	0	1
70277	12354.9	8432.7	13.7	0	179.6	4669	1	854	0	0	1
70352	12375.2	8531	19.1	0	179.5	4673	1	442	0	0	1
70365	12401.4	8545.8	19.6	0	146.6	4674	1	359	0	0	1
70405	12349	8365	23.7	0	182.2	4676	1	446	0	0	1
70420	12255.1	8307	17.3	0	161.7	4677	1	419	0	0	1
70486	12400.9	8530.1	22.3	0	151.3	4681	1	293	0	0	1
70507	12333.5	8467.8	18.3	0	175.1	4682	1	440	0	0	1
70860	12383.8	8286.6	12.6	0	172.3	4705	1	883	0	0	1
70898	12399.4	8256	18.7	0	199	4707	1	983	0	0	1
71092	12358.9	8177.1	6.8	0	160.4	4718	1	1624	0	0	1
71117	12356.7	8208.5	9.3	0	165.4	4719	1	1157	0	0	1
71137	12307.8	8259.9	16.9	0	181.3	4720	1	956	0	0	1
71153	12300.5	8330.5	23.7	0	162.5	4721	1	386	0	0	1
71293	12260	8352.3	36	0	154.7	4728	1	447	0	0	1
71619	12314.2	8128.6	14.4	0	150.2	4745	1	559	0	0	1
71661	12468.6	8328.2	7.6	0	147.4	4748	1	1261	0	0	1
71683	12500.2	8333.3	11.4	0	144	4749	1	656	0	0	1
72867	12220.7	8295.8	25.4	0	157.2	4816	1	393	0	0	1
72938	12371	8297.7	17.6	0	195.8	4820	1	812	0	0	1
73187	12353.1	8216.4	8.3	0	168.5	4836	1	1953	0	0	1
73425	12361.1	8197.8	19.3	0	158.3	4850	1	608	0	0	1
73833	12173	7793.7	22.1	0	176.2	4873	1	637	0	0	1
73853	12168.1	7759.4	20.4	0	147.6	4874	1	432	0	0	1
73891	12137.5	7782.8	27.7	0	150.8	4876	1	370	0	0	1
74256	12220.8	8296.4	23.1	0	167.8	4898	1	366	0	0	1
74274	12244.1	8277.9	25.1	0	139.8	4899	1	216	0	0	1
74386	12271	8308.3	18.3	0	167.3	4905	1	479	0	0	1
74537	12318.5	8351.8	20.8	0	161.3	4914	1	438	0	0	1
74559	12288.6	8374.3	20.8	0	166.1	4915	1	416	0	0	1
74585	12258.1	8253.2	8.9	0	141.2	4917	1	897	0	0	1
74734	12251.9	8344.1	27	0	190.6	4926	1	584	0	0	1
74753	12282	8278.5	19.9	0	151.9	4927	1	333	0	0	1
74772	12249.7	8324.1	29.1	0	125	4928	1	170	0	0	1
75066	11963.8	7848.6	22.2	0	176.9	4947	1	470	0	0	1
75379	12307.8	8296.6	13	0	148.3	4966	1	555	0	0	1
75640	12762	8356.3	19.6	0	170.9	4980	1	587	0	0	1
76335	12349	8210.2	19.3	0	146.9	5022	1	367	0	0	1
76344	12368.2	8180.2	12.2	0	162.2	5023	1	629	0	0	1
76809	12329	8137.7	24.9	0	189.1	5049	1	634	0	0	1
76820	12290.9	8213.5	21.1	0	152.8	5050	1	516	0	0	1
76846	12277.9	8276.9	22.1	0	187.6	5051	1	729	0	0	1
76860	12322.5	8233.4	8.4	0	180.2	5052	1	2052	0	0	1
77230	12269.5	8290.2	6.6	0	156.1	5072	1	1880	0	0	1
77506	12643.1	7897.3	7.4	0	148.7	5088	1	1301	0	0	1
77587	12633	8209.9	20.7	0	176.4	5093	1	661	0	0	1
77711	12147.4	7738.9	28.4	0	187.9	5100	1	354	0	0	1
77731	12179.5	7802.9	25.6	0	185.8	5101	1	320	0	0	1
77764	12381.8	8162.6	20.4	0	169.2	5104	1	652	0	0	1
77782	12298.3	8302.4	28.2	0	143.4	5105	1	266	0	0	1
77805	12355.5	8327.1	31.7	0	134.5	5106	1	188	0	0	1
77921	12273.1	8300.5	36.6	0	140.6	5113	1	180	0	0	1
77944	12161.2	7721.8	39.6	0	150.1	5115	1	284	0	0	1
78015	12407.5	8215.7	10.4	0	161.8	5120	1	1122	0	0	1
78124	12346.6	8238.9	33.1	0	111.4	5126	1	142	0	0	1
78156	12311.4	8287.3	16.4	0	119.5	5128	1	334	0	0	1
78346	12313	8231	16.3	0	149.2	5141	1	514	0	0	1
78361	12342.5	8243	16.1	0	172.5	5142	1	911	0	0	1
78646	12375.9	8177.5	16	0	153	5159	1	507	0	0	1
78668	12357.2	8189.7	16.3	0	182.6	5160	1	756	0	0	1
78685	12381.1	8155.2	15.6	0	161.5	5161	1	586	0	0	1
78955	12420.9	8293.6	18.5	0	158.6	5177	1	339	0	0	1
79070	12439.7	8267	11.2	0	162.8	5184	1	924	0	0	1
79086	12462.7	8238.9	7.4	0	165.1	5185	1	2531	0	0	1
79210	12479.8	8137.1	16.3	0	186.3	5192	1	912	0	0	1
79334	12262	8294	16.4	0	155.4	5198	1	462	0	0	1
79394	12273.6	8336.8	25.9	0	146.8	5201	1	218	0	0	1
79419	12276.6	8374.2	23.8	0	140.1	5203	1	247	0	0	1
79686	12225.8	7708.9	38.3	0	167.4	5219	1	232	0	0	1
79740	12199	7723.7	25.1	0	154.9	5222	1	246	0	0	1
79753	12188.8	7767.6	26.1	0	137.4	5223	1	208	0	0	1
79809	12365	8172.7	28.1	0	165.6	5226	1	375	0	0	1
79839	12383.5	8233.1	15	0	161.3	5229	1	858	0	0	1
79851	12383.9	8204.5	8	0	160.5	5230	1	1822	0	0	1
79942	12386.2	8227.2	8.4	0	173.5	5236	1	1473	0	0	1
79960	12345.8	8245.6	7.9	0	181	5237	1	1968	0	0	1
80153	12416.2	8302.6	15.8	0	186.1	5249	1	698	0	0	1
80162	12418.1	8253.6	11.4	0	172.1	5250	1	857	0	0	1
80175	12419.3	8203.4	8.3	0	178.7	5251	1	1793	0	0	1
80284	12366.7	8211.4	7.2	0	148.7	5259	1	1438	0	0	1
80346	12388.5	8229.8	9.6	0	149.1	5262	1	1170	0	0	1
80567	12340.9	8253.9	8.6	0	138.9	5276	1	1214	0	0	1
80688	12250.6	8319.8	18.9	0	137.3	5284	1	518	0	0	1
80730	12231.7	8279.6	8.5	0	142.9	5287	1	918	0	0	1
81001	12615.6	8275.4	21.8	0	145.8	5305	1	445	0	0	1
81167	12361.1	8280.6	18.3	0	168.1	5316	1	731	0	0	1
81186	12342.4	8253.3	10.8	0	154.5	5317	1	766	0	0	1
81208	12352	8201.3	18.2	0	153.3	5318	1	534	0	0	1
81228	12337.4	8219.1	12.7	0	167.8	5319	1	836	0	0	1
81264	12261	8339.1	23	0	188.2	5321	1	501	0	0	1
81296	12243.1	8320.7	16	0	160.1	5324	1	607	0	0	1
81825	12345.3	8108.1	23.2	0	199.6	5356	1	735	0	0	1
81838	12368.9	8143.4	14	0	176.3	5357	1	979	0	0	1
81862	12381.7	8166.4	10.9	0	166.9	5358	1	1104	0	0	1
81963	12403.3	8155.6	20.7	0	164.1	5364	1	551	0	0	1
82441	12262.5	8363.9	6.6	0	151.2	5394	1	1967	0	0	1
82484	12245.5	8380.2	14.8	0	192.6	5396	1	984	0	0	1
82559	12387.1	8215.2	8.9	0	165.9	5401	1	1379	0	0	1
82740	12193.3	7800.4	29.3	0	189	5411	1	393	0	0	1
82913	12177.9	8348.4	16.5	0	183.2	5423	1	835	0	0	1
82943	12200.7	8317.3	12.2	0	179.2	5425	1	1247	0	0	1
82960	12229.5	8309.6	10.5	0	159.2	5426	1	1177	0	0	1
82977	12222.9	8359.3	20.5	0	181.7	5427	1	777	0	0	1
83001	12265.3	8344.7	22.6	0	187.4	5428	1	568	0	0	1
83059	12283.1	8327.5	14.9	0	162.6	5432	1	558	0	0	1
83083	12661.5	8171.1	16.7	0	150.7	5434	1	579	0	0	1
83313	12504.2	8333	20.5	0	135.1	5447	1	335	0	0	1
83497	12308	8320.4	11.5	0	161.8	5458	1	830	0	0	1
83534	12288.4	8244.5	18.7	0	157.9	5460	1	462	0	0	1
84268	12276.2	8316.8	14.4	0	147.8	5507	1	433	0	0	1
84294	12244.5	8328.5	23.8	0	144.9	5508	1	281	0	0	1
84404	12680.8	8236.7	21.9	0	173.8	5513	1	469	0	0	1
84411	12668.9	8213.5	20.4	0	154.5	5514	1	430	0	0	1
84822	12740.9	8431.1	15.8	0	172.9	5543	1	901	0	0	1
84872	12361.9	8191.6	28.3	0	135.4	5545	1	195	0	0	1
84931	12337.4	8168.6	15.3	0	162	5549	1	483	0	0	1
84948	12314.8	8179.3	13.1	0	178.2	5550	1	924	0	0	1
84965	12303.9	8241.8	8.2	0	169.3	5551	1	1891	0	0	1
84984	12379.9	8234.4	10.8	0	169.4	5552	1	951	0	0	1
85028	12433.6	8340.9	20.1	0	175.5	5554	1	465	0	0	1
85056	12434.7	8320.8	15.7	0	146.6	5556	1	388	0	0	1
85336	12256.5	8322.5	12.2	0	151.1	5574	1	619	0	0	1
85412	12281.3	8286.7	11.3	0	169.7	5579	1	1062	0	0	1
85688	12424.5	8262.6	15.2	0	193.8	5597	1	1054	0	0	1
85727	12684.2	8054.6	44.2	0	153.2	5599	1	239	0	0	1
85847	12369	8201.4	15.4	0	198.3	5607	1	1272	0	0	1
85866	12377	8226.8	16.1	0	195	5608	1	1205	0	0	1
86060	12401.2	8293.4	21.6	0	170.8	5620	1	446	0	0	1
86073	12444.5	8284.2	11.7	0	148.8	5621	1	510	0	0	1
86272	12402.3	8319.4	20.9	0	198.5	5633	1	904	0	0	1
86332	12772.6	8401.5	17.9	0	159.2	5636	1	464	0	0	1
86505	12019.3	7868.2	17.8	0	188.2	5646	1	755	0	0	1
86602	12246.4	8240.6	15.2	0	144.5	5651	1	426	0	0	1
86633	12238.7	8267.4	22.8	0	144.9	5652	1	310	0	0	1
86808	12380.2	8189.2	19.2	0	138.6	5661	1	312	0	0	1
87071	12382.2	8233.5	10.3	0	151.8	5677	1	934	0	0	1
87107	12355.3	8267.3	11.7	0	157.4	5679	1	777	0	0	1
87135	12289.6	8267.2	39	0	123.7	5680	1	135	0	0	1
87218	12279.1	8347.1	10.6	0	147.2	5686	1	600	0	0	1
87607	12344.7	8270.5	10.4	0	168	5710	1	1010	0	0	1
87622	12298.5	8290.3	12.5	0	144.3	5711	1	620	0	0	1
87640	12263.1	8333.9	27.2	0	162.2	5712	1	336	0	0	1
87723	12615.4	7890.9	12.9	0	162.4	5717	1	816	0	0	1
87802	12540.4	8261.2	19.5	0	192.8	5722	1	741	0	0	1
87829	12582.6	8281.2	13.8	0	155.2	5723	1	586	0	0	1
87972	12141.4	7770.7	27.5	0	182.7	5731	1	642	0	0	1
88089	12211	8269	14.6	0	138.3	5738	1	471	0	0	1
88102	12183.8	8286.7	15.4	0	147.1	5739	1	545	0	0	1
88116	12175.6	8267.2	15.8	0	141.8	5740	1	459	0	0	1
88575	12300.3	8233.7	22.3	0	173.9	5763	1	369	0	0	1
88730	12200.3	8274.7	24.4	0	198.1	5773	1	553	0	0	1
88744	12217.6	8288.1	18.8	0	165.8	5774	1	542	0	0	1
88772	12186.8	8301.5	25.6	0	171.4	5775	1	343	0	0	1
89022	12247.1	8249.3	7	0	154.9	5788	1	1378	0	0	1
89093	12291.3	8312	15.8	0	169.2	5792	1	544	0	0	1
89109	12291.9	8362.4	13.2	0	140	5793	1	425	0	0	1
89244	12247.4	8276.2	24.4	0	147.4	5801	1	263	0	0	1
89253	12215.5	8274.6	14.9	0	133.5	5802	1	391	0	0	1
89353	12226	8252.9	21.3	0	151.4	5808	1	319	0	0	1
89485	12266.5	8280.3	15.3	0	156.4	5817	1	569	0	0	1
89507	12216.2	8266.9	17.7	0	153.7	5818	1	520	0	0	1
89651	12250.1	8220.4	11.4	0	163.8	5827	1	1285	0	0	1
89673	12220.9	8277.6	11.5	0	167.7	5828	1	917	0	0	1
89807	12279.9	8305.6	13.1	0	139.1	5836	1	503	0	0	1
89869	12284.2	8270.9	11.2	0	186.4	5840	1	1348	0	0	1
90104	12537.3	8259.6	24	0	158.5	5853	1	331	0	0	1
90595	12450.8	8032.9	43.3	0	151.8	5882	1	272	0	0	1
90712	12269.1	8293.6	13.4	0	147.4	5890	1	691	0	0	1
91009	12268.2	8301.1	11.2	0	134.9	5907	1	644	0	0	1
91031	12296.9	8313.7	35.1	0	124.4	5908	1	240	0	0	1
91616	12237	8295.5	9.5	0	155.4	5944	1	1027	0	0	1
91669	11993.4	7874.8	20.1	0	173.8	5946	1	509	0	0	1
91824	11891.6	8282.1	13.7	0	143.1	5955	1	435	0	0	1
92094	12530.5	7920	11.3	0	182.9	5971	1	1052	0	0	1
92146	12508.7	7958.7	20.3	0	190.4	5974	1	897	0	0	1
92265	12307	8286	12.5	0	162.8	5983	1	1150	0	0	1
92529	12307.1	8354.5	20.8	0	180.4	6001	1	496	0	0	1
92613	12395	8202.6	12.2	0	150.8	6007	1	605	0	0	1
92633	12370.6	8215	13.1	0	158.1	6008	1	840	0	0	1
92704	12351.6	8249.5	17	0	137.5	6012	1	504	0	0	1
92707	12323	8216	21.8	0	167.3	6013	1	376	0	0	1
92727	12338	8165.8	14.6	0	163.9	6014	1	615	0	0	1
92745	12361.7	8159.3	15.2	0	148.9	6015	1	422	0	0	1
93180	12361.7	8238.1	29.9	0	137.5	6042	1	177	0	0	1
93211	12272.2	8104.6	18.1	0	142.3	6044	1	238	0	0	1
93250	12371.6	8360.3	29.8	0	174.6	6047	1	414	0	0	1
93260	12311.2	8358.4	19.7	0	141.8	6048	1	432	0	0	1
93378	12322.6	8223.5	9.5	0	164.7	6057	1	1414	0	0	1
93636	12342	8174.5	7.9	0	163.8	6073	1	1631	0	0	1
93652	12332.1	8233.8	23.6	0	165	6074	1	442	0	0	1
93679	12359.2	8210.9	12.2	0	140.2	6075	1	565	0	0	1
93913	12297	8382.3	16.3	0	152.4	6091	1	480	0	0	1
94105	12248	8270.5	12.2	0	148.7	6104	1	870	0	0	1
94199	12300.9	8182.8	29.7	0	143.7	6109	1	247	0	0	1
94285	12225.8	8235.4	14.1	0	161.1	6115	1	807	0	0	1
94307	12253.4	8231.5	13.2	0	172.5	6116	1	900	0	0	1
94468	12212.2	8258.5	22.6	0	155.9	6128	1	314	0	0	1
94733	12388	8121.4	33.8	0	146.7	6143	1	225	0	0	1
94953	12314.3	8282.4	32.5	0	175.4	6157	1	304	0	0	1
95096	12376	8235.9	17.1	0	198.4	6166	1	828	0	0	1
95222	12377.3	8150.8	12.9	0	155.5	6175	1	583	0	0	1
95240	12399.4	8183	12.5	0	183	6176	1	895	0	0	1
95347	12354	8376.1	18.1	0	168.7	6183	1	530	0	0	1
95380	12347.4	8313.3	19.1	0	163.4	6185	1	462	0	0	1
95759	12299.2	8215	14.9	0	140.1	6210	1	468	0	0	1
96021	12215.5	8213.2	14.3	0	163.9	6226	1	577	0	0	1
96070	12548.6	8600.1	12.8	0	138.7	6229	1	478	0	0	1
96432	12175.1	8314.4	34.6	0	155.2	6252	1	268	0	0	1
96494	12363.9	8217.3	40.1	0	137.4	6256	1	176	0	0	1
96594	12376.1	8221.4	27.5	0	131.2	6263	1	243	0	0	1
97022	12261.6	8245.6	16.1	0	161.6	6288	1	773	0	0	1
97320	12374.2	8165.3	16.1	0	143.4	6308	1	391	0	0	1
97346	12359.1	8184.4	24.4	0	160.5	6309	1	331	0	0	1
97526	12644.3	7903.4	13.4	0	158.5	6321	1	622	0	0	1
97533	12599.3	7993	17.3	0	187.7	6322	1	956	0	0	1
97662	12380.1	8160.4	18.2	0	143.2	6330	1	357	0	0	1
97669	12358.3	8138.1	21.6	0	133.2	6331	1	281	0	0	1
97747	12365.4	8150.6	21.4	0	138.1	6335	1	295	0	0	1
97757	12377.3	8179.1	17.2	0	130.7	6336	1	317	0	0	1
97792	12346.6	8215.8	26.4	0	160.7	6338	1	457	0	0	1
97804	12308.9	8241.2	8.8	0	151.2	6339	1	1243	0	0	1
97824	12353.4	8172.8	25.6	0	147.9	6340	1	260	0	0	1
97900	12671.5	8183.2	10.3	0	147.6	6345	1	1015	0	0	1
97952	12172.4	8223.5	27.9	0	166.2	6348	1	328	0	0	1
98431	12292.2	8092.3	22.5	0	125.1	6378	1	187	0	0	1
98635	12312.3	8252.3	24.3	0	163.5	6391	1	438	0	0	1
99337	12759.4	8389.4	16.3	0	151.9	6434	1	382	0	0	1
99935	12782.9	8397.8	14.3	0	137.2	6470	1	414	0	0	1
100030	12271.5	8348.4	17.1	0	163.2	6477	1	576	0	0	1
100100	12279.7	8297.5	22.6	0	166.3	6482	1	363	0	0	1
100182	12261.6	8248.7	12.4	0	148.4	6487	1	481	0	0	1
100198	12299.4	8237.3	9.4	0	150.6	6488	1	869	0	0	1
100215	12287	8208.1	12.2	0	151.2	6489	1	574	0	0	1
100342	12228.6	8239.7	14.8	0	151.8	6497	1	458	0	0	1
100441	12331.1	8382.3	39.6	0	121.4	6503	1	144	0	0	1
100593	12695.8	8146.3	32.8	0	150.5	6511	1	271	0	0	1
100618	12695.5	8192.8	17.7	0	155.7	6513	1	421	0	0	1
100692	12414.2	8187.4	15	0	153.4	6517	1	433	0	0	1
100708	12402	8157.6	16.4	0	153	6518	1	444	0	0	1
100747	12276.6	8343.8	26.4	0	162	6521	1	397	0	0	1
101075	12237.8	7775.7	31.5	0	194.9	6540	1	424	0	0	1
101363	12618.4	8194.7	18	0	164.5	6558	1	559	0	0	1
101412	12670.3	8224.6	21.7	0	190.7	6562	1	542	0	0	1
101444	12390.2	8167.2	9.5	0	164.9	6564	1	1083	0	0	1
101464	12348.5	8135.6	24.2	0	133.4	6565	1	261	0	0	1
101888	12348	8120.9	26.9	0	154.2	6593	1	440	0	0	1
102608	12188.1	8302.7	32.6	0	163.9	6642	1	252	0	0	1
102610	12161.3	8350.3	25.2	0	163.1	6643	1	394	0	0	1
103474	12636.9	8299.8	17.4	0	145.6	6700	1	483	0	0	1
103688	12083.3	8482.9	21.5	0	126.1	6715	1	452	0	0	1
103727	12234.1	8385.1	27.4	0	168.6	6718	1	310	0	0	1
103804	12291.3	8281.4	10.4	0	179.7	6723	1	1333	0	0	1
104243	12643	7878.3	15.1	0	145.1	6751	1	387	0	0	1
104257	12672.6	7913.5	18.3	0	155.7	6752	1	360	0	0	1
104555	12450.6	8026.7	24.4	0	193.9	6770	1	739	0	0	1
104637	12598.2	8346	16.3	0	157.7	6774	1	616	0	0	1
104705	12444.6	8125.5	17.8	0	165.7	6777	1	513	0	0	1
104739	12409.8	8124.3	21.9	0	183.1	6779	1	566	0	0	1
105159	12626.4	8271.5	14.7	0	143.2	6803	1	483	0	0	1
105726	12297.3	8355.8	26.7	0	145.4	6839	1	434	0	0	1
106069	12369.3	8088.9	21	0	163.4	6859	1	762	0	0	1
106615	12181.8	8252.6	15.6	0	132.9	6892	1	419	0	0	1
107052	12406.2	8119.3	17.6	0	179.5	6920	1	567	0	0	1
107201	12226.2	8259.2	17.5	0	141.1	6931	1	445	0	0	1
107470	12301.4	8321.1	18	0	133	6948	1	302	0	0	1
107791	12662.9	8153.7	7.9	0	174.5	6966	1	1701	0	0	1
107809	12587.8	8095	12	0	169.4	6967	1	959	0	0	1
107849	12564.8	8048.9	12.8	0	157	6970	1	580	0	0	1
107866	12633	8062.4	20.3	0	187	6971	1	897	0	0	1
107937	12319.9	8086.6	27.1	0	171.2	6976	1	461	0	0	1
108003	12374.7	8126.9	18.7	0	150.4	6979	1	433	0	0	1
108024	12308.6	8178.1	27.4	0	150.9	6980	1	246	0	0	1
108042	12359.3	8223.1	11.9	0	145.2	6982	1	611	0	0	1
108501	12249.4	8244.7	9.7	0	154.8	7011	1	971	0	0	1
108525	12350.3	8199	23	0	174.4	7012	1	505	0	0	1
108545	12367.4	8150.3	21.7	0	158.1	7013	1	393	0	0	1
109095	12385.7	8191	26	0	176.8	7049	1	570	0	0	1
109111	12389.8	8168.4	26.3	0	197.3	7050	1	570	0	0	1
109152	12147.2	7798.2	27.1	0	159	7052	1	257	0	0	1
109193	12313.8	8212.1	11.7	0	168.9	7055	1	1269	0	0	1
109208	12298.1	8240	10.9	0	162.5	7056	1	927	0	0	1
109599	12272.7	8240.3	14.4	0	158.8	7080	1	648	0	0	1
109863	12088.9	8536.4	33.2	0	117.9	7095	1	158	0	0	1
110325	12246.6	8318.7	15.5	0	142.5	7124	1	446	0	0	1
110357	12243.3	8293	17.7	0	171.3	7126	1	675	0	0	1
110431	12274.6	8280.6	8.6	0	150.3	7131	1	1278	0	0	1
110694	12562.2	8059.4	21.2	0	168.2	7147	1	384	0	0	1
110724	12532.8	8118.3	27.6	0	185.7	7148	1	387	0	0	1
110732	12227.6	8269.2	25.1	0	176.3	7149	1	429	0	0	1
110758	12240.5	8324.8	32.6	0	117.9	7150	1	172	0	0	1
110791	12621.3	8265	17.9	0	152.8	7152	1	456	0	0	1
111018	12325.3	8173.8	27.3	0	185.8	7166	1	391	0	0	1
111361	12324.6	8188.7	27.7	0	189.8	7188	1	355	0	0	1
111377	12229.6	8255.9	15.1	0	190.8	7189	1	1154	0	0	1
111388	12274.9	8279.8	9.6	0	152	7190	1	956	0	0	1
111445	12303.8	8214.4	31.6	0	170	7193	1	240	0	0	1
111535	12407.4	8276.4	20.1	0	157.9	7200	1	570	0	0	1
111752	12237.2	8248	24	0	167.2	7213	1	351	0	0	1
111769	12249.2	8325.2	23.3	0	124.9	7214	1	201	0	0	1
111940	12318.1	8308.5	14.7	0	154.3	7226	1	568	0	0	1
111992	12286.1	8348.7	21.2	0	129.7	7229	1	259	0	0	1
112800	12209.2	8297.9	21.5	0	155.6	7284	1	332	0	0	1
112815	12242.5	8304.8	12.2	0	146.5	7285	1	563	0	0	1
112867	12685.8	8196.3	15.7	0	161.7	7290	1	525	0	0	1
112996	12230.8	8165	21.1	0	172.7	7298	1	609	0	0	1
113005	12252.1	8218.4	13.8	0	133.9	7299	1	445	0	0	1
113974	12208.6	8302.9	15.6	0	146.6	7364	1	472	0	0	1
114006	12183.9	8285.8	29.8	0	101.7	7365	1	98	0	0	1
114034	12370.2	8144.8	10	0	160.8	7368	1	904	0	0	1
114052	12386.6	8164.8	7.9	0	150.6	7369	1	1219	0	0	1
114069	12404.4	8184.1	8.6	0	151.3	7370	1	1220	0	0	1
114081	12410.1	8204.2	9.4	0	146.1	7371	1	866	0	0	1
114130	12404.9	8230.9	26	0	152	7373	1	246	0	0	1
114133	12500.3	7952.6	20.7	0	189.9	7374	1	424	0	0	1
114177	12575.1	7950.4	16.9	0	172.6	7377	1	920	0	0	1
114325	12013	8256.1	39.4	0	156.9	7385	1	167	0	0	1
114353	12557.4	7938.5	12	0	178.4	7387	1	903	0	0	1
114371	12531.8	7932.5	11.3	0	177.7	7388	1	1125	0	0	1
114428	12300.6	8219.2	12.4	0	158.6	7391	1	682	0	0	1
114444	12273.7	8247.6	9.2	0	161.7	7392	1	1160	0	0	1
114457	12301.6	8247.3	7.4	0	167.9	7393	1	1574	0	0	1
114476	12329.4	8237.5	6.9	0	192.3	7394	1	1986	0	0	1
114932	12353.8	8267.7	9.2	0	155.3	7425	1	955	0	0	1
114948	12413.5	8177.9	17	0	153.1	7426	1	453	0	0	1
114984	12635	8275.9	27.8	0	147	7429	1	238	0	0	1
115006	12661.1	8335.9	26.3	0	164	7430	1	323	0	0	1
115051	12638	8273.6	29.9	0	151.9	7433	1	241	0	0	1
115077	12648.4	8226.9	22	0	154.6	7435	1	402	0	0	1
115287	12351.8	8199.4	16.2	0	148.3	7448	1	423	0	0	1
115304	12330.6	8193.1	14.2	0	169.9	7449	1	485	0	0	1
115559	12501.7	8065.7	17	0	158.3	7464	1	488	0	0	1
115577	12528.4	8052.3	16	0	166.4	7465	1	518	0	0	1
115636	12249.4	8354.1	13.1	0	150.4	7468	1	895	0	0	1
115708	12277.6	8294.8	9.1	0	157	7472	1	1196	0	0	1
115778	12312.3	8255.6	9.6	0	156.1	7477	1	928	0	0	1
115796	12304.5	8274.9	9.1	0	175.5	7478	1	1390	0	0	1
115838	12333.8	8199.7	16.2	0	161	7480	1	486	0	0	1
115945	12251.9	8351	26.5	0	189.1	7487	1	381	0	0	1
115967	12746.1	8435.5	30.6	0	147.5	7490	1	299	0	0	1
115993	12261.6	8416.1	26	0	173.7	7491	1	317	0	0	1
116066	12366.5	8288.2	17.9	0	163.7	7497	1	533	0	0	1
116222	12632.8	8185.1	36.1	0	181.4	7506	1	269	0	0	1
116229	12266	8324.4	9.7	0	167.3	7507	1	1123	0	0	1
116243	12248.1	8339.6	15.3	0	148.9	7508	1	425	0	0	1
116754	12313.7	8094.2	16.9	0	149.2	7539	1	499	0	0	1
116879	12172.7	7835.5	28.6	0	109.9	7546	1	109	0	0	1
116881	12137	7829.4	24.4	0	156.9	7547	1	334	0	0	1
117409	12327.1	8227.4	13.9	0	168.5	7582	1	810	0	0	1
117432	12276.5	8290.5	21.3	0	136.3	7583	1	277	0	0	1
118008	12276	8030	25.2	0	153.7	7622	1	267	0	0	1
118110	12221.7	8276.7	13.6	0	151.1	7628	1	670	0	0	1
118274	12355.8	8120.1	19.8	0	140.1	7638	1	304	0	0	1
118397	12685.7	8136.4	20.8	0	126.6	7646	1	229	0	0	1
118553	11892.8	8237.1	12.7	0	134.9	7658	1	459	0	0	1
118840	12315.7	8302	20.7	0	151.8	7676	1	305	0	0	1
118856	12297.9	8286.3	8.2	0	160	7677	1	1321	0	0	1
118870	12294.1	8265.8	11.3	0	161.3	7678	1	997	0	0	1
119321	12278	8161.3	13.5	0	189.6	7706	1	1363	0	0	1
119346	12296.8	8168.8	12.4	0	168.7	7707	1	781	0	0	1
119357	12323.7	8203.5	10.7	0	151.5	7708	1	953	0	0	1
119372	12659.7	8172	19.8	0	168.3	7709	1	506	0	0	1
119747	12347.9	8213.7	12.3	0	160.7	7730	1	682	0	0	1
119833	12295.2	8135.2	24.2	0	170.1	7736	1	451	0	0	1
120230	12559.6	8100	22.3	0	152.8	7760	1	254	0	0	1
120264	12578.6	8037.1	19.2	0	170.7	7762	1	383	0	0	1
120623	11993.7	7872.9	16.7	0	195.7	7784	1	721	0	0	1
120630	12013.7	7905.3	20	0	181.8	7785	1	608	0	0	1
120659	12010.9	7857	24.2	0	197.5	7787	1	598	0	0	1
120945	12331.2	8237	9.4	0	162.9	7804	1	1834	0	0	1
121019	12307.4	8223.6	10.7	0	139.3	7808	1	898	0	0	1
121044	12306.9	8173.2	20.9	0	165.5	7809	1	693	0	0	1
121057	12333.7	8212.9	20.8	0	138.1	7810	1	448	0	0	1
121164	12272.6	8327.9	30.3	0	187.3	7816	1	340	0	0	1
121423	12365.8	8178.7	17.9	0	175.6	7830	1	551	0	0	1
121473	12344	8207.9	17.4	0	178.1	7834	1	709	0	0	1
121489	12372.2	8174.2	12.2	0	174.4	7835	1	1057	0	0	1
121547	12351.8	8188.9	17	0	155	7839	1	465	0	0	1
121685	12247.7	8302.6	22.6	0	145	7847	1	229	0	0	1
122027	12296.2	8286.2	6.5	0	145.3	7871	1	1603	0	0	1
122158	12254.9	8303.1	7.4	0	155.7	7878	1	1580	0	0	1
122232	12196.3	8231.9	7.6	0	176.7	7882	1	3391	0	0	1
122415	12606	8281.2	26.1	0	113.3	7896	1	144	0	0	1
122490	12430.8	8184.9	15.2	0	163.6	7902	1	442	0	0	1
122511	12407.9	8189.3	16.3	0	153	7903	1	418	0	0	1
122538	12645.2	8265.5	18.1	0	139.9	7905	1	432	0	0	1
122557	12628.9	8289.7	17.3	0	150.9	7906	1	403	0	0	1
122564	12626.4	8247.8	17.5	0	164	7907	1	581	0	0	1
122634	12349.8	8230.5	20.9	0	158.5	7912	1	446	0	0	1
122834	12276.4	8333.6	11.2	0	146.8	7924	1	606	0	0	1
122850	12316.5	8375.7	19.9	0	179.2	7925	1	712	0	0	1
122878	12229	8254.5	23.9	0	160.1	7927	1	292	0	0	1
123101	12142.5	7877.3	27.5	0	198.5	7942	1	366	0	0	1
123159	11883.3	8392.1	34.7	0	195.6	7946	1	420	0	0	1
123358	12233.6	8303	14.3	0	139	7960	1	424	0	0	1
123382	12214.6	8293.8	12.6	0	131.5	7961	1	396	0	0	1
123875	12375.9	8219	17.8	0	147.5	7996	1	401	0	0	1
124141	12142.1	8234	24.1	0	146.8	8012	1	357	0	0	1
124483	12351.4	8259.6	18.5	0	157.2	8033	1	342	0	0	1
124589	12363.5	8138.3	24	0	157.2	8039	1	283	0	0	1
124953	12262.4	8258.5	8.9	0	159	8063	1	905	0	0	1
124959	12263.5	8320.2	15.7	0	149.5	8064	1	481	0	0	1
124988	12290.3	8358.3	40.2	0	146.6	8065	1	208	0	0	1
125122	12222.1	8283.7	19.6	0	141	8073	1	279	0	0	1
125518	12359.6	8187.2	30.4	0	163.1	8098	1	346	0	0	1
125666	12269.8	8343.2	12.4	0	139.8	8108	1	419	0	0	1
125700	12597.6	8213.6	19.4	0	182.8	8111	1	700	0	0	1
126203	12504.7	7985.1	28.6	0	133.8	8141	1	162	0	0	1
126323	12355	7710.4	36.8	0	139.4	8151	1	178	0	0	1
126378	12376.1	8205.8	15.1	0	144.6	8155	1	527	0	0	1
126827	12407.4	8207.3	19.7	0	146.2	8183	1	313	0	0	1
127235	12653.2	8354.5	14.2	0	129.5	8208	1	341	0	0	1
127252	12597.5	8342.2	20.2	0	163.9	8209	1	524	0	0	1
127306	12477.9	8296	19.2	0	170.3	8212	1	623	0	0	1
127413	12413.5	8226.7	16.2	0	145	8219	1	338	0	0	1
127437	12427.6	8247.5	22.7	0	151.6	8220	1	383	0	0	1
128297	12241.1	8268.8	28.6	0	178.7	8279	1	262	0	0	1
128520	12409	8151.7	15.3	0	177.3	8295	1	698	0	0	1
128528	12383.7	8167.1	12.5	0	167.1	8296	1	673	0	0	1
128686	12574.4	8233.2	23.7	0	174.8	8307	1	339	0	0	1
129715	12393.7	8257.9	24.4	0	152.7	8377	1	515	0	0	1
129741	12358.5	8191.1	11.7	0	159.8	8379	1	1173	0	0	1
129747	12381.2	8178	8.6	0	155.5	8380	1	1160	0	0	1
129851	12387.8	8233.6	12.4	0	147.5	8388	1	544	0	0	1
129954	12398.5	8223	19.9	0	127.9	8395	1	292	0	0	1
130168	11996.2	7844.4	18.1	0	185.9	8410	1	1142	0	0	1
130318	12025.6	7881.1	16.5	0	198.9	8421	1	868	0	0	1
130331	12207.8	8276	28.7	0	169.9	8422	1	291	0	0	1
130443	12628.1	8351	23.4	0	148.7	8429	1	284	0	0	1
130478	12703.8	8174.4	19.5	0	146.3	8431	1	352	0	0	1
130576	12489.7	8309.1	15.5	0	162.9	8437	1	413	0	0	1
130777	12513.6	7937.8	31.3	0	160.9	8448	1	192	0	0	1
130801	12254.3	8270.1	19	0	164.1	8450	1	524	0	0	1
131034	12657.1	8179.3	21.5	0	149.1	8465	1	266	0	0	1
131332	12336.2	8145.5	17.4	0	167.7	8485	1	582	0	0	1
131511	12729.1	8200.3	18.9	0	138.4	8499	1	368	0	0	1
131929	12380.7	8217.1	13.4	0	149.1	8527	1	650	0	0	1
132004	12394.2	8232.6	26.3	0	154.8	8531	1	549	0	0	1
132101	12301.8	8333.4	14.1	0	138.7	8538	1	387	0	0	1
132274	12405.3	8220.6	12.9	0	162.7	8548	1	713	0	0	1
132283	12395.7	8270.8	13.9	0	175.6	8549	1	690	0	0	1
132304	12441.8	8215.6	17.5	0	143.8	8550	1	423	0	0	1
132633	12374.9	8162.2	17.7	0	123.6	8572	1	303	0	0	1
132818	12332.9	8172.9	14.2	0	122.7	8584	1	295	0	0	1
132880	12363.5	8168.5	17.7	0	124.5	8588	1	261	0	0	1
132892	12369.6	8147.6	19.5	0	122.6	8589	1	268	0	0	1
132926	12379.6	8127.5	30.2	0	131.7	8591	1	222	0	0	1
133040	12632.1	8331.4	12.9	0	123.3	8598	1	401	0	0	1
133061	12649.1	8350.7	14.8	0	134.7	8599	1	394	0	0	1
134232	12399.1	8148.1	23.2	0	145.3	8677	1	365	0	0	1
134242	12418.2	8159.3	23.5	0	137.6	8678	1	250	0	0	1
134552	12349.3	8194.8	17	0	170.6	8697	1	495	0	0	1
134752	12708.8	8191.3	20.5	0	165.3	8710	1	442	0	0	1
135220	12278.4	8290.3	19.8	0	165.9	8741	1	419	0	0	1
135247	12262.8	8257.2	12.5	0	149.3	8742	1	529	0	0	1
135262	12248.8	8274.2	11.2	0	140.4	8743	1	545	0	0	1
135648	12218.3	8366.8	20.1	0	196.4	8768	1	710	0	0	1
135698	12313.6	8209.3	27	0	161	8772	1	238	0	0	1
135851	12325	8248.6	13.9	0	157	8783	1	550	0	0	1
135882	12345.1	8230.4	17.6	0	191.8	8784	1	781	0	0	1
135890	12276.6	8288.7	21.2	0	177.9	8785	1	366	0	0	1
135974	12295.1	8245.9	35.1	0	102.6	8790	1	98	0	0	1
136032	12315.7	8216	16.4	0	146	8794	1	388	0	0	1
136177	12284.3	8312.7	18	0	162.7	8803	1	709	0	0	1
136221	12346.2	8109.8	16.6	0	171	8806	1	526	0	0	1
136235	12283.3	8330.5	9.7	0	150.2	8807	1	837	0	0	1
136805	12279.3	8310.7	16.8	0	148.5	8845	1	615	0	0	1
136943	12363.7	8156.7	21	0	167.5	8853	1	336	0	0	1
137158	12326.6	8214.8	6.5	0	167.4	8869	1	2265	0	0	1
137188	12348.8	8151.4	8.2	0	155.6	8870	1	1332	0	0	1
137458	12312	8341.1	21.1	0	127.1	8889	1	357	0	0	1
137622	11900	8079	19.2	0	144.4	8900	1	278	0	0	1
137694	12357.6	8189.8	10.9	0	148.2	8905	1	727	0	0	1
137721	12363.8	8215.4	20.2	0	143.8	8907	1	263	0	0	1
137894	12267	8295.1	28.4	0	154.4	8918	1	253	0	0	1
137940	12246.6	8329	10.8	0	142.6	8921	1	581	0	0	1
137970	12243.4	8246.1	18.3	0	174.6	8922	1	789	0	0	1
137998	11982.8	7833.5	26.5	0	140.9	8924	1	223	0	0	1
138160	12318.9	8185.9	12.1	0	178.5	8933	1	961	0	0	1
138178	12339.1	8140.3	11.2	0	171.5	8934	1	1017	0	0	1
138189	12326	8207.8	9	0	159.3	8935	1	977	0	0	1
138232	12221.6	8294.6	17.1	0	145.3	8938	1	328	0	0	1
138615	12212.8	8013.7	20	0	167.7	8960	1	548	0	0	1
138760	12293	8052.1	23.8	0	151.2	8970	1	315	0	0	1
138795	12230.1	8069.4	27.6	0	169.2	8972	1	248	0	0	1
138813	12261.9	8052.7	21.7	0	147.3	8973	1	265	0	0	1
138838	12325	8043.6	23.1	0	183.2	8975	1	368	0	0	1
138950	12216.3	8302	14.9	0	161	8982	1	623	0	0	1
138970	12198.3	8322.2	17.8	0	144.6	8983	1	515	0	0	1
139064	12384.1	8146.7	6.1	0	147.9	8990	1	1602	0	0	1
139166	12406.3	8144.5	12.9	0	184.3	8996	1	1051	0	0	1
139674	12290.2	8419.2	38.6	0	137.2	9029	1	154	0	0	1
139890	12338.3	8209.6	17.5	0	186.2	9044	1	602	0	0	1
139900	12256	8287.6	42.3	0	168.3	9045	1	321	0	0	1
139939	12420.1	8225.7	15.5	0	168.7	9047	1	627	0	0	1
139995	12439.9	8178.8	19.5	0	148.4	9050	1	344	0	0	1
140911	12281.5	8247.7	32.6	0	146.1	9112	1	186	0	0	1
141296	12242.5	8305.1	35.4	0	151.1	9138	1	183	0	0	1
141305	12389.6	8177.5	20.6	0	175	9139	1	449	0	0	1
141328	12381.1	8128.7	12.8	0	154.6	9141	1	658	0	0	1
141861	12356.2	7946.3	20.3	0	167.1	9178	1	439	0	0	1
142062	12334.8	8193.1	11.8	0	144.6	9189	1	589	0	0	1
142584	12153.7	8250.2	26.2	0	181	9223	1	305	0	0	1
142928	12355.4	8224.5	13.9	0	167	9246	1	537	0	0	1
143271	12665.3	8201.7	27.3	0	140.4	9269	1	336	0	0	1
143336	12652.5	8184.2	12.9	0	155.5	9274	1	625	0	0	1
143393	12379.2	8191.6	15.7	0	160.5	9277	1	567	0	0	1
143426	12356.3	8186.5	10.3	0	160.9	9279	1	832	0	0	1
143443	12311.8	8196	11.9	0	168.6	9280	1	863	0	0	1
143830	12659.9	7894.4	19	0	159.6	9303	1	439	0	0	1
143862	12387.2	7921.4	26.6	0	179.8	9306	1	412	0	0	1
143899	12368.2	7928.2	26.8	0	131.5	9308	1	203	0	0	1
143988	12303.1	8354.8	20.2	0	173.2	9313	1	476	0	0	1
143996	12285.8	8317.6	13.4	0	154.4	9314	1	560	0	0	1
144009	12257.6	8352.9	27.5	0	182.1	9315	1	400	0	0	1
144257	12402	8154.5	20	0	169.5	9331	1	397	0	0	1
144325	12276.5	8285.1	16.1	0	174.2	9335	1	582	0	0	1
144689	12389.9	8576.2	21.3	0	173.1	9358	1	392	0	0	1
145118	12340.2	8410.4	25.6	0	138.9	9387	1	262	0	0	1
145184	12283.1	8169	38	0	185.3	9391	1	210	0	0	1
145194	12358.3	8157	16.3	0	164.3	9392	1	535	0	0	1
145207	12296.1	8295	15.4	0	159.7	9393	1	477	0	0	1
145225	12327.1	8246.1	12.3	0	171.2	9394	1	724	0	0	1
145264	12371.6	8229.7	13.1	0	179.9	9397	1	854	0	0	1
145288	12373.2	8256.8	8.7	0	157.3	9398	1	1224	0	0	1
145290	12250.3	8282.1	8.7	0	156.1	9399	1	1113	0	0	1
145349	12297.1	8232.5	13.7	0	175.3	9402	1	880	0	0	1
145361	12281.7	8213.5	17.6	0	162.5	9403	1	481	0	0	1
145511	12415.8	8100.5	18.9	0	150.3	9411	1	352	0	0	1
146455	12304.5	8286.2	8	0	168.6	9478	1	1488	0	0	1
146487	12340.1	8219.3	7.2	0	151.7	9479	1	1351	0	0	1
146508	12362.4	8201.3	9.5	0	148.6	9481	1	1177	0	0	1
147540	12355.1	8236.8	8.2	0	146.1	9545	1	1001	0	0	1
147561	12335.2	8241.4	5.4	0	142.3	9546	1	2099	0	0	1
147815	12258.3	8284.6	8.8	0	152.9	9564	1	1795	0	0	1
148116	12604.5	8086.5	31.5	0	162.7	9583	1	280	0	0	1
148151	12283.3	8308.8	47	0	160.7	9585	1	214	0	0	1
148421	12411.4	8089	20.5	0	151	9604	1	297	0	0	1
148442	12425.9	8110.4	15.5	0	159.1	9605	1	492	0	0	1
148699	12258.9	8330.1	9.4	0	135.3	9622	1	697	0	0	1
148716	12248.5	8371.4	14.9	0	158.9	9623	1	953	0	0	1
148879	12385.2	8234.1	19.2	0	141.2	9634	1	305	0	0	1
148897	12384.2	8201	12.4	0	152	9635	1	630	0	0	1
148904	12323.7	8218.6	8.8	0	162.9	9636	1	1032	0	0	1
148934	12421.2	8188.5	19.1	0	151.3	9637	1	461	0	0	1
149431	12187.1	8308.9	20.2	0	127.9	9669	1	328	0	0	1
149793	12337.9	8334.6	26.1	0	177.1	9689	1	411	0	0	1
149803	12313.1	8316.6	15.1	0	140.5	9690	1	350	0	0	1
149823	12337.6	8278	24.4	0	133.3	9691	1	151	0	0	1
149846	12356.5	8179.6	14.7	0	157.9	9693	1	456	0	0	1
149990	12644.9	8191.8	14.5	0	143.2	9704	1	450	0	0	1
150015	12653	8162.3	17.7	0	143	9705	1	451	0	0	1
150313	12634.7	8244.1	16.8	0	171.9	9723	1	598	0	0	1
150321	12275.7	8357.6	21.5	0	185.6	9724	1	591	0	0	1
150335	12297.9	8280.6	5.9	0	149	9725	1	1941	0	0	1
150358	12270.2	8329.5	17.6	0	164.4	9726	1	684	0	0	1
150401	12252.4	8274.1	10.4	0	166.4	9730	1	982	0	0	1
150473	12223.9	8257.4	13.5	0	140.1	9735	1	410	0	0	1
150482	12214.5	8279.5	14.6	0	175.1	9736	1	654	0	0	1
150513	12250	8286.4	33.5	0	136.6	9737	1	176	0	0	1
150597	12189.5	8265.6	19.7	0	160.5	9743	1	331	0	0	1
150608	12206.6	8289	6.8	0	155.7	9744	1	1824	0	0	1
150719	12169.7	8282.2	13.7	0	151.3	9751	1	505	0	0	1
150778	12201.8	8318.1	15	0	172.4	9755	1	762	0	0	1
150817	12164.2	8276.1	17.3	0	164.9	9757	1	402	0	0	1
150967	12380.8	8151.6	28.2	0	151.6	9766	1	239	0	0	1
151146	12625.3	7916.9	9.4	0	164.2	9777	1	1333	0	0	1
151176	12651.9	7876.8	23.5	0	123.8	9780	1	200	0	0	1
151282	12384.5	8186.7	16.8	0	105.1	9787	1	210	0	0	1
151334	12266.7	8320.8	13.5	0	160.5	9790	1	588	0	0	1
151356	12393.9	8193.2	16.1	0	143.3	9792	1	497	0	0	1
151372	12413	8208.5	27.8	0	150.3	9793	1	191	0	0	1
151612	12378.5	8152.7	23.4	0	138.7	9808	1	204	0	0	1
151647	12226.1	8268.8	38.5	0	138.5	9811	1	195	0	0	1
151852	12256.8	8263.4	11.6	0	135.2	9824	1	526	0	0	1
152172	12045.2	7810.5	43.4	0	163	9845	1	214	0	0	1
152467	12331.1	8184.8	24.4	0	184.8	9865	1	401	0	0	1
152487	12329.1	8214	8.5	0	151.5	9866	1	957	0	0	1
152528	12341.9	8251.2	30.8	0	124.1	9868	1	132	0	0	1
152577	12352.4	8313.5	29.1	0	157.5	9871	1	221	0	0	1
152791	12354.1	8576.5	33.8	0	160.7	9887	1	212	0	0	1
153010	12264.3	8065.1	11.5	0	157.6	9902	1	768	0	0	1
153151	12245.3	8230	21.2	0	178.1	9910	1	528	0	0	1
153168	12331.6	8063.5	27	0	160.5	9911	1	263	0	0	1
153191	12247.4	8064.4	23.8	0	141.6	9913	1	199	0	0	1
153886	12428	8228.6	25.2	0	117.5	9959	1	122	0	0	1
154164	12332.5	8255.9	12	0	174.3	9978	1	1044	0	0	1
154175	12344.8	8186	24.3	0	190.6	9979	1	363	0	0	1
154276	12276.7	8304.9	20.4	0	139.2	9986	1	241	0	0	1
154350	12242.1	8282.1	27.4	0	142.8	9991	1	198	0	0	1
154418	12428.2	8129.7	21.8	0	143.4	9995	1	245	0	0	1
154446	12425.2	8156.8	26.5	0	160.5	9997	1	260	0	0	1
154461	12402.9	8196.9	23	0	153	9998	1	237	0	0	1
155329	12522.1	8581.8	19.6	0	162.5	10059	1	526	0	0	1
155418	12599.6	8604.6	12	0	169.5	10064	1	1127	0	0	1
155649	12365.6	8150.4	15.1	0	175.3	10082	1	622	0	0	1
155663	12371.5	8192	22.5	0	185.3	10083	1	422	0	0	1
155962	12570.1	8065	30.3	0	158.1	10105	1	273	0	0	1
156326	12404.6	8205.5	28.5	0	122.9	10131	1	154	0	0	1
156379	12314.5	8196.4	18.8	0	150	10134	1	414	0	0	1
156384	12269.8	8230.4	11	0	141.2	10135	1	735	0	0	1
156394	12335.6	8195.4	21.4	0	152.1	10136	1	346	0	0	1
156427	12416.7	8186.3	24.4	0	107.7	10138	1	125	0	0	1
156458	12417.8	8165.8	22.2	0	133	10140	1	175	0	0	1
156459	12373.2	8264.7	20.8	0	183.4	10141	1	491	0	0	1
156686	12389.3	8146.5	13.1	0	151.7	10157	1	526	0	0	1
156728	12278.5	8126.6	28.5	0	130.8	10161	1	143	0	0	1
156792	12417.4	8180.6	29.3	0	115.8	10165	1	123	0	0	1
156809	12341.9	8219.5	8.8	0	157.8	10166	1	1017	0	0	1
156855	12293.9	8245.3	12.3	0	193.1	10170	1	1290	0	0	1
156875	12246.5	8299.4	7.6	0	155.8	10171	1	1731	0	0	1
156883	12256.7	8280.9	8.9	0	156.7	10172	1	1098	0	0	1
156897	12260.6	8258.5	13.3	0	164.5	10173	1	523	0	0	1
156925	12393.8	8184.2	33.5	0	126.5	10174	1	135	0	0	1
156934	12366.6	8187.1	32	0	136	10175	1	182	0	0	1
156958	12407.8	8204.3	28.6	0	138.4	10176	1	253	0	0	1
156981	12436.2	8216.5	32	0	161.1	10177	1	301	0	0	1
157050	12404.5	8176	21.3	0	131.4	10181	1	184	0	0	1
157157	12383.1	8144.7	29	0	123.4	10188	1	165	0	0	1
157198	12439.3	8136.7	31.9	0	171.7	10191	1	247	0	0	1
157212	12422.5	8183	24.1	0	124.3	10192	1	151	0	0	1
157342	12447.2	8176.4	30.5	0	145.2	10203	1	203	0	0	1
157360	12406.3	8166.6	31.4	0	118.8	10204	1	120	0	0	1
157408	12364.6	8219.5	25.1	0	127.5	10207	1	194	0	0	1
157625	12440.8	8189.6	38.7	0	108.9	10221	1	100	0	0	1
157697	12383.2	8185.2	31.1	0	130.8	10226	1	157	0	0	1
157763	12424.9	8161	27.2	0	130.6	10231	1	160	0	0	1
157966	12355.3	8207.5	32.9	0	145.7	10244	1	182	0	0	1
157975	12432.6	8210.9	25.9	0	146	10245	1	208	0	0	1
158102	12387.6	8195.7	18.1	0	140.7	10254	1	228	0	0	1
158132	12346.6	8171.9	12.3	0	171.7	10255	1	859	0	0	1
158144	12421.9	8189.7	17.9	0	142.8	10256	1	302	0	0	1
158191	12457	8235.3	26.1	0	179.2	10259	1	609	0	0	1
158306	12393.8	8277.8	20.6	0	182.7	10266	1	409	0	0	1
158358	12396.3	8239.5	30.6	0	130.4	10270	1	159	0	0	1
158420	12421.2	8229.2	31.2	0	138.5	10274	1	156	0	0	1
158594	12250.5	8132.2	27.2	0	188.1	10283	1	593	0	0	1
159310	12274	8288.9	23.3	0	165.3	10330	1	679	0	0	1
159380	12403.3	8148.5	17	0	155.6	10334	1	512	0	0	1
159394	12405.4	8104.7	23.1	0	184.4	10335	1	462	0	0	1
159440	12206.4	7860.4	27.6	0	125.9	10337	1	169	0	0	1
159573	12418.7	8198.3	11	0	174.7	10346	1	1263	0	0	1
159869	12385.8	8144.4	14.5	0	156.6	10365	1	739	0	0	1
160128	12468.7	8299.5	20.4	0	151.4	10383	1	368	0	0	1
160226	12253.6	8319.8	20.5	0	126.4	10390	1	266	0	0	1
160236	12282.7	8295.2	26.4	0	149.3	10391	1	201	0	0	1
160483	12664.6	8120.4	29.6	0	164.8	10408	1	227	0	0	1
160653	12692.4	8189.6	16.3	0	169.7	10421	1	495	0	0	1
160845	12376.5	8136.5	17.6	0	192.1	10435	1	526	0	0	1
161157	12278	8283.6	8.5	0	139.7	10457	1	807	0	0	1
161274	12333.3	8229.6	19.2	0	176.7	10466	1	668	0	0	1
161538	12447.2	8269.7	9.8	0	162.1	10484	1	914	0	0	1
161547	12492	8302.3	20.5	0	156.4	10485	1	294	0	0	1
161697	11903.2	8337.1	22.6	0	169.7	10496	1	575	0	0	1
162035	12341	8207.8	9.9	0	160.8	10519	1	887	0	0	1
162055	12375.6	8186.3	10	0	158.9	10520	1	1263	0	0	1
162319	12459.5	8582.4	24.8	0	150	10539	1	267	0	0	1
162401	12273	8240.2	11.9	0	167.3	10546	1	858	0	0	1
163606	12238.4	8285.5	18.8	0	159.7	10627	1	581	0	0	1
163765	12126.6	8638.3	36.5	0	196.8	10637	1	371	0	0	1
163947	12279.9	8323.4	21.5	0	140.8	10649	1	217	0	0	1
164048	12287.3	8330.4	15.8	0	151.5	10656	1	512	0	0	1
164071	12264.7	8320.1	7.7	0	157.9	10658	1	1313	0	0	1
164130	12303	8144.5	23.3	0	165.5	10661	1	301	0	0	1
164139	12326.3	8152.1	13.3	0	180.5	10662	1	716	0	0	1
164155	12368.1	8154.6	9.9	0	174.8	10663	1	1100	0	0	1
164159	12258.8	8185.1	24	0	193.4	10664	1	614	0	0	1
164180	12315.5	8206.1	21.7	0	186.6	10665	1	449	0	0	1
164209	12314	8282.3	15.2	0	192.4	10668	1	921	0	0	1
164435	12355.4	8157.6	24.3	0	156.5	10684	1	385	0	0	1
164748	12364.8	8234.1	17.6	0	127.9	10706	1	381	0	0	1
164770	12346.3	8217.7	17.5	0	132.4	10707	1	352	0	0	1
165458	12283.7	8273.4	23.6	0	174.5	10752	1	434	0	0	1
165857	12369	8160.7	20.1	0	178.4	10778	1	658	0	0	1
165894	12233.9	8322.6	21.8	0	152.8	10780	1	352	0	0	1
166279	12247.2	8288	16.2	0	136.6	10807	1	323	0	0	1
166585	11899.2	8081.2	18.5	0	177.2	10828	1	474	0	0	1
166603	11871.9	8065.3	15.4	0	161.4	10829	1	444	0	0	1
166763	12395.5	8203.9	15.7	0	150.4	10839	1	607	0	0	1
166775	12368.7	8193.3	20.8	0	157.3	10840	1	428	0	0	1
166802	12379.8	8146.3	24.8	0	146.9	10841	1	179	0	0	1
166908	12220.6	8268.3	20	0	150.1	10849	1	290	0	0	1
167064	12657.2	8141.2	15.9	0	139.2	10860	1	325	0	0	1
167075	12576	8152.2	16.6	0	198.7	10861	1	848	0	0	1
167464	12363.7	8233.6	14.8	0	165	10886	1	552	0	0	1
167627	12165.3	8247.8	30.7	0	165.4	10896	1	308	0	0	1
168176	12401.8	8214	27.8	0	135.4	10933	1	161	0	0	1
168182	12377.3	8188.2	14.4	0	142.5	10934	1	491	0	0	1
168403	12320.2	8357.7	30.6	0	131.4	10949	1	199	0	0	1
168421	12285	8275.3	14.2	0	142.9	10950	1	470	0	0	1
168452	12170.5	8228	15.8	0	156.3	10952	1	498	0	0	1
168776	12773.3	8399.5	29.4	0	135.8	10973	1	172	0	0	1
168988	12280.2	8224.4	24.8	0	135.9	10987	1	163	0	0	1
169516	12365.2	8221.7	10.7	0	153.7	11024	1	750	0	0	1
169615	12237.3	8162.6	9.8	0	165.5	11032	1	1041	0	0	1
169633	12173.5	8231.1	13.1	0	150.6	11033	1	580	0	0	1
169672	12231.4	8311.3	21.5	0	153.6	11036	1	324	0	0	1
169677	12214.9	8322.7	12.1	0	162.1	11037	1	594	0	0	1
169854	12247.5	8190.4	15.6	0	147.7	11049	1	384	0	0	1
169906	12251.8	8315.4	14.1	0	144.1	11053	1	495	0	0	1
169933	12275	8326.5	10.1	0	144.7	11055	1	769	0	0	1
170345	12420.6	8207	23.9	0	178.4	11085	1	607	0	0	1
170385	12363.9	8150.6	16	0	131.7	11088	1	290	0	0	1
170455	12645.6	8278.1	27.2	0	156.5	11092	1	265	0	0	1
170676	12236.1	8288.6	18	0	180.4	11107	1	536	0	0	1
170707	12500.9	8307.8	13.2	0	153.2	11110	1	433	0	0	1
171082	12730.8	8289.5	28	0	164.2	11137	1	325	0	0	1
171176	12252.4	8258.2	13.1	0	170.1	11142	1	727	0	0	1
171194	12257.9	8220.9	20.6	0	164.1	11143	1	357	0	0	1
171796	12242.8	8258	20.8	0	159.3	11182	1	392	0	0	1
172027	12328.2	8066	35.9	0	140.3	11198	1	158	0	0	1
172314	12317.1	8304.8	16.3	0	178.8	11219	1	606	0	0	1
172360	12305.7	8272.1	27.6	0	175.9	11222	1	382	0	0	1
172398	12391.4	8094.2	15.6	0	137.9	11225	1	463	0	0	1
172414	12365.1	8141.4	22.2	0	140.2	11226	1	196	0	0	1
172529	12642.3	8287	31	0	157.2	11233	1	198	0	0	1
172843	12619.9	8345.3	12.7	0	194.7	11255	1	791	0	0	1
172862	12769.1	8376.9	19	0	155.7	11256	1	413	0	0	1
173054	12342.6	7829.7	47.7	0	111.4	11269	1	94	0	0	1
173410	12268.3	8281.9	16.6	0	137.8	11296	1	360	0	0	1
173451	12186.1	8292.8	16.1	0	149	11299	1	443	0	0	1
173479	12214.5	8299.3	8.8	0	142.5	11300	1	875	0	0	1
173832	12247.8	8262.5	11.5	0	158.3	11323	1	672	0	0	1
174215	12301.4	8233.3	20	0	180.7	11349	1	783	0	0	1
174403	12300.3	8302.9	15.3	0	162.3	11360	1	633	0	0	1
174421	12306.5	8346.6	18.6	0	138.8	11362	1	382	0	0	1
174494	12330.8	8342.8	18.8	0	149	11366	1	471	0	0	1
174612	12555.9	8027.3	22.9	0	183.7	11374	1	426	0	0	1
174644	12246.4	8327.5	17.1	0	120	11376	1	380	0	0	1
174681	12265.3	8285.7	17	0	143	11379	1	426	0	0	1
174731	12160.5	8257.2	22.2	0	160	11382	1	380	0	0	1
174779	12193.3	8254.5	18.3	0	155.3	11384	1	587	0	0	1
174918	12249.2	8300.8	23.5	0	146.2	11397	1	315	0	0	1
174932	12194.8	8207.2	17.8	0	158.9	11398	1	305	0	0	1
174969	12195.6	8194.2	18.3	0	166.4	11402	1	550	0	0	1
175180	12306.7	8324.8	18.7	0	171.5	11416	1	666	0	0	1
175194	12406.2	8353.1	22.7	0	183.7	11417	1	483	0	0	1
175373	12291.4	8287.7	8.6	0	146.6	11429	1	976	0	0	1
175396	12283	8265.7	12.9	0	151.7	11430	1	532	0	0	1
175404	12268.6	8243.1	21.9	0	142.8	11431	1	244	0	0	1
175525	12408.2	8134.6	9.6	0	170.7	11440	1	1441	0	0	1
175852	12460.9	8202.9	11.5	0	171.3	11460	1	939	0	0	1
175858	12457.8	8259.4	13.7	0	183.1	11461	1	725	0	0	1
175903	12504.2	8322.9	17.6	0	152.1	11464	1	292	0	0	1
175957	12295.8	8334.8	18.3	0	148.4	11468	1	322	0	0	1
176590	12299.5	8152.6	21.1	0	165.9	11513	1	414	0	0	1
176660	12371.3	8172	8.1	0	139.9	11517	1	1005	0	0	1
176666	12369.3	8146.7	14.4	0	140	11518	1	594	0	0	1
176732	12434.2	8223.5	17	0	166	11522	1	424	0	0	1
177189	12253	8269	32.3	0	123	11553	1	149	0	0	1
177228	12367.4	8226.8	13.5	0	145.8	11556	1	492	0	0	1
177375	12173.9	7859.5	25.3	0	173.3	11568	1	242	0	0	1
177383	12406.5	8090.4	16.8	0	157.1	11570	1	455	0	0	1
177408	12449.7	8106	17.8	0	177	11571	1	547	0	0	1
177412	12406.5	8048.9	27.2	0	134.8	11572	1	186	0	0	1
177591	12233.6	8298.1	14.4	0	142.7	11584	1	388	0	0	1
177772	12433.1	8274.3	23.5	0	156.9	11595	1	256	0	0	1
178010	11995.4	8186.3	22.5	0	140.1	11614	1	295	0	0	1
178137	12275.2	8244.2	17.6	0	162.4	11625	1	338	0	0	1
178191	12424	8235.7	15.1	0	156.5	11628	1	455	0	0	1
178217	12681.6	8180.5	19.2	0	140.4	11630	1	260	0	0	1
178290	12261.3	8253.4	12.8	0	152	11636	1	565	0	0	1
178743	12341.7	8250.3	25.9	0	173.4	11669	1	295	0	0	1
178881	12010.4	7876.9	15.9	0	159	11680	1	487	0	0	1
179164	12165.9	7877.2	25.3	0	165.3	11701	1	265	0	0	1
179450	12293.5	8163.8	15.2	0	173.4	11722	1	535	0	0	1
179866	12375.8	8157	20.5	0	166	11745	1	357	0	0	1
180063	12211.9	8324	22.9	0	146.7	11755	1	322	0	0	1
180363	12406	8175.3	21.8	0	163.5	11769	1	374	0	0	1
180448	12305.5	8280.3	34.4	0	169.6	11774	1	265	0	0	1
180613	12667.4	8190.8	24.4	0	142.7	11782	1	375	0	0	1
180641	12684.9	8176.9	15.6	0	144.6	11783	1	438	0	0	1
180793	12739.3	8390	26.2	0	180.8	11793	1	848	0	0	1
180848	12753.7	8417	22.6	0	137.5	11796	1	348	0	0	1
180898	12686.2	8118.6	30.2	0	188.1	11798	1	344	0	0	1
181086	12767.3	8382	23.6	0	118.5	11808	1	305	0	0	1
181110	12764.6	8404.3	17	0	138.1	11809	1	429	0	0	1
181219	12301	8114.9	17.1	0	161	11815	1	405	0	0	1
181268	12333.3	8349.4	24.3	0	194.2	11818	1	510	0	0	1
181452	12385.7	8173.3	30.6	0	162.4	11828	1	275	0	0	1
181521	12361.8	8152.6	17.5	0	168.5	11831	1	350	0	0	1
181587	12159.3	8230.5	21.9	0	151.5	11834	1	265	0	0	1
181745	12503.6	8262.2	25.7	0	160.1	11842	1	362	0	0	1
182541	12384.8	8136.7	19.3	0	188.7	11886	1	957	0	0	1
182622	12316.7	8210.9	14.8	0	169.4	11889	1	813	0	0	1
183009	12001.2	8130.8	24.2	0	155.5	11909	1	323	0	0	1
183102	12067	8444.5	24.6	0	100.2	11913	1	104	0	0	1
183115	12187.7	8258.3	26.5	0	164.7	11914	1	251	0	0	1
183822	12387.6	8167.9	17	0	148.5	11949	1	425	0	0	1
183860	12374	8202.5	11.3	0	179.4	11951	1	1141	0	0	1
183893	12383.4	8147.5	15.5	0	151.9	11953	1	441	0	0	1
183928	12300.1	8267.4	20.2	0	185.9	11955	1	626	0	0	1
183938	12346	8204.5	14.4	0	175.1	11956	1	814	0	0	1
184081	12358.3	8187.4	9.1	0	168.6	11964	1	1278	0	0	1
184181	12323.6	8151.2	25.2	0	170.4	11968	1	514	0	0	1
184614	12173.9	8219.6	31	0	185.4	11992	1	370	0	0	1
184637	12245.3	8206.2	17.9	0	171.7	11993	1	666	0	0	1
184664	12283.5	8198.8	13.3	0	186.4	11994	1	980	0	0	1
184674	12293.6	8160.3	13.2	0	182	11995	1	968	0	0	1
185105	12234.1	8278.9	3.3	0	149.4	74	9	14034	0	3	1
185169	12289.7	8259.7	3.8	0	164	91	4	16358	0	3	1
185196	12299.7	8259.9	6.1	0	159.7	98	3	9302	0	0	1
185293	12247.4	8284.3	8.1	0	160.4	120	3	1754	0	0	1
185328	12319.4	8231.2	7.4	0	154.8	129	2	1741	0	0	1
185389	12340	8198.2	7.8	0	168.2	143	2	2142	0	0	1
185424	12246.2	8276	14.1	0	140.4	155	2	615	0	0	1
185460	12327	8275.3	12.7	0	166.7	165	2	932	0	1	1
185563	12387.2	8154.5	5.1	0	171.7	186	3	5310	0	1	1
185568	12372.7	8173.1	5.5	0	175.9	188	3	3569	0	1	1
185580	12424.4	8135.7	10	0	182	192	2	1240	0	0	1
185620	12382.4	8197.2	5.3	0	183.1	206	3	3577	0	2	1
185726	12409.1	8143.6	13	0	171.5	234	2	717	0	2	1
186042	12348.9	8248.3	4.1	0	160.8	303	8	6553	0	5	1
186047	12330.1	8252.4	8	0	152.5	304	2	1398	0	0	1
186882	11918.7	8262.7	9.5	0	151.4	499	2	1077	0	1	1
187138	12269.4	8274.1	5.3	0	158.4	563	2	6764	0	0	1
187157	12307.7	8253.9	5.8	0	162.5	567	2	4393	0	0	1
187165	12355.4	8206.9	7.1	0	162.3	569	1	1061	0	7	1
187242	12355.9	8227.4	7.4	0	141.9	584	2	1553	0	0	1
187260	12362.2	8227.7	9.9	0	145.1	589	2	1146	0	0	1
187603	12297.8	8372	10.4	0	150.8	670	2	825	0	0	1
187644	12280.9	8342	7.8	0	154.2	680	2	1111	0	0	1
187688	12289.2	8373.1	12	0	143.1	688	2	724	0	0	1
187734	12286.6	8384.7	7.2	0	155.1	700	7	2636	0	6	1
187744	12233.2	8389.5	13.3	0	159.6	702	2	762	0	1	1
187814	12358.2	8248.4	11.5	0	139.7	720	3	1388	0	0	1
188091	11998.9	7853.3	8.2	0	118.8	792	3	901	0	1	1
188107	12012.1	7873.4	12	0	172.1	797	2	1100	0	1	1
188197	12203.9	8241.3	6.7	0	164.3	820	3	3230	0	1	1
188410	12314	8275.9	4.1	0	151.9	880	3	3521	0	0	1
188421	12290	8291.9	5.5	0	146.4	883	4	4049	0	0	1
188648	12393.5	8225	10.9	0	141.8	937	2	698	0	0	1
188804	12270.8	8280.5	14.3	0	146.1	970	2	776	0	0	1
188833	12239.5	8242.7	10.2	0	137.6	977	2	863	0	0	1
188904	12388.3	8145.6	4.3	0	157.1	993	5	4821	0	0	1
189112	12001.3	7891.9	12.4	0	152.3	1040	2	550	0	2	1
189381	12260.5	8285.2	7.1	0	163.9	1099	3	2500	0	0	1
189402	12227.3	8270.1	6.4	0	150.1	1103	2	1513	0	0	1
189751	12258.6	8278.3	7.8	0	159	1189	2	1423	0	0	1
189817	12689.6	8163.1	7.4	0	159.4	1207	3	1960	0	0	1
189941	12671.5	8187.1	6.8	0	153.8	1241	3	3540	0	0	1
190390	12680.1	8184.1	6.2	0	163.6	1349	3	3622	0	0	1
190505	12269.1	8304.9	10	0	158.3	1381	2	733	0	2	1
190769	12389.6	8221.9	10	0	156.7	1442	2	1407	0	0	1
190789	12363.8	8206.4	11.6	0	176	1447	2	931	0	0	1
190863	12305.2	8313.1	6.6	0	154.9	1463	3	2448	0	0	1
191132	12290.5	8285.4	9	0	142.8	1528	2	929	0	2	1
191277	12383.3	8194.7	6.8	0	156.4	1562	2	1502	0	0	1
191288	12382.3	8215.6	9.2	0	142.3	1565	3	1035	0	1	1
191300	12393.2	8236.7	9.8	0	152.6	1567	2	779	0	1	1
191310	12370.7	8256.5	9.8	0	163.9	1570	2	973	0	0	1
191657	12278.5	8301.5	9.8	0	171.2	1653	1	942	0	9	1
191714	12528.5	8104.9	6.8	0	181	1666	2	2964	0	1	1
191741	12531.6	8100	4.7	0	181.5	1672	5	7348	0	1	1
191820	12558.2	8087.2	7.5	0	181.3	1694	5	3804	0	1	1
191877	12568.6	8084.7	10.1	0	176.6	1708	2	1265	0	0	1
192035	12328.2	8219.9	10.5	0	153.8	1750	3	1560	0	1	1
192069	12253.8	8295.4	6.1	0	159.1	1759	5	4471	0	2	1
192089	12262.2	8262.4	7	0	158.3	1763	2	1692	0	0	1
192103	12301	8292.6	7.7	0	172.1	1766	2	2876	0	0	1
192128	12436.1	8238.5	6.8	0	156.1	1774	2	2091	0	0	1
192337	12325.5	8183.3	7.5	0	176.7	1829	2	1673	0	0	1
192534	12375.8	8571.3	5.6	0	164.6	1881	2	2562	0	1	1
192540	12389.1	8538	4.5	0	157.4	1882	4	5038	0	1	1
192607	12350.4	8479.7	6	0	176.3	1898	2	2897	0	0	1
192681	12459.1	8325.5	13	0	133.6	1922	2	476	0	0	1
193281	12412.5	8144	9	0	165.6	2076	2	1546	0	0	1
193291	12362.9	8188.2	4.6	0	164.7	2078	2	2511	0	0	1
193385	12330.5	8227	6.4	0	179.7	2107	2	1880	0	0	1
193534	12346	8121.3	10	0	179.4	2147	3	1381	0	2	1
193998	12233	8282	5.5	0	148.1	2260	5	3318	0	0	1
194118	12330.7	7873.3	4.6	0	149	2290	3	2581	0	0	1
194461	12526.6	7962.1	12	0	190.3	2381	2	1151	0	0	1
194524	12278.7	8339.8	6.5	0	141.7	2392	3	1746	0	0	1
194590	12295.9	8260.1	7.1	0	166.1	2408	2	1765	0	0	1
194598	12386.6	8169.5	7.4	0	156.9	2410	2	1695	0	0	1
194689	12332.4	8238.3	10.6	0	166.8	2434	2	970	0	0	1
194862	12265.1	8251.8	5.2	0	147.5	2477	3	3147	0	0	1
194888	12304.2	8259	10.8	0	156	2485	2	883	0	0	1
194893	12354.4	8242.1	4.7	0	149.5	2487	4	3402	0	0	1
194915	12349.4	8260.1	5.8	0	136.7	2491	4	1935	0	0	1
195004	12333.1	8253.9	5	0	143.4	2515	2	1623	0	0	1
195024	12303	8294.1	13	0	163.1	2519	2	589	0	0	1
195764	12296.2	8280.6	9.1	0	153.3	2670	2	1148	0	0	1
195782	12268.4	8262.2	6.7	0	159.6	2673	2	2323	0	0	1
196078	12284.9	8313.5	13.7	0	139.3	2741	2	538	0	1	1
196091	12269.2	8293	7.7	0	148.7	2744	2	1228	0	0	1
196210	12360.6	8241	7.5	0	186.5	2769	3	2926	0	0	1
196399	12357.5	8285.8	10.4	0	173.6	2811	2	1312	0	1	1
196425	12321	8277.7	5.1	0	166.8	2815	3	3518	0	1	1
196490	12366.9	8230.4	8.7	0	155.6	2830	2	1363	0	0	1
196553	12233.8	8272.4	4.3	0	156.7	2845	4	3463	0	1	1
196639	12297.3	8266.6	8.7	0	150.3	2862	2	1240	0	0	1
197111	12189.9	8271.5	4.4	0	161.7	2959	3	4197	0	1	1
197252	12250.5	8287.4	6.3	0	144	2992	2	1027	0	0	1
197488	12237.9	8310.6	8.5	0	158.8	3044	2	1664	0	0	1
198025	12249.7	8182.4	6	0	171.6	3161	3	2720	0	2	1
198028	12269.2	8161.7	6.4	0	169.3	3162	2	1895	0	0	1
198054	12371.6	8218	6.9	0	173.9	3167	2	1843	0	0	1
198581	12276.7	8319	6.9	0	143.3	3290	2	1380	0	0	1
198594	12314.4	8254	8.5	0	164.3	3293	2	1477	0	0	1
198621	12252.6	8330.1	8.4	0	140.6	3300	3	1747	0	1	1
198660	12281.1	8304.9	4.7	0	140.1	3309	7	4116	0	3	1
198727	11897.7	8090.8	6	0	169.9	3325	4	3528	0	2	1
199186	11906.1	8096.3	13.9	0	157.4	3434	2	761	0	2	1
199277	11891.1	8110.7	11.5	0	141.9	3454	3	927	0	2	1
199558	12282.5	8275.3	11.1	0	150.1	3524	2	684	0	0	1
199683	12398.6	8235.9	6.5	0	154.9	3557	2	2307	0	0	1
199690	12374.1	8237.3	8	0	143	3560	2	969	0	0	1
199697	12404	8217	7.5	0	155.5	3562	4	1794	0	1	1
199732	12377.5	8203.1	6.1	0	161.5	3569	3	3761	0	0	1
199741	12393.6	8226.5	8	0	160.5	3572	2	1316	0	0	1
199801	12319.6	8237.2	13.2	0	175.7	3587	2	987	0	1	1
199861	12277.7	8309.6	4.7	0	155.9	3601	5	4285	0	0	1
199917	12340.9	8174.2	13.3	0	138.1	3615	2	794	0	2	1
199946	12240.9	8302	9.4	0	161.1	3621	2	1055	0	0	1
199964	12280.1	8357.3	4.9	0	165.9	3626	4	5407	0	0	1
199989	12300.5	8259.6	14.7	0	120.9	3634	2	352	0	1	1
200033	12300.4	8286.5	12	0	134.4	3646	2	567	0	1	1
200174	12159	8194.1	10.4	0	144.2	3682	2	725	0	0	1
200191	12270.6	8253.9	8.9	0	141.8	3686	3	934	0	0	1
200267	12222.3	8281	9.6	0	150.2	3703	3	1008	0	2	1
200275	12194.3	8265.2	12.2	0	164.7	3705	2	759	0	0	1
200788	12414.7	8235	3.8	0	162.3	3828	5	9348	0	1	1
200830	12305.9	8227.8	8.6	0	184.9	3836	2	2641	0	0	1
200925	12318	8276.1	7.3	0	147.7	3857	3	1369	0	1	1
201261	12448.5	8311.4	12.7	0	156	3936	2	639	0	2	1
201388	12408.4	8208.6	7	0	156.9	3962	3	2216	0	0	1
201398	12377.3	8217.6	7.3	0	152.3	3965	2	2368	0	0	1
201411	12276.7	8294.1	10.3	0	187.1	3969	2	1097	0	1	1
201668	12240.6	8295.4	11.4	0	155.7	4036	2	700	0	1	1
201672	12251.1	8317.9	10.9	0	150	4039	2	755	0	0	1
201913	12265.2	8264.7	11.3	0	152.7	4104	2	620	0	1	1
201917	12231.7	8285.3	12.9	0	141.1	4105	2	506	0	1	1
201994	12239.9	8287	6.9	0	156.7	4125	2	1217	0	0	1
202130	12353.3	8212.1	10	0	158.3	4164	3	1089	0	2	1
202158	12367.3	8220.5	6.4	0	160.2	4172	3	1909	0	2	1
202644	12294.5	8269	9.2	0	164.7	4296	3	1195	0	2	1
202702	12360.5	8208.6	6.6	0	159.5	4310	3	2468	0	0	1
202734	12323.7	8218.9	7	0	159.6	4318	2	1295	0	1	1
203252	12262.1	8259.3	9.5	0	142.1	4456	2	657	0	1	1
203393	12290.8	8198.4	5.5	0	168.9	4494	2	2381	0	0	1
203404	12274.4	8272.3	7.7	0	164.4	4497	3	4240	0	0	1
203668	12375.5	8210.3	4.8	0	142.6	4575	4	3510	0	0	1
203744	12334.4	8200.8	7.2	0	139.9	4590	2	1298	0	2	1
203811	12333.3	8239.7	5.8	0	163.3	4606	2	1838	0	0	1
203820	12335.4	8207.6	6.7	0	150.3	4608	5	3473	0	0	1
203839	12319.1	8211.1	7.8	0	152.9	4613	2	1604	0	0	1
203846	12342.8	8204.8	8.1	0	159.9	4615	2	1666	0	0	1
203856	12329.7	8187	8.7	0	161.5	4617	3	2767	0	4	1
203858	12367.3	8128.2	9	0	189.8	4618	2	2234	0	0	1
203869	12349.7	8194.2	10.3	0	178.3	4621	2	1702	0	2	1
204145	12275.1	8300.1	6.5	0	165.4	4692	2	4316	0	0	1
204151	12292.9	8307.5	5.7	0	169.5	4695	4	4483	0	4	1
204407	12675	8166.4	7.4	0	148.7	4759	3	2430	0	0	1
204636	12302.7	8251.9	4.4	0	144.1	4810	2	2488	0	0	1
204645	12261.7	8280.7	5.3	0	157	4813	2	1828	0	0	1
204698	12179.6	7893.2	10.6	0	180.1	4826	2	1041	0	0	1
204755	12374.6	8242.1	6.3	0	178.3	4837	2	4635	0	0	1
204857	12154.2	7766.7	14.2	0	156.9	4861	2	644	0	0	1
205040	12259.4	8284.3	12	0	152.9	4906	2	719	0	2	1
205050	12259.7	8313.1	9.4	0	151.9	4907	2	1263	0	0	1
205108	12384.5	8226.3	7.9	0	160.2	4923	2	1869	0	0	1
205298	12787.6	8382.8	10	0	159.8	4976	2	1110	0	2	1
205322	12706.1	8242.4	5.7	0	185.7	4981	2	2951	0	0	1
205652	12294.5	8239.3	5.1	0	157.3	5053	3	4798	0	0	1
205932	12375.2	8213.4	10.2	0	137.9	5121	2	831	0	0	1
205962	12320.1	8207.3	14.2	0	105.8	5129	2	269	0	0	1
206171	12459.3	8315.2	8.2	0	143.3	5179	5	1736	0	0	1
206207	12409.7	8233.9	7.4	0	162.7	5186	2	7076	0	1	1
206219	12401.6	8181.6	5.9	0	164.6	5189	3	8550	0	0	1
206407	12423.3	8249.4	7	0	185.8	5233	2	2983	0	1	1
206446	12457	8304.1	10.4	0	195.1	5245	2	1295	0	2	1
206568	12305.8	8248.2	3.4	0	150.9	5275	4	5359	0	1	1
206588	12304.3	8283.4	6.7	0	148.2	5280	2	2633	0	1	1
206606	12259.8	8293.6	8.4	0	142.7	5283	2	1346	0	2	1
206723	12271	8371.7	9.5	0	165.9	5320	2	1254	0	1	1
206756	12225.8	8265.2	8.4	0	158.5	5325	2	1128	0	0	1
206900	12391.9	8093.9	10.3	0	178	5360	2	1513	0	0	1
206909	12354.1	8069.1	12.1	0	188.4	5362	2	1358	0	0	1
207175	12321.6	8282.2	7.1	0	159.5	5429	2	2053	0	1	1
207179	12310.5	8328	8.2	0	185.5	5430	2	2045	0	2	1
207237	12464.2	8333.8	10.5	0	154.6	5446	2	825	0	1	1
207258	12269.3	8335.6	4.9	0	149.5	5450	4	3053	0	2	1
207268	12255.7	8307.4	4.8	0	153.8	5452	2	2180	0	0	1
207293	12288.2	8333.3	8	0	149.6	5457	2	1494	0	1	1
207342	12287	8305.2	9.2	0	160.2	5468	2	885	0	0	1
207359	12357.6	8160.1	7.6	0	164.2	5470	2	1490	0	0	1
207773	12281.7	8261.7	5.5	0	157.4	5580	2	2711	0	0	1
208284	12375	8194.1	7.8	0	162.2	5708	2	1765	0	0	1
208330	12642.7	7893.2	9.5	0	147.8	5718	2	1064	0	0	1
208461	12324.8	8224.9	9.1	0	151	5750	2	1238	0	0	1
208607	12318.8	8229.7	6.7	0	154.4	5782	2	1396	0	0	1
208614	12245.2	8330.3	8.7	0	170.6	5784	2	1874	0	0	1
208621	12253.3	8309	9	0	161.6	5786	2	1842	0	0	1
208640	12243.2	8224.4	3.6	0	150.1	5789	3	5983	0	0	1
208659	12187	8293	7.4	0	148.6	5796	3	1545	0	0	1
208707	12267.8	8256.6	9.1	0	152.9	5809	2	1184	0	0	1
208718	12299	8275	9.7	0	143.2	5811	2	872	0	0	1
208820	12316.6	8261.8	5.9	0	190.5	5838	2	2597	0	0	1
208870	12626.9	8278.8	7.1	0	168.3	5851	2	1529	0	0	1
208961	12248.2	8281.3	7.8	0	147.9	5874	2	1681	0	0	1
209129	12311.2	8225	10.1	0	154.2	5911	2	757	0	0	1
209228	12791.5	8387.1	9.2	0	141.3	5937	2	963	0	0	1
209295	11917.9	8265.1	7.8	0	146.7	5953	3	1131	0	1	1
209326	12553.5	7934	5.9	0	178.6	5963	4	3926	0	2	1
209387	12242.6	8309.9	3.6	0	144.4	5979	4	5726	0	0	1
209411	12272.7	8310.3	6	0	137.6	5984	3	2074	0	10	1
209699	12305	8225.7	4.8	0	174.7	6060	3	4070	0	0	1
209716	12356	8217.8	7.2	0	141.2	6063	1	806	0	9	1
209892	12191.2	8244.7	8.2	0	155.6	6120	4	1444	0	3	1
210597	12395.6	8141.1	6.4	0	166	6305	3	2276	0	0	1
210665	12374.7	8140.6	10.4	0	142.7	6326	2	604	0	0	1
210697	12395.2	8156.6	12.1	0	135.3	6334	2	624	0	2	1
210798	12041.9	7850.7	12.1	0	183.6	6360	2	1232	0	0	1
211165	12803.2	8350.5	5.5	0	161.8	6449	3	2329	0	0	1
211250	12395.5	8210.1	9	0	154.2	6473	3	1406	0	0	1
211355	12258.6	8263.1	10.6	0	136.5	6496	2	539	0	1	1
211651	12656.1	8192.2	9.1	0	159.2	6560	2	1398	0	0	1
211715	12397.8	8238.3	6.4	0	163.3	6575	3	2023	0	2	1
211718	12404.8	8212.3	4.3	0	151	6576	3	3088	0	2	1
211788	12375.4	8148.3	10.7	0	156.2	6594	2	1014	0	0	1
211833	12169.4	8241.5	6.4	0	155.8	6607	2	2211	0	0	1
211931	12670.9	8183.6	9.2	0	151.2	6632	3	1924	0	0	1
212253	12231.6	8336.5	8.7	0	154.5	6719	2	1617	0	0	1
212268	12249.4	8343.3	8.5	0	152.8	6721	2	1209	0	0	1
212279	12317.1	8237.9	7.1	0	183.3	6724	2	1942	0	0	1
212378	12632	7892.3	12.2	0	136.9	6749	2	533	0	0	1
212434	12755.8	8431.4	5	0	168.9	6764	2	3071	0	0	1
212565	12420	8245	8.2	0	147.8	6796	3	1560	0	0	1
212716	12287.3	8340	11.9	0	140.9	6838	2	927	0	1	1
213115	12332.6	8292.7	8.4	0	177.9	6946	2	1320	0	0	1
213160	12238.3	8244.8	10.7	0	148.6	6956	2	762	0	0	1
213188	12678.3	8171.8	5.4	0	176.7	6962	4	4548	0	0	1
213207	12562.9	8039.6	9.8	0	160.8	6968	2	999	0	0	1
213241	12323.7	8222.7	7.7	0	169.2	6977	2	1782	0	0	1
213260	12404.6	8218.8	7.3	0	153.6	6981	3	1893	0	3	1
213274	12393	8238.3	5.4	0	149.4	6985	3	2987	0	3	1
213307	12407.2	8215.2	3	0	152	6993	4	9115	0	0	1
213571	12377.7	8229.1	5.9	0	151.7	7066	2	2306	0	0	1
213580	12355.2	8236.4	3.4	0	149.1	7068	3	6640	0	0	1
213804	12261.3	8278.3	5.8	0	150.9	7122	4	2925	0	2	1
213840	12243.3	8270	8.4	0	162.8	7129	2	1405	0	2	1
214036	12300.8	8216.8	8.8	0	147	7185	2	726	0	0	1
214182	12275.2	8347.1	6.3	0	174.7	7222	4	2753	0	0	1
214203	12313.4	8262.2	6.6	0	158.2	7227	2	1620	0	0	1
214777	12538	7940.2	8.9	0	175.4	7375	2	1653	0	2	1
214791	12541.2	7911.2	8.6	0	167.7	7379	2	1370	0	1	1
214797	12554.5	7928.8	10.6	0	181.1	7382	2	1061	0	0	1
214982	12396.7	8216	8.6	0	165.8	7427	2	1044	0	0	1
215141	12251.6	8318.1	5.5	0	156.6	7470	3	3894	0	1	1
215178	12325.9	8234.9	7.3	0	157.8	7479	2	1144	0	1	1
215275	12321	8278.9	6.3	0	167.1	7498	3	2658	0	0	1
215590	12251.9	8279	8	0	144.5	7586	3	1389	0	0	1
216127	12551.4	8061.4	10.5	0	164.5	7722	3	1188	0	0	1
216144	12311.3	8195.1	9.7	0	145.9	7726	2	604	0	0	1
216299	12556.4	8045.9	14.1	0	152	7765	2	561	0	2	1
216500	12248	8272.5	9.2	0	159.9	7812	2	1260	0	2	1
216584	12349.6	8201.8	8.3	0	160	7831	3	1914	0	0	1
216697	12670.8	8165.2	4.5	0	155	7860	4	4609	0	2	1
216725	12281	8319.4	6.3	0	138.2	7869	2	1757	0	0	1
216741	12324.3	8257.1	4.3	0	154.6	7872	3	5993	0	0	1
216754	12274	8270.4	4.8	0	148.7	7875	5	8278	0	1	1
216770	12241.2	8256.6	4.6	0	154.5	7881	2	3208	0	1	1
216777	12236	8239.6	7.4	0	149.7	7884	2	1020	0	0	1
217360	12354.1	8550.5	10.3	0	144.9	8052	2	574	0	0	1
217369	12375.7	8530	10.5	0	155	8054	2	691	0	0	1
217386	12382.9	8549.4	7.5	0	150.3	8057	2	1105	0	0	1
217401	12296.6	8324.5	10	0	186	8060	2	1926	0	0	1
217558	12247.7	8333.9	8.3	0	130.5	8107	2	628	0	1	1
217915	12627.2	8350.5	8.9	0	140.8	8206	2	680	0	0	1
217932	12467.3	8267.5	10.4	0	158.1	8210	2	889	0	0	1
217962	12445.8	8257.2	11.4	0	149.5	8217	2	617	0	0	1
218174	12218.1	8260.1	5.9	0	150.5	8280	4	2255	0	3	1
218183	12207.3	8282.5	9.8	0	155.7	8281	2	1175	0	0	1
218297	12568.3	8260	11.4	0	168.5	8313	2	762	0	0	1
218330	12424.8	8240.3	6.6	0	157.6	8320	3	1545	0	0	1
218523	12377.9	8226.7	6.5	0	140.3	8374	2	1511	0	1	1
218534	12347.9	8222.5	9.2	0	143.5	8378	2	1220	0	2	1
218544	12348.8	8231.7	6.2	0	141.7	8382	3	2469	0	0	1
218552	12373.5	8190.1	4.9	0	152.1	8385	3	3034	0	0	1
218818	12658.8	8148.5	10.2	0	165.5	8453	2	1453	0	0	1
218945	12312.2	8131.4	12.3	0	170	8484	2	1030	0	1	1
219122	12412.2	8214.4	7	0	152.2	8528	4	1898	0	2	1
219170	11849.1	8323.4	7.6	0	143.6	8544	2	940	0	0	1
219277	12385.3	8186.3	9.6	0	134.8	8571	3	857	0	1	1
219307	12376.1	8176.2	8	0	142.8	8577	6	3103	0	4	1
219319	12347.4	8197.1	11.3	0	165.4	8579	2	1045	0	1	1
219336	12387.4	8164.7	11.4	0	130.4	8585	2	577	0	1	1
219361	12370.4	8173.8	13.3	0	144.1	8592	2	579	0	1	1
219750	12392.7	8141	7	0	163.4	8705	2	1143	0	0	1
219765	12681.8	8174.2	7.5	0	157.6	8708	2	1207	0	0	1
220111	12299.1	8277	8.8	0	148	8801	2	827	0	0	1
220219	12373.8	8200.2	10.6	0	173.8	8832	2	1301	0	0	1
220764	12263.6	8021.8	6.3	0	165.5	8966	3	2096	0	0	1
220860	12348.1	8184.9	11.9	0	149.1	8987	2	717	0	0	1
220873	12374.7	8162.1	3.9	0	144.1	8989	4	5944	0	2	1
220900	12339.1	8182.3	6	0	169.6	8997	3	5757	0	0	1
220931	12374.3	8169.2	4.2	0	153.5	9004	4	3913	0	0	1
221083	12397.9	8171.7	7.7	0	156	9048	2	1741	0	0	1
221258	12260.6	8308.3	6.7	0	146.7	9098	4	1976	0	1	1
221328	12278.4	8266.1	9.4	0	158.4	9116	2	962	0	0	1
221401	12370.9	8155.7	10.1	0	157.9	9140	2	772	0	1	1
221555	12361.4	8182.2	6.9	0	160.1	9184	2	1429	0	0	1
221589	12267.2	8278.1	6.9	0	150	9192	3	2063	0	0	1
221786	12387.2	8562.8	13.6	0	150	9247	2	589	0	0	1
221852	12678.4	8181.7	8.5	0	156.3	9270	2	1195	0	2	1
221862	12694	8200.6	9.2	0	161.6	9271	2	912	0	0	1
221880	12338.5	8183.6	7.7	0	151.3	9276	2	1011	0	1	1
221909	12621.5	8335.9	11.4	0	172.2	9284	2	697	0	0	1
221922	12232	8355.7	11.8	0	147	9287	2	965	0	0	1
221986	12340	7960.3	12	0	154.6	9307	2	547	0	1	1
222070	12266.2	8256.4	6.6	0	165.9	9332	2	1587	0	0	1
222210	12268.2	8287.3	7.1	0	149.2	9364	2	1181	0	0	1
222325	12342.9	8194.3	7.7	0	176	9395	2	1324	0	0	1
222481	12640.7	8258.3	9.2	0	163.7	9437	2	1160	0	0	1
222517	12355.2	8192.6	8.8	0	159.8	9447	2	1023	0	0	1
222764	12358.2	8194.5	3.8	0	142.5	9513	4	5356	0	0	1
223042	12260.5	8296	9.5	0	147.6	9594	2	819	0	0	1
223128	12280	8357.1	7.8	0	127.4	9620	2	832	0	0	1
223151	12281.5	8363.9	4.5	0	132.2	9625	7	2808	0	1	1
223312	12216.7	8311.3	8.6	0	130.6	9666	3	1000	0	0	1
223448	12333.3	8196.1	6.2	0	153.1	9694	3	1644	0	0	1
223658	12191.8	8292.2	6.4	0	145.2	9752	2	1030	0	0	1
223750	12666.6	7908.1	6.7	0	156	9778	2	2098	0	0	1
223886	12274.5	8281.6	4.6	0	140.5	9812	3	4031	0	7	1
223953	12363.8	8231.8	7	0	146.1	9830	3	1525	0	0	1
223963	12275.4	8264.9	7.8	0	151.4	9833	2	936	0	0	1
224254	12267.7	8030.2	14.1	0	159.6	9912	2	475	0	2	1
224313	12288.4	8226.9	11.7	0	137.9	9928	2	741	0	0	1
224360	12384.6	8151.7	6.8	0	168.2	9940	2	1507	0	0	1
224397	12372	8186.4	8.5	0	151.1	9946	2	1054	0	2	1
224501	12284	8369.8	9.8	0	141.3	9976	2	775	0	0	1
224516	12281.9	8267.3	7.1	0	146.7	9982	4	1444	0	0	1
224531	12295.7	8272.6	4.6	0	148.1	9987	4	2482	0	0	1
224795	12548.7	8623.3	3.4	0	138.8	10054	5	4731	0	0	1
224831	12555.4	8606.5	6.1	0	140.4	10063	3	2433	0	1	1
225119	12365.6	8172.9	15.3	0	150.4	10142	2	429	0	1	1
225142	12401.1	8168.4	10.3	0	139.4	10148	2	679	0	0	1
225180	12420.3	8184.9	12.9	0	134.3	10158	3	501	0	0	1
225202	12381	8160.4	8.7	0	158.4	10167	2	1182	0	1	1
225252	12384.9	8231.1	15.9	0	130.1	10180	2	333	0	1	1
225280	12403.4	8171	15.1	0	135.5	10189	2	337	0	0	1
225449	12419.7	8191.3	13.6	0	126.7	10227	2	292	0	0	1
225555	12446.5	8293.4	7	0	180.7	10257	3	1953	0	2	1
225575	12427.9	8272.7	8.2	0	156.9	10265	3	1133	0	2	1
225612	12402.3	8199.8	5	0	151.9	10276	3	2385	0	0	1
225790	12285.2	8244.4	5.7	0	152.6	10327	4	2130	0	1	1
225850	12369.4	8209.9	3.6	0	146.4	10344	7	5285	0	2	1
226071	12691.5	8165.2	7	0	162	10409	4	1938	0	0	1
226127	12270.6	8059.7	11.4	0	152.2	10424	2	610	0	0	1
226159	12378	8167.6	7.6	0	164.8	10436	2	2767	0	0	1
226187	12269.4	8218.9	8.5	0	148.5	10443	3	1458	0	0	1
226244	12252.9	8265.4	7.2	0	157.8	10458	4	2681	0	1	1
226817	12416.4	8211.5	6.5	0	149.9	10621	5	2344	0	1	1
226839	12197.3	8301.3	5.1	0	158.1	10628	3	2819	0	0	1
226897	12292.3	8347.8	8	0	137.9	10646	3	929	0	0	1
226932	12265.5	8345.2	4.8	0	154.8	10657	2	1524	0	1	1
226954	12361.8	8228.9	9.1	0	167.6	10666	2	1128	0	0	1
227049	12176.6	8285.7	5.4	0	144.2	10701	4	2613	0	0	1
227126	12374.4	8203.3	4.2	0	151.1	10722	1	2150	0	11	1
227134	12397.6	8205	4.8	0	154.8	10723	2	4410	0	0	1
227174	12357	8207.9	4.1	0	147.8	10735	5	4259	0	1	1
227253	12551.3	8625.9	3.5	0	142.9	10757	5	5398	0	1	1
227788	12385.7	8175.1	8.3	0	187.4	10907	2	1287	0	0	1
228057	12356.4	8205.9	9.6	0	166.7	10982	2	872	0	0	1
228153	12282.6	8291.7	4.6	0	140.6	11008	4	2833	0	0	1
228186	12364.5	8210.3	3.8	0	143.4	11018	5	4538	0	1	1
228350	12186.7	8212.6	5.4	0	149.9	11068	4	1974	0	1	1
228425	12377.6	8169.8	6.6	0	133.6	11086	5	1374	0	1	1
228461	12382.9	8209.8	7.1	0	137.3	11094	4	1563	0	0	1
228495	12480.6	8316	6.8	0	157.7	11108	2	1225	0	0	1
228613	12405.1	8180.3	7.7	0	143	11138	4	2179	0	0	1
228820	12259	8283.4	6.2	0	155.6	11193	3	3663	0	0	1
228915	12275.6	8289.4	7.9	0	164	11220	2	1271	0	0	1
228932	12406.8	8123.5	8.2	0	178.4	11223	2	1295	0	0	1
228999	12375.7	8132.8	6.6	0	169.2	11242	2	1428	0	0	1
229004	12432.8	8213.8	7.3	0	188.9	11244	2	2474	0	0	1
229175	12414	8212.4	6.5	0	151.3	11285	3	1427	0	0	1
229223	12257.3	8309.2	6.6	0	145.3	11297	4	2088	0	3	1
229390	12675.7	8201	9.9	0	151.8	11345	3	912	0	0	1
229456	12310.8	8356.3	9.1	0	150.9	11363	4	1507	0	2	1
229507	12293.9	8289.7	10.3	0	155.6	11375	2	951	0	1	1
229588	12206.6	8238.6	7.3	0	150.6	11399	3	1646	0	0	1
229674	12288.2	8111	6.4	0	148.8	11419	2	1512	0	0	1
229691	12278.7	8302.5	7.8	0	157.6	11426	3	1571	0	0	1
229748	12380.2	8154.4	4.4	0	145.3	11441	3	2273	0	0	1
229827	12490.4	8305.5	4.2	0	150.4	11462	2	2073	0	0	1
229949	12250.9	8276.5	9.9	0	169.1	11502	2	977	0	0	1
230262	12278.2	8258.7	8.6	0	147.7	11585	2	859	0	0	1
230276	12332.5	8212.7	7.6	0	168.5	11589	2	1904	0	0	1
230611	12300.5	8281.6	9	0	160.2	11687	2	955	0	0	1
230616	12283	8292.1	6.9	0	154	11689	3	1694	0	0	1
230760	12166	7836.8	6.1	0	158.3	11730	2	1369	0	0	1
230938	12280.6	8265.7	7	0	148.9	11775	3	1548	0	0	1
231060	12638	8280.4	7.9	0	153.8	11806	2	1007	0	0	1
231591	12373.9	8140	7.5	0	152	11947	2	886	0	0	1
231630	12385.8	8145.7	8.8	0	155.5	11957	2	908	0	0	1
231739	12366.9	8186.5	7.5	0	180.5	11984	2	1746	0	0	1
Orientation 	1
ROI width 	1005
ROI height 	1005
ROI x1 	11830
ROI x2 	12835
ROI y1 	7690
ROI y2 	8695
1
