Index	X	Y	Precision	SEM	PSF	First_Frame	N_detections	Photons	Intensity	Frames_missing	Channel
170	8713.3	9546.1	43.3	0	172.8	9	1	374	0	0	1
268	8623	9444	8.1	0	155.8	15	1	2622	0	0	1
898	8090.9	9901.1	24.9	0	179.5	51	1	476	0	0	1
1245	8748.5	9657.7	22.5	0	102.3	72	1	194	0	0	1
2022	7956.4	9650.6	29.8	0	108.8	120	1	150	0	0	1
2317	8297.9	10127.5	32.1	0	142.3	140	1	277	0	0	1
2598	8181.3	9654.8	35.5	0	140.3	160	1	412	0	0	1
2619	8234.7	9665.5	23.6	0	147.5	161	1	387	0	0	1
2762	8083.2	9814.9	14.7	0	192.3	170	1	1186	0	0	1
2773	8056.2	9874.9	7	0	181.8	171	1	2601	0	0	1
2794	8069.8	9894.6	8.1	0	183.3	172	1	2045	0	0	1
2848	8010.1	9827.3	12.8	0	177	175	1	990	0	0	1
2887	8014.9	9783.5	34.5	0	168.2	177	1	386	0	0	1
3059	8425.1	9833.5	13.2	0	188.5	189	1	1056	0	0	1
3078	8477.4	9862.2	24.3	0	196.1	191	1	866	0	0	1
3735	8310.4	10086.2	14.1	0	156.5	232	1	696	0	0	1
3750	8271	10088.2	18.9	0	139.9	233	1	460	0	0	1
4033	8528.2	9821	31.7	0	186.4	251	1	577	0	0	1
4073	8416	9784.4	22.9	0	130.7	254	1	338	0	0	1
4375	8059.1	9756.5	22.6	0	161.4	273	1	441	0	0	1
4705	8167.5	9678.4	20.6	0	144.5	295	1	330	0	0	1
4972	8501.1	9984.4	27.6	0	195.3	311	1	617	0	0	1
5450	8436.5	10156.4	25.4	0	194.6	342	1	615	0	0	1
5463	8303.4	10107.4	19	0	150.4	343	1	457	0	0	1
5999	8346.6	9736.9	24.4	0	115.7	379	1	265	0	0	1
6099	8789.3	9607.4	14.2	0	195.6	386	1	1123	0	0	1
6179	8479.5	9791.9	36.7	0	170.9	390	1	320	0	0	1
6697	8088.3	9821.3	17.1	0	129.5	424	1	308	0	0	1
6832	8029.2	9810.7	33.9	0	150.9	433	1	310	0	0	1
7426	8138	9732	26.5	0	157.1	477	1	252	0	0	1
7918	8544.1	9602.4	28.3	0	114.5	510	1	170	0	0	1
9407	8146.1	9692.4	6.4	0	148.7	613	1	2596	0	0	1
9792	8807.9	9610.9	16.8	0	188.6	639	1	1052	0	0	1
10012	8171.6	9757.9	12.2	0	171.9	656	1	1541	0	0	1
10465	7972.1	9628.5	20.8	0	114.2	684	1	193	0	0	1
10477	7938.4	9678	29.9	0	147	685	1	332	0	0	1
10641	8151.3	9947.3	23.4	0	175.7	697	1	378	0	0	1
10686	8299.2	10088.1	13.5	0	154.5	701	1	1020	0	0	1
10761	8446.3	9224.6	30.8	0	180.9	706	1	641	0	0	1
10775	8331.6	9647.2	17.4	0	163.2	707	1	598	0	0	1
10791	8338.8	9670.7	14.9	0	139.6	708	1	435	0	0	1
10838	8563.9	9590	20.4	0	111.7	711	1	165	0	0	1
10863	8372.9	9731.4	29.5	0	118.2	713	1	173	0	0	1
10882	8347	9744.1	20.9	0	108	714	1	198	0	0	1
10922	8364.7	9758.7	26.3	0	118.5	717	1	200	0	0	1
10960	8008.8	9602.7	32.3	0	154.3	719	1	285	0	0	1
11260	8375.9	9709.9	32.1	0	153.4	740	1	230	0	0	1
11547	8352.4	9693	19.5	0	158.8	762	1	415	0	0	1
11964	8088.5	9925.5	20.9	0	184.4	793	1	506	0	0	1
12352	8345.7	10063.7	23.7	0	182.1	818	1	561	0	0	1
12989	8302.6	9727.8	29.2	0	198.1	866	1	535	0	0	1
13048	8380.6	9380.6	11.9	0	171.8	871	1	1607	0	0	1
13284	8025.1	9805.9	29.2	0	150.5	885	1	295	0	0	1
13339	8079.5	9795.7	16.3	0	170	889	1	593	0	0	1
13876	8818.2	9614	38.5	0	192.7	925	1	353	0	0	1
14309	8312.4	10077.8	16.9	0	119.7	956	1	246	0	0	1
14527	8115.8	10120.5	16.9	0	144.1	971	1	421	0	0	1
15424	8066.2	9951	38.5	0	157.6	1031	1	303	0	0	1
15841	8818.2	9798.2	31	0	192.1	1057	1	450	0	0	1
15916	8097.5	9762	6.5	0	162.6	1063	1	2653	0	0	1
15958	8055.6	9754.8	18.2	0	144.4	1067	1	718	0	0	1
16065	8821.1	9757.3	20.1	0	154.4	1074	1	694	0	0	1
16421	8460.3	9813.6	28.9	0	161.3	1096	1	320	0	0	1
17000	8830.6	9766.9	29.2	0	123.7	1136	1	167	0	0	1
17032	8802.6	9791.1	25.8	0	118.5	1139	1	182	0	0	1
17178	8790.3	9775.1	22.1	0	172.6	1149	1	382	0	0	1
17755	8827.3	9739.8	31.5	0	110.5	1188	1	147	0	0	1
17854	8836.8	9754.4	24	0	164.3	1196	1	319	0	0	1
17862	8824.8	9592.3	11.1	0	195.8	1198	1	2427	0	0	1
18314	8752.2	9677.7	27.4	0	183.5	1230	1	466	0	0	1
18368	8549	9823.2	11.5	0	184.3	1234	1	1179	0	0	1
18386	8555.6	9844.4	12.5	0	181.6	1235	1	1146	0	0	1
18452	8835	9749.8	12.7	0	162.8	1240	1	1003	0	0	1
19252	8252.2	10102.8	30	0	105.9	1294	1	132	0	0	1
19529	8580.1	10011.4	23.6	0	174	1312	1	403	0	0	1
20395	8265.3	10048.9	16.3	0	148.8	1375	1	809	0	0	1
20527	8306	10058	20.8	0	145.1	1384	1	345	0	0	1
20532	8292.5	10083.7	7.1	0	143.3	1385	1	1590	0	0	1
20584	8282.4	10055.8	10	0	151.8	1388	1	1140	0	0	1
20651	7865.4	9589.1	21.9	0	192.5	1393	1	476	0	0	1
21315	8396.2	9278.1	20.9	0	116.7	1438	1	175	0	0	1
21642	8406.8	9685.5	26.8	0	125.9	1462	1	176	0	0	1
21777	8211.7	9764.1	38.4	0	170.3	1471	1	293	0	0	1
21848	8357.2	9706.8	13.7	0	151.1	1477	1	592	0	0	1
21871	8397.5	9707.9	26.6	0	146.3	1478	1	315	0	0	1
21886	8810.5	9620.4	14.5	0	198.3	1479	1	1160	0	0	1
23222	8360.7	9666.5	14.4	0	146.8	1574	1	557	0	0	1
25103	8140.7	9681	13.5	0	139.6	1704	1	612	0	0	1
25217	8124.3	9678.5	11.8	0	151.6	1713	1	766	0	0	1
25908	8819.6	9593.8	9.4	0	196.4	1761	1	1632	0	0	1
26224	8713	9611.9	14.9	0	175.9	1782	1	641	0	0	1
26248	8674.1	9599	18.8	0	187.4	1783	1	650	0	0	1
26257	8749.9	9502.1	14.2	0	194.6	1784	1	1060	0	0	1
26833	8305.7	10068.6	11.3	0	155.9	1823	1	827	0	0	1
27058	8026.8	9933.5	16.4	0	163.7	1841	1	751	0	0	1
27387	8657.3	9432.1	14.3	0	170.2	1865	1	971	0	0	1
27858	8555.8	9607.4	39.9	0	122.1	1896	1	155	0	0	1
28056	7970.5	9644.8	26.1	0	127.3	1911	1	179	0	0	1
28448	8148.8	9666	21.5	0	157.5	1939	1	312	0	0	1
28509	8517.3	9887.4	18.5	0	184.5	1944	1	637	0	0	1
29503	8504.8	9846.4	12.1	0	161	2018	1	731	0	0	1
31603	8061.7	9721.5	21.6	0	143.2	2170	1	388	0	0	1
32258	8154.4	9632	7.6	0	178.5	2216	1	2280	0	0	1
32266	8146.4	9656.7	8.9	0	153.2	2217	1	1180	0	0	1
32312	8168.6	9696	17.5	0	146.4	2220	1	330	0	0	1
33433	8582	10037.1	37.2	0	175.3	2303	1	388	0	0	1
34808	8265.1	10089.1	17.1	0	165.5	2409	1	704	0	0	1
34820	8297.1	10077.5	4.5	0	150.6	2410	1	3036	0	0	1
35097	8176.5	9697.8	16.2	0	157.5	2431	1	486	0	0	1
35986	8267.9	9638.8	28.2	0	150.1	2497	1	196	0	0	1
37228	8352.4	9721.7	14.5	0	149.9	2580	1	719	0	0	1
37344	8039.4	9831.8	13.2	0	165.1	2585	1	844	0	0	1
38091	8732.7	9710.8	24	0	101.5	2625	1	216	0	0	1
38865	8750.8	9558.3	26	0	170	2669	1	506	0	0	1
39088	8521.1	10022.9	24.9	0	162.3	2682	1	369	0	0	1
39171	8133.2	9266.3	19.8	0	117.1	2687	1	221	0	0	1
40548	8381.8	9675.2	15.4	0	174.2	2770	1	819	0	0	1
44314	8108.4	9733.7	28.8	0	139.4	2986	1	197	0	0	1
45464	8371.7	9673.8	23.9	0	145.3	3053	1	374	0	0	1
45479	8375.9	9651.7	22.5	0	123.8	3054	1	293	0	0	1
46041	8686	9604.9	27.5	0	199	3086	1	564	0	0	1
46439	8542.1	10041.6	21.9	0	178.1	3115	1	593	0	0	1
46532	8169.5	9649.9	17.9	0	165.9	3121	1	574	0	0	1
46744	8117.8	9705.5	19.6	0	138.5	3134	1	707	0	0	1
46939	8557.8	9964.8	25.1	0	168.9	3145	1	386	0	0	1
47030	8546	10014.1	27.6	0	189.2	3151	1	434	0	0	1
47183	8129.6	9706.9	11.9	0	171.3	3160	1	1427	0	0	1
47307	7866	9803.5	20.5	0	124.9	3167	1	265	0	0	1
47512	8123.6	9694.5	15.1	0	162.1	3179	1	925	0	0	1
47532	8199.9	9696.9	15.7	0	172.9	3180	1	927	0	0	1
48703	8755.6	9742.7	44.1	0	112.7	3257	1	151	0	0	1
48995	8532.7	10083.9	22.4	0	152.3	3275	1	363	0	0	1
49005	8534.5	10021.1	13.1	0	156.9	3276	1	675	0	0	1
49019	8557.7	10016.8	14.3	0	172.1	3277	1	721	0	0	1
49034	8474.9	9992.3	22.3	0	187.5	3278	1	743	0	0	1
49047	8517.3	9979.4	16.1	0	182.9	3279	1	1006	0	0	1
49061	8584.7	10048.8	13.3	0	177.9	3280	1	1012	0	0	1
49079	8582.8	10019.2	11.5	0	178.7	3281	1	1229	0	0	1
49103	8615.7	10037.3	22.5	0	183.3	3282	1	456	0	0	1
49330	8655.4	9487.6	27.9	0	190.8	3295	1	346	0	0	1
49339	8627.7	9466.6	16.4	0	170	3296	1	658	0	0	1
49396	8052.7	9460.8	18.8	0	118.6	3299	1	203	0	0	1
49939	7979.4	9601.4	37.6	0	112.3	3331	1	112	0	0	1
50275	8315.9	10068.4	22.9	0	162.1	3353	1	385	0	0	1
50384	8133.7	9277.9	18.9	0	113.3	3360	1	265	0	0	1
51055	8136.3	10147.3	19	0	132.8	3404	1	351	0	0	1
51075	8184	10099.1	23.2	0	189.9	3405	1	575	0	0	1
51368	8370.7	9322.3	21.2	0	113.5	3423	1	182	0	0	1
51768	8388.5	9723.4	28.1	0	162.2	3447	1	423	0	0	1
51783	8370.2	9709.9	17.1	0	135.7	3448	1	416	0	0	1
52342	8591.1	10025.1	24.8	0	162.3	3482	1	449	0	0	1
52965	8552.4	9536.8	31.8	0	104.7	3520	1	119	0	0	1
53162	7888.8	9795.2	25.6	0	104.3	3531	1	110	0	0	1
53163	8782.9	9715.9	42.9	0	193.9	3531	1	247	0	0	1
53173	7922.7	9838.4	27	0	103.5	3532	1	123	0	0	1
54148	8299.3	9739.1	8.6	0	177.5	3593	1	1886	0	0	1
54230	8130.2	9863.5	19.7	0	184.2	3599	1	577	0	0	1
54258	8199.8	9874.9	29.6	0	167.1	3600	1	282	0	0	1
54450	8369.2	9677.2	12.6	0	150	3614	1	671	0	0	1
54463	8347.2	9667.5	9.6	0	139.5	3615	1	885	0	0	1
54621	8540.5	9835.6	19	0	179.9	3622	1	581	0	0	1
54885	8121.4	9656.8	20.7	0	135.7	3641	1	240	0	0	1
54898	8141.8	9688.5	18.4	0	131.3	3642	1	312	0	0	1
55074	8297.2	9675.7	12.1	0	170.4	3654	1	1110	0	0	1
55228	8314.7	9419.5	19.6	0	126.7	3663	1	237	0	0	1
55251	8289.6	9436.8	30.1	0	130.6	3664	1	190	0	0	1
56114	8114.6	9975	23.3	0	168.2	3720	1	450	0	0	1
56209	8355.1	9697	20.2	0	138.1	3727	1	386	0	0	1
56419	8609.6	9584	37.1	0	107.4	3741	1	128	0	0	1
56480	8520.3	9856.6	26.1	0	149.3	3745	1	288	0	0	1
56899	8389.3	10103.5	6.3	0	155.9	3775	1	2296	0	0	1
56920	8386.5	10141.5	10.7	0	167.1	3776	1	1050	0	0	1
57116	8363.8	10041.7	23.9	0	156	3788	1	346	0	0	1
57191	8183.9	9664.4	17.8	0	170.4	3794	1	515	0	0	1
58019	8502.2	9965.3	17.7	0	141.6	3851	1	352	0	0	1
58042	8500.2	9924.5	32.3	0	143.3	3852	1	220	0	0	1
59415	8436.6	9835.1	24.8	0	173.7	3939	1	391	0	0	1
59513	8302.5	10085.3	11.4	0	148.4	3945	1	711	0	0	1
59683	8549.8	10114.9	19.2	0	152.8	3955	1	407	0	0	1
60117	8160.4	10148	17.3	0	184.4	3983	1	764	0	0	1
60234	8228.9	9709.8	19.3	0	185.6	3993	1	729	0	0	1
60255	8209.3	9699	34	0	171	3994	1	438	0	0	1
60469	8815	9764.5	17.5	0	158.3	4008	1	769	0	0	1
61061	8270.4	10017.3	13.1	0	196.8	4044	1	1145	0	0	1
61734	8441.9	9853.8	21.3	0	185.5	4089	1	492	0	0	1
62034	8066.6	9798.5	23.6	0	147.3	4107	1	256	0	0	1
62205	8107	9927.4	34.9	0	177.6	4119	1	291	0	0	1
63147	8091.6	9733.6	11.7	0	159.4	4184	1	1558	0	0	1
63158	8150.8	9682.8	17	0	167.8	4185	1	794	0	0	1
63277	7916.7	9831.1	19.4	0	110.8	4194	1	191	0	0	1
63462	8401.1	9727.2	23.6	0	196.8	4206	1	940	0	0	1
63476	8357	9705.5	28.2	0	183.3	4207	1	611	0	0	1
64001	8458.5	9831.5	19.7	0	157	4241	1	475	0	0	1
64585	7960.6	9863.7	21.7	0	140.3	4280	1	369	0	0	1
64610	8102.6	9837	27.6	0	172	4281	1	282	0	0	1
64624	8042.6	9871.1	26.4	0	186.9	4282	1	414	0	0	1
65289	8333.7	9703.1	30.4	0	143.4	4326	1	214	0	0	1
65307	8281.2	9709.7	21.3	0	141.3	4327	1	312	0	0	1
65325	8374.1	9766.2	28.1	0	101.5	4328	1	114	0	0	1
65584	8194.6	9856.3	11.9	0	189.1	4344	1	1159	0	0	1
65632	8159.8	9840.6	16	0	182.6	4346	1	676	0	0	1
65676	8176.3	9858	13.6	0	194.2	4349	1	1089	0	0	1
65749	8183.1	9852.6	16.4	0	190.6	4353	1	745	0	0	1
65814	8152.6	9919.9	27.4	0	184.4	4356	1	384	0	0	1
66317	8151.3	9661	15.2	0	152.3	4391	1	540	0	0	1
66545	8383.3	9811.9	37.5	0	114.7	4405	1	140	0	0	1
66874	8134.2	9636.5	17.7	0	141.9	4430	1	378	0	0	1
67042	8351.5	9673.4	27.2	0	143.8	4444	1	400	0	0	1
67135	8525.6	9867.6	11.9	0	154	4452	1	673	0	0	1
67158	8526.5	9842.5	22.7	0	165.1	4453	1	390	0	0	1
67821	8735.9	9724.3	25.5	0	111.4	4499	1	136	0	0	1
68038	8669.3	9602.8	27.7	0	157.7	4512	1	206	0	0	1
68070	7979.3	9688.2	22.7	0	192.2	4515	1	419	0	0	1
68394	8100.4	9679.7	21.8	0	175.3	4538	1	549	0	0	1
68808	8021.3	9679.9	16.4	0	153.5	4567	1	504	0	0	1
68822	8076.5	9621.4	16	0	195.6	4568	1	1271	0	0	1
68837	8059.6	9642.5	10.9	0	184.4	4569	1	1511	0	0	1
69288	8024.2	9661.2	26.1	0	160.6	4600	1	286	0	0	1
69319	8143.2	9665.8	15.8	0	146.1	4603	1	400	0	0	1
69827	8602.3	10120.1	30.5	0	180.2	4639	1	384	0	0	1
69955	8295.5	10071.8	18.4	0	165.7	4648	1	660	0	0	1
70300	8575.2	10007.4	21.4	0	175	4670	1	364	0	0	1
70318	8526.6	10011.1	30.5	0	143.6	4671	1	232	0	0	1
70725	8807.6	9721.2	25.1	0	120.9	4696	1	164	0	0	1
70743	8756.8	9718	30.7	0	113.9	4697	1	167	0	0	1
71212	8312.2	10051.1	7.5	0	161.2	4724	1	2031	0	0	1
71543	8105.1	9685.4	9.3	0	153.8	4741	1	1258	0	0	1
71560	8047.8	9719.5	12.2	0	159.4	4742	1	1140	0	0	1
71601	7910.4	9827	13	0	120.6	4744	1	588	0	0	1
71625	7898.8	9767.8	19.6	0	147.4	4745	1	435	0	0	1
71854	8291.2	10086.2	31.9	0	137.7	4758	1	209	0	0	1
71915	8022	9812.1	14.7	0	173.2	4762	1	615	0	0	1
72049	8247.4	9710.7	18.5	0	192.3	4770	1	759	0	0	1
72828	8128.3	9725.2	15.2	0	179.2	4814	1	1505	0	0	1
73059	8344.2	9670.1	9.5	0	165.3	4828	1	1637	0	0	1
73080	8325.6	9680.1	17.8	0	186.8	4829	1	885	0	0	1
73394	8292.3	10043.6	23.8	0	141.6	4848	1	337	0	0	1
73523	8095.5	9676.8	13.4	0	149.4	4856	1	616	0	0	1
73539	8240.4	9690.1	11.2	0	166.2	4857	1	888	0	0	1
73559	8334.3	9716.4	13.7	0	148	4858	1	710	0	0	1
73756	8137.2	9662.1	14.3	0	169.5	4869	1	766	0	0	1
74198	7990.9	9633.9	38.7	0	169.3	4894	1	332	0	0	1
74235	8142.9	9665.9	14.3	0	161.9	4897	1	872	0	0	1
74255	8100.3	9676.4	24.7	0	154.2	4898	1	365	0	0	1
75007	8134.2	9652.1	10.2	0	153.6	4944	1	803	0	0	1
75189	8043.9	9779.3	17.1	0	185.4	4955	1	1143	0	0	1
75434	8115.2	9658.9	15.1	0	148.4	4969	1	521	0	0	1
75477	8059.8	10089	30.4	0	119.1	4971	1	180	0	0	1
75817	8293.8	10056.2	30.2	0	152.2	4991	1	356	0	0	1
76751	8429.9	9802.9	24.1	0	199.4	5046	1	635	0	0	1
76771	8322.1	9767.9	27	0	167.3	5047	1	433	0	0	1
77035	8312.4	10051.7	25.9	0	125.7	5060	1	233	0	0	1
77401	8348.1	9709.6	13.4	0	146	5082	1	735	0	0	1
77465	8571.5	10042.7	21.1	0	184.4	5085	1	492	0	0	1
77831	8302.5	9690	20.8	0	145.1	5108	1	489	0	0	1
77881	7993.4	9978.6	22.7	0	149.2	5110	1	300	0	0	1
77890	7965.8	9972.3	20.7	0	142.2	5111	1	369	0	0	1
77902	7991.4	9942.5	24.6	0	141.3	5112	1	285	0	0	1
78047	8536.2	10043.9	12.7	0	170.1	5122	1	855	0	0	1
78883	8238.2	9709.6	24.7	0	134	5173	1	232	0	0	1
78971	8090.2	9769.8	12	0	165.6	5178	1	802	0	0	1
79663	8707	9517.6	25.5	0	186.3	5218	1	683	0	0	1
80167	8058.5	9921	22.2	0	152.7	5250	1	361	0	0	1
80279	8641.3	9601.1	30.4	0	190.1	5258	1	425	0	0	1
80803	8061.6	9847.7	27.1	0	166.8	5290	1	308	0	0	1
80936	8124	9672.6	10.4	0	157.8	5300	1	979	0	0	1
80961	8136.3	9643.9	22.9	0	164.3	5301	1	376	0	0	1
81245	8142.5	9687.4	13.6	0	133.4	5320	1	595	0	0	1
81808	8175.7	9939.2	25.1	0	195.6	5355	1	551	0	0	1
81828	8221.3	9960	26.7	0	193.9	5356	1	580	0	0	1
81918	8114.9	9708.5	14.3	0	132.1	5361	1	400	0	0	1
82176	8547.8	10044.1	23.7	0	186.1	5376	1	384	0	0	1
82286	8348.2	9345.3	19.7	0	155.4	5383	1	464	0	0	1
82295	8364.4	9357.1	9.7	0	156	5384	1	772	0	0	1
82335	8144.7	9674.3	12.2	0	153.4	5387	1	698	0	0	1
82362	8189.9	9635	29.2	0	148.3	5388	1	245	0	0	1
83152	8140.5	9696.9	8.3	0	152.3	5438	1	1388	0	0	1
83169	8174.2	9692	17	0	138.8	5439	1	528	0	0	1
83218	8091.7	9782.6	15.6	0	178.7	5442	1	925	0	0	1
83237	8060.4	9782	12.9	0	159.9	5443	1	650	0	0	1
83278	8095	9697.9	25.1	0	176.4	5445	1	474	0	0	1
83425	8371.6	9722.5	16	0	148.4	5454	1	444	0	0	1
84854	8448.6	9840.3	31.4	0	163.7	5544	1	348	0	0	1
84884	8417.1	9831.4	30.8	0	169.4	5546	1	274	0	0	1
85638	8031.6	9850.7	28.4	0	153.9	5593	1	254	0	0	1
85803	8449.7	9844.2	19.4	0	197.9	5604	1	760	0	0	1
85976	8086.5	9936.8	28	0	192.4	5615	1	511	0	0	1
86080	8583.4	9595.4	33.7	0	111.8	5621	1	119	0	0	1
87128	8507.2	10004.1	24.9	0	138.5	5680	1	300	0	0	1
87367	8132.4	9665.3	7.8	0	155	5695	1	1476	0	0	1
87557	8114.5	9635.6	20.2	0	183.1	5707	1	433	0	0	1
87981	8362.7	9728.8	10.1	0	165.5	5732	1	1356	0	0	1
88938	8263.3	9461.2	34	0	120.4	5783	1	129	0	0	1
88959	8120.2	9979.5	23.5	0	142.3	5784	1	224	0	0	1
90096	8089.6	9697.5	16.4	0	178.5	5853	1	508	0	0	1
90193	8377.2	9751.6	28	0	125.9	5858	1	174	0	0	1
90252	8583.7	9562.8	40	0	134.9	5861	1	173	0	0	1
90441	8513.9	9855.2	14	0	170.2	5872	1	727	0	0	1
90501	8477.4	9878.7	13.9	0	180.1	5877	1	1117	0	0	1
90948	8344.9	9731.2	26.2	0	122.8	5903	1	158	0	0	1
91498	8036.7	9792.3	25.2	0	142.4	5936	1	209	0	0	1
91833	8305.1	10081.3	11.2	0	146.2	5956	1	614	0	0	1
91934	8392.7	9338.8	13.2	0	155.4	5961	1	802	0	0	1
92091	8686.6	9564.9	18.4	0	179.9	5970	1	519	0	0	1
92397	8057.6	9776.9	9.9	0	153.5	5992	1	850	0	0	1
92429	8065.7	9796.8	16.3	0	161.4	5994	1	671	0	0	1
92466	8359.2	9689.4	13.4	0	151.1	5996	1	463	0	0	1
92475	8311.7	9698.3	24.9	0	167.4	5997	1	305	0	0	1
92603	8372.6	9635.2	17.5	0	197.7	6006	1	1300	0	0	1
93269	8813.8	9547.6	19.5	0	181.9	6049	1	588	0	0	1
93316	8761.2	9549.7	27	0	170.1	6052	1	356	0	0	1
94087	8302.8	10035.6	25.8	0	150.8	6103	1	594	0	0	1
94777	7987.2	9882.7	22.3	0	188.6	6146	1	527	0	0	1
96052	8292	10060.1	14.4	0	152.1	6228	1	556	0	0	1
96456	8141.8	9658.6	10.1	0	150.8	6254	1	965	0	0	1
96946	8092	9692.1	12.4	0	165.7	6284	1	1029	0	0	1
97644	8037	9848.4	10.1	0	169.5	6329	1	1043	0	0	1
97665	8032.6	9870.4	20.9	0	159.1	6330	1	324	0	0	1
97837	8498.5	9839.6	25.6	0	141.2	6341	1	208	0	0	1
98695	8281.3	10082.4	16.7	0	154.2	6395	1	449	0	0	1
98837	8209.1	9405.5	32.7	0	160.1	6403	1	300	0	0	1
99517	8041.5	9424.4	31.6	0	102.8	6443	1	132	0	0	1
99764	8310.1	10077.9	10.6	0	149.9	6459	1	678	0	0	1
99788	8527.5	10035.1	11.6	0	175.3	6461	1	853	0	0	1
102137	8291.8	10080.8	9.7	0	145.4	6610	1	746	0	0	1
102157	8286.5	10060	28.5	0	130.6	6611	1	173	0	0	1
103839	8722.8	9563.8	21.1	0	154	6725	1	281	0	0	1
103854	8755	9554	33.7	0	186.7	6726	1	350	0	0	1
103888	8673.8	9586.6	23.1	0	180.1	6728	1	394	0	0	1
103903	8632.4	9608.2	31.7	0	193.7	6729	1	447	0	0	1
103941	8741.9	9582.2	32.3	0	144.1	6731	1	201	0	0	1
104240	8420.4	9754	14.3	0	177.6	6751	1	842	0	0	1
104507	8103.4	9785.1	18.1	0	171.7	6767	1	516	0	0	1
105104	8074	9798.2	17.4	0	166	6800	1	391	0	0	1
105432	8440.6	9873.8	22.6	0	166.5	6820	1	312	0	0	1
105812	8304.9	10081.1	10.4	0	151.9	6844	1	776	0	0	1
106033	8143.7	9652.8	16.8	0	153.5	6857	1	531	0	0	1
106146	8141.2	9749.2	38.1	0	171.4	6864	1	252	0	0	1
106885	8135	9657.1	13.1	0	149.6	6910	1	597	0	0	1
106912	8635.9	9455.1	16.2	0	189.3	6912	1	769	0	0	1
107064	8457.5	9815.9	24.3	0	173.6	6921	1	399	0	0	1
107539	8423.5	9825.6	26.3	0	153	6951	1	213	0	0	1
107602	8425.6	9837.2	28.3	0	193.8	6955	1	463	0	0	1
107780	8435.6	9879.1	31.2	0	174.3	6965	1	291	0	0	1
107799	8470	9861.1	24.2	0	157	6966	1	290	0	0	1
108067	8554.4	9615.9	30	0	113.1	6984	1	118	0	0	1
108242	8022.8	9408.1	28	0	132	6995	1	245	0	0	1
108254	8053.7	9426.5	24.1	0	108.1	6996	1	210	0	0	1
109452	8360.1	9682.4	11.7	0	158.9	7071	1	1066	0	0	1
109575	8659.4	9581.2	31.8	0	164.3	7078	1	246	0	0	1
110428	8147.4	9654.9	15.2	0	135	7131	1	411	0	0	1
110873	8433.4	9862.8	32.7	0	175.4	7156	1	283	0	0	1
111045	8334.7	10076.2	24.5	0	149.6	7167	1	253	0	0	1
111049	8286.4	10070.7	14.5	0	170.9	7168	1	559	0	0	1
111171	8406.7	9910.1	37.5	0	193.4	7175	1	403	0	0	1
111193	8414.8	9852.7	13.4	0	167.4	7176	1	684	0	0	1
111299	8468.7	9842	27.8	0	185.1	7184	1	359	0	0	1
111555	8290.6	10097.3	18.8	0	141.2	7201	1	330	0	0	1
111727	8540.1	10013.5	10.5	0	170.8	7212	1	1521	0	0	1
112070	8044	9819.3	10.6	0	180.2	7235	1	1565	0	0	1
112087	8019.3	9834.7	9.7	0	182.3	7236	1	1212	0	0	1
112329	8091.8	9714	10.5	0	162.3	7252	1	1110	0	0	1
112416	8435	9843.1	10.4	0	163.5	7258	1	902	0	0	1
112451	8381.3	9753.3	7.3	0	165.1	7260	1	1609	0	0	1
112685	8412.8	9811.3	18.3	0	194.9	7275	1	533	0	0	1
113196	8292.4	10077.4	12.6	0	143.5	7313	1	597	0	0	1
113308	8110.5	9647.2	16.1	0	147.7	7320	1	365	0	0	1
113642	8394.8	9793.1	20.5	0	189.7	7342	1	476	0	0	1
113805	8127.7	9712.6	8.1	0	144.8	7353	1	1105	0	0	1
114008	8286.2	10083.2	11.2	0	155	7366	1	678	0	0	1
114078	8520	10002.6	23.7	0	158.3	7370	1	246	0	0	1
114531	8125.1	9669.3	9.8	0	145.3	7398	1	870	0	0	1
114550	8164.9	9679.4	8.2	0	151.5	7399	1	1389	0	0	1
114572	8146.1	9654.9	13	0	151.7	7400	1	646	0	0	1
114714	8429.3	9872.4	28.6	0	188.2	7409	1	437	0	0	1
115034	8592.2	9415.5	17.6	0	165.5	7432	1	507	0	0	1
115055	8626.4	9439.8	11.6	0	193.2	7433	1	1168	0	0	1
115373	8516.1	9839	12.9	0	168.3	7453	1	923	0	0	1
115809	8470.3	9850.3	26.1	0	173.2	7479	1	503	0	0	1
115825	8474.6	9814.5	17.4	0	171.9	7480	1	585	0	0	1
116002	8124.2	9678.1	10.8	0	137.9	7492	1	698	0	0	1
116127	8762.7	9514.3	33.2	0	167.6	7500	1	284	0	0	1
117213	8039.1	9851.1	14	0	174.6	7568	1	602	0	0	1
117395	8330.3	9703.7	20	0	140.7	7581	1	346	0	0	1
117433	8780.8	9549.7	24.6	0	129.9	7583	1	143	0	0	1
117689	8351	9700.2	18.3	0	153.7	7599	1	376	0	0	1
117701	8355.1	9675.8	18.9	0	128.9	7600	1	253	0	0	1
117938	8535.6	9609.9	24.2	0	106.9	7618	1	132	0	0	1
118466	8309.7	10084.6	14.3	0	131.3	7652	1	520	0	0	1
118595	8495.8	9872.5	9.4	0	167.9	7661	1	1314	0	0	1
118620	8520.8	9816.3	24.7	0	161.5	7662	1	316	0	0	1
118688	7941.1	9973.2	11	0	164.6	7667	1	881	0	0	1
119745	7915	9851	29.4	0	146.6	7730	1	220	0	0	1
120263	8066.3	9924.3	18	0	188.6	7762	1	631	0	0	1
120280	8047.4	9879.5	32.9	0	179	7763	1	260	0	0	1
120480	8320	10071.7	18.2	0	146	7777	1	288	0	0	1
120679	8495.6	9809.6	27	0	115	7788	1	140	0	0	1
121326	8499.5	10050.3	24.4	0	175.3	7825	1	781	0	0	1
121345	8521.8	10044.3	19.2	0	183.5	7826	1	415	0	0	1
123073	8140.2	9680.3	21	0	145.9	7940	1	260	0	0	1
124044	8386.2	9315.7	12.8	0	144.6	8006	1	517	0	0	1
124338	8036.6	9877.6	16.3	0	164.5	8025	1	845	0	0	1
124574	8477	9839.5	21.7	0	187.1	8038	1	452	0	0	1
124638	8427.2	9801.2	20.8	0	176.9	8042	1	447	0	0	1
124641	8446.6	9832.4	20	0	166.7	8043	1	465	0	0	1
124893	8088.2	9983.8	26.5	0	175.8	8060	1	397	0	0	1
125157	8372.4	9708.2	25.1	0	161	8076	1	253	0	0	1
125348	8292.2	10089.7	10.3	0	156.7	8087	1	874	0	0	1
125880	8293.7	10103.7	16.5	0	147.9	8121	1	361	0	0	1
126661	8170.7	9909	21.3	0	184.9	8173	1	501	0	0	1
126758	8141.7	9634.2	13.3	0	124	8179	1	308	0	0	1
126973	8493.7	9828.2	20	0	198	8193	1	539	0	0	1
128539	8063.7	9750.5	16.4	0	182.3	8297	1	782	0	0	1
128902	8123.9	9704.7	11.6	0	157.2	8323	1	870	0	0	1
128915	8127.5	9681.1	18.4	0	161.2	8324	1	333	0	0	1
128973	8836	9723	33.8	0	143.8	8329	1	199	0	0	1
129070	8414.6	9799	22.8	0	170.1	8335	1	328	0	0	1
129081	8437.1	9812.6	34.4	0	181.3	8336	1	293	0	0	1
129200	8424.4	10082.1	21.2	0	121.3	8344	1	237	0	0	1
129263	8372.6	9841.3	12.7	0	194	8349	1	1730	0	0	1
129323	8421.4	9802.7	12.8	0	186.1	8353	1	882	0	0	1
129348	8466.8	9832.2	16.6	0	184.3	8355	1	453	0	0	1
129381	8434.2	9788.1	24	0	188.2	8358	1	492	0	0	1
129960	8298.3	10056.6	18.3	0	159.7	8396	1	544	0	0	1
130908	8419.3	9847	10.5	0	186.4	8457	1	1346	0	0	1
130926	8435.5	9876.4	12.1	0	188.2	8458	1	1379	0	0	1
130982	8416.5	9853.4	13.9	0	187.5	8462	1	1109	0	0	1
131604	8333.7	10072.4	25.3	0	136.6	8506	1	202	0	0	1
131610	8309.3	10070.8	9.5	0	149.6	8507	1	923	0	0	1
131627	8284.7	10059.7	18	0	162.2	8508	1	604	0	0	1
131646	8135.6	9666.7	9	0	147	8509	1	830	0	0	1
131979	8320.9	10068.1	18.3	0	147.4	8529	1	300	0	0	1
132258	8127.4	10131.4	34.3	0	190.7	8547	1	323	0	0	1
132547	8136	9957.6	15.3	0	166.5	8566	1	533	0	0	1
132737	8174	9712.6	18.7	0	190.9	8578	1	805	0	0	1
132908	8084.1	9773	14.5	0	168.9	8590	1	594	0	0	1
133074	8300.4	10083.5	14	0	139	8600	1	583	0	0	1
133101	8298.8	10046.5	23.5	0	156.9	8601	1	283	0	0	1
133701	8326.1	9793.2	29	0	171.4	8643	1	389	0	0	1
133717	8396.1	9806.5	19.7	0	172.9	8645	1	398	0	0	1
133948	8140.5	9655.9	12	0	162.2	8660	1	671	0	0	1
134008	8799.3	9544	36.4	0	117.2	8664	1	110	0	0	1
134573	8480.3	9807.5	21.1	0	170.2	8699	1	657	0	0	1
134769	8486.4	9895	32.9	0	190.7	8711	1	423	0	0	1
134788	8462.4	9859	20.1	0	177.3	8712	1	936	0	0	1
135033	8523	9844.6	21.9	0	144.6	8728	1	352	0	0	1
135087	8550.5	10058.7	15	0	172	8731	1	657	0	0	1
135615	8124.4	9678.1	21.7	0	164.8	8766	1	412	0	0	1
135631	8139.1	9652	8.2	0	146.3	8767	1	1089	0	0	1
136128	8126.6	9602.6	11.2	0	182.4	8800	1	914	0	0	1
136924	8300.5	10082.2	9.2	0	162.2	8852	1	1080	0	0	1
137626	8498.1	9842.2	13.6	0	153.5	8901	1	540	0	0	1
137662	8132.1	9643.3	9.4	0	165.6	8903	1	1339	0	0	1
137799	8372.4	9974	13.8	0	199.5	8912	1	1387	0	0	1
138362	8462.9	9792.5	14.9	0	195.3	8945	1	1315	0	0	1
138371	8498.5	9823.4	17.3	0	140.2	8946	1	313	0	0	1
138702	8316.3	9673.2	10.4	0	137	8966	1	739	0	0	1
138724	8293.3	9635.5	12	0	172.1	8967	1	1156	0	0	1
138742	8097.5	9637.5	12.8	0	176.2	8969	1	1079	0	0	1
139259	8286.9	10070.3	28.8	0	150.4	9002	1	281	0	0	1
139270	8267.5	10034.8	16.1	0	176.8	9003	1	745	0	0	1
139385	8602	9575.2	28.5	0	128.6	9010	1	180	0	0	1
139516	8830.1	9665	31.6	0	128	9019	1	128	0	0	1
139560	8569.3	9835	21.2	0	179.7	9022	1	592	0	0	1
139629	8078.3	9454.3	28.4	0	129.2	9026	1	234	0	0	1
139933	8268.2	9673.8	30.8	0	170.4	9046	1	249	0	0	1
140178	8466.7	9842.8	14	0	187.9	9061	1	983	0	0	1
140275	8106.7	9673.1	28.6	0	183.1	9068	1	685	0	0	1
140842	8292.4	10077.3	33.1	0	170	9107	1	265	0	0	1
141054	8298.2	10072.6	27.5	0	166.3	9120	1	225	0	0	1
141463	8285.4	10091.7	14.4	0	144.9	9151	1	503	0	0	1
142280	8113.5	9711	12.8	0	152.4	9204	1	632	0	0	1
142281	8147.3	9695.6	17.7	0	149.2	9205	1	378	0	0	1
142348	8493	10045.3	25.8	0	169	9209	1	296	0	0	1
142458	7893.5	9553.8	32.1	0	197.9	9216	1	345	0	0	1
143298	8144.1	9798.9	23.3	0	179.3	9271	1	536	0	0	1
143566	8133.3	9716.5	9.3	0	148.9	9288	1	986	0	0	1
144995	8018	9796.7	16.1	0	155.3	9380	1	426	0	0	1
145011	8024.5	9843.8	20.6	0	188.2	9381	1	489	0	0	1
145115	8363.2	9341.1	15.6	0	176.1	9387	1	740	0	0	1
145510	8508.7	10068.9	31.1	0	184	9411	1	305	0	0	1
145596	8534.4	9837.6	21.5	0	174.8	9418	1	349	0	0	1
145954	8351.3	9692.1	17.2	0	150.5	9440	1	398	0	0	1
147340	8412	10071.8	14.3	0	154.5	9531	1	730	0	0	1
149996	8101.6	9737.2	10	0	157.1	9704	1	1018	0	0	1
150317	8688.5	9585.8	28.2	0	157.4	9724	1	224	0	0	1
150832	8622.9	9622.3	27.4	0	167.3	9758	1	286	0	0	1
150897	8647.8	9575	26.5	0	192.3	9761	1	398	0	0	1
150911	8681.4	9574.9	23.2	0	151.9	9762	1	362	0	0	1
150920	8652.2	9539.9	27.5	0	172.3	9763	1	319	0	0	1
151504	8167.4	9708.7	18.7	0	156.3	9801	1	399	0	0	1
151532	8707.4	9519.3	23	0	189.7	9803	1	436	0	0	1
151710	7982.4	9964.2	20.2	0	171	9815	1	464	0	0	1
151729	7941.1	9987.3	18.3	0	170	9816	1	407	0	0	1
151826	8315.5	10049.1	24.4	0	174.7	9823	1	375	0	0	1
151858	8785.6	9532.5	32.9	0	184.6	9824	1	287	0	0	1
152301	8544.6	10042	19.4	0	164.5	9854	1	297	0	0	1
152797	8388.9	9342.5	10	0	162.3	9888	1	1015	0	0	1
152997	8794.5	9571.3	19.1	0	188.9	9901	1	529	0	0	1
153083	8772.7	9577.9	26.2	0	170	9906	1	237	0	0	1
153112	8730.7	9413.4	18.9	0	179.4	9908	1	438	0	0	1
154616	8106.7	9706.1	20.1	0	139.6	10010	1	255	0	0	1
155392	8140.3	9651.8	23	0	181.6	10063	1	435	0	0	1
156173	8130.7	9869.9	16.5	0	189.3	10120	1	688	0	0	1
157522	8308.2	10076.3	12.1	0	135.2	10214	1	479	0	0	1
158044	8347.1	9698.6	12.4	0	145.9	10250	1	501	0	0	1
158103	8369	9774.1	21.1	0	132.6	10254	1	273	0	0	1
159415	8544.2	10028.3	14.7	0	157.5	10336	1	509	0	0	1
159442	8530.5	10060.8	22	0	130	10337	1	183	0	0	1
159910	8570.7	9568.1	20.9	0	121.7	10368	1	212	0	0	1
159987	8555.9	9564.3	22.2	0	127.8	10374	1	206	0	0	1
160345	8227	9675.8	24.3	0	131.6	10398	1	201	0	0	1
161018	8549.6	9585.4	29.1	0	126.2	10448	1	157	0	0	1
161903	8315.2	9733.3	8.6	0	151.7	10510	1	1087	0	0	1
161999	8136	9680.1	12.1	0	141.2	10517	1	585	0	0	1
162138	8233	10109.2	27.5	0	113.7	10526	1	182	0	0	1
162757	8057.1	9964.9	23.5	0	178	10569	1	384	0	0	1
163366	8073.7	9798.5	24.3	0	124.8	10611	1	198	0	0	1
163395	8113.8	9712.8	10.1	0	144.3	10612	1	876	0	0	1
163407	8117.7	9736.9	16	0	135.7	10613	1	314	0	0	1
164054	8554.9	9591.3	33.3	0	102.9	10657	1	125	0	0	1
164881	8018.5	9648.5	16.2	0	167.3	10714	1	403	0	0	1
165137	8531.6	10041.7	17.7	0	157.3	10730	1	449	0	0	1
165166	8611.8	10093.8	43.1	0	170	10732	1	297	0	0	1
165277	8342.6	9702.5	12.3	0	144.4	10740	1	479	0	0	1
165304	8318.7	9710.1	9.9	0	139.5	10741	1	918	0	0	1
165639	8067	9739.5	12.9	0	173.1	10764	1	1235	0	0	1
165735	8531.6	10008	13.1	0	153.6	10770	1	649	0	0	1
165940	8130.1	9660.6	14.4	0	164.4	10784	1	492	0	0	1
166611	8036.5	9733	33.1	0	151.1	10830	1	211	0	0	1
166639	8068.6	9781.3	9.8	0	164.7	10832	1	836	0	0	1
166672	8413.4	9850.1	22.9	0	198.7	10834	1	414	0	0	1
167515	8374.1	9324.7	25.7	0	178.8	10888	1	318	0	0	1
167600	8426	10155.9	36	0	118.6	10894	1	104	0	0	1
168282	8249.7	9737.8	13	0	150	10940	1	669	0	0	1
168586	8306.4	10080.4	11	0	145.9	10961	1	761	0	0	1
168703	8764.8	9582.9	25.5	0	197.4	10968	1	491	0	0	1
169475	8411.5	9823.2	21	0	176.9	11022	1	373	0	0	1
169819	8136.7	9671	23	0	156.1	11048	1	267	0	0	1
169913	8100	9727	10.5	0	161.5	11054	1	853	0	0	1
170240	8000.8	9608.3	34.7	0	173	11078	1	242	0	0	1
170407	8397.3	10064.5	14.4	0	162	11089	1	743	0	0	1
170437	7948.3	9679.2	29.5	0	182.8	11091	1	332	0	0	1
170783	8350.8	9724.5	13.3	0	129.5	11116	1	388	0	0	1
171646	8354.9	9724.8	8.9	0	153.6	11172	1	1062	0	0	1
172921	8499.1	9862.1	15.3	0	165.8	11260	1	501	0	0	1
173059	8325.5	10082.2	9.8	0	141.4	11269	1	712	0	0	1
173247	8806.8	9507.5	25.9	0	196.5	11284	1	449	0	0	1
173384	8366	9689.6	30.6	0	116.4	11295	1	116	0	0	1
173549	8111.7	10126.7	21.3	0	179.3	11306	1	402	0	0	1
175553	8128.8	9941.2	21	0	172.6	11441	1	380	0	0	1
175582	8107	9944.4	15.2	0	165.9	11442	1	677	0	0	1
175596	8081.7	9938.3	31.2	0	141.2	11443	1	158	0	0	1
175675	8307.4	10078	14	0	185.1	11448	1	807	0	0	1
176327	8152.8	9655.6	24.9	0	128.9	11494	1	196	0	0	1
176810	8416.4	9746.7	35	0	126.1	11527	1	167	0	0	1
176901	8358.2	9672	19.1	0	162.1	11533	1	419	0	0	1
176909	7875.6	9549.1	27.2	0	164.6	11534	1	310	0	0	1
177396	7890.2	9648.6	20.7	0	194.2	11571	1	455	0	0	1
177558	7890.4	9656.3	20.7	0	197.6	11581	1	614	0	0	1
178483	8831.3	9585.9	8.7	0	154.6	11650	1	1100	0	0	1
178509	8506.4	9916	13.5	0	184.9	11652	1	655	0	0	1
178858	8558.1	9566.3	33.5	0	104.1	11678	1	98	0	0	1
179403	8575.9	10045.2	23.4	0	167.3	11718	1	323	0	0	1
179600	8538.2	9808.5	34.2	0	149.2	11729	1	219	0	0	1
180118	8016.4	9721.9	20	0	185.2	11757	1	602	0	0	1
180230	8506	9813.5	22.3	0	180.6	11763	1	460	0	0	1
180670	8265.8	10098.8	15.4	0	155.3	11785	1	513	0	0	1
180893	8172.4	9682.9	21.4	0	151.5	11798	1	319	0	0	1
180976	8032.5	9865.1	19	0	191.8	11802	1	591	0	0	1
181539	8371.7	9662.5	28.4	0	121.1	11832	1	168	0	0	1
181816	8192.2	9929.2	28	0	148.1	11846	1	196	0	0	1
182154	8824.5	9592.8	9.9	0	170.9	11864	1	972	0	0	1
182346	7984.4	9574.1	26.7	0	154.4	11876	1	260	0	0	1
182642	8152.7	9709.9	10.1	0	165.1	11890	1	1072	0	0	1
183613	8536.6	10067.8	24.2	0	157.9	11938	1	321	0	0	1
184202	8065	9774.9	17.3	0	161.5	11969	1	525	0	0	1
184214	8065.4	9748.2	28.9	0	158.1	11970	1	254	0	0	1
184314	8395.2	10091.9	35.2	0	117.5	11975	1	135	0	0	1
185102	8120	9687.6	12.8	0	139.9	74	2	870	0	0	1
185473	8027.6	9834.8	9.6	0	185.4	168	2	1745	0	0	1
185551	8429.7	9820.3	9.2	0	179.8	184	2	1776	0	0	1
185566	8439.7	9811.6	7.1	0	184.6	187	2	1897	0	2	1
186125	8147.9	9681.9	7.8	0	155.1	320	2	1703	0	2	1
186431	8367.4	9733.6	11.7	0	123.3	394	2	586	0	0	1
186555	8064.2	9793.4	7.7	0	153.6	422	3	1870	0	1	1
186842	8394.2	10086.8	11.3	0	151.6	490	2	851	0	0	1
187159	8144.7	9654.7	6.8	0	146	568	2	1704	0	0	1
187700	8135.5	9956.6	11	0	173.9	693	2	1070	0	2	1
188059	8080.6	9916.3	9.3	0	190.7	786	3	1856	0	2	1
188110	8103.8	9892.9	11	0	191	798	2	1415	0	2	1
188433	8056.7	9804.3	6.7	0	155.1	886	2	2078	0	1	1
189215	8084.7	9742	5.4	0	161.7	1064	2	5150	0	0	1
190839	8392.4	9356.8	6	0	153.3	1458	2	1847	0	0	1
190861	8377.6	9715.7	8.3	0	149.3	1463	2	1229	0	0	1
190891	8382.8	9713.2	9.5	0	167.4	1468	2	1589	0	0	1
190903	8362	9718.7	5.4	0	148.4	1470	4	3389	0	3	1
190978	8325	9678.2	8	0	141	1492	2	2125	0	0	1
191186	7869.7	9534.2	6.9	0	153.9	1540	2	2787	0	0	1
192316	8278	10079.7	4.7	0	149.4	1824	2	3564	0	0	1
192390	8015.4	9835.4	7.9	0	169.3	1842	2	1529	0	0	1
192510	8299.4	10065.5	11.3	0	153	1875	2	902	0	0	1
193407	8113.7	9663.4	6.9	0	169.2	2112	2	2025	0	0	1
193946	8140.8	9700.2	3	0	149.5	2247	4	9421	0	0	1
194195	8146.5	9706.3	9	0	146	2313	2	871	0	0	1
194603	8282.9	10068.4	6.9	0	156.3	2411	2	2989	0	0	1
194938	8260.7	9670.6	3.6	0	145.9	2498	2	3427	0	0	1
195122	8097.9	9725.1	9	0	151.6	2537	2	1149	0	0	1
195355	8020.4	9864.3	6.3	0	168.5	2586	4	2943	0	0	1
195875	8279.4	10098.6	5.7	0	149.6	2695	2	1982	0	0	1
196552	8305.6	10076	7.4	0	161.2	2845	3	1783	0	0	1
196745	8274.9	10081.7	4.8	0	151.4	2884	2	2738	0	0	1
196957	8145.1	9669.4	4.2	0	160.3	2929	3	3422	0	0	1
196975	8154.5	9659	7.5	0	184.6	2932	3	3505	0	0	1
197717	8385.5	9692.4	10.1	0	151.3	3095	2	1024	0	0	1
197805	8562	10040.6	11.2	0	163.8	3113	2	831	0	0	1
197847	8142.1	9662.9	4.7	0	148.9	3122	3	2854	0	0	1
198307	8117.7	9723.1	5.2	0	159.5	3229	2	2749	0	0	1
199092	8354	9716.4	9.4	0	143.2	3413	2	1211	0	0	1
199138	8383.1	9338	8.6	0	163.9	3424	2	1568	0	0	1
199599	8695.3	9603.9	8.5	0	185.4	3534	3	1740	0	0	1
199833	8169	9854.9	10.4	0	169.7	3595	2	1195	0	0	1
199938	8142.8	9649.4	10.6	0	146.5	3619	2	885	0	0	1
200304	8573.7	9883.3	13.4	0	187.3	3713	2	1058	0	0	1
200361	8346.8	9714.9	5.8	0	142	3725	2	1967	0	0	1
200633	8396	10084.8	4.8	0	152.9	3789	2	2631	0	0	1
201106	8036.5	9669.1	7.8	0	161.3	3897	2	1879	0	0	1
201172	8395	10087.1	2.7	0	152.1	3914	11	17194	0	6	1
201405	8131.9	9659.4	5.6	0	146.8	3967	2	1493	0	0	1
202808	8160.2	9859.8	7.5	0	192.2	4336	2	2074	0	0	1
202821	8165.4	9886.8	6.9	0	186.3	4338	2	1708	0	0	1
202843	8192.6	9831.5	9.5	0	188.6	4343	2	1370	0	1	1
202864	8159	9864.8	4.9	0	189.4	4347	4	4603	0	2	1
203357	8335.3	9724.6	6.1	0	137	4483	3	2764	0	0	1
204784	8119.9	9698.5	3.7	0	148.1	4844	2	4252	0	0	1
204948	8045.7	9759.8	6.6	0	166.8	4881	2	3503	0	0	1
205429	8145.1	9700.2	8.3	0	156.2	5007	2	1457	0	0	1
206175	8062.4	9763	9.5	0	171.5	5179	2	1605	0	0	1
206317	8076.9	9779.4	7.3	0	148.9	5214	2	1458	0	0	1
206682	8125.5	9665.6	5.8	0	150.7	5308	2	1905	0	0	1
207856	8454.1	9813.5	7.1	0	188.9	5601	2	1803	0	0	1
208098	8542.3	10074.5	13	0	153.6	5665	2	561	0	2	1
208117	8532.9	10028.4	3.6	0	154.1	5669	8	11472	0	2	1
208205	8085.5	9942.3	10	0	184	5692	2	1465	0	0	1
208955	8492.4	9866.4	5.3	0	163.1	5873	4	3354	0	0	1
209152	8330	9730.4	7.9	0	156.4	5919	2	1931	0	0	1
209484	8342.1	9702.7	6	0	168.1	6005	3	2503	0	1	1
209500	8112.7	9713.8	5.8	0	159	6009	3	1923	0	2	1
209561	8297.1	10108.8	9.2	0	154.3	6023	2	1318	0	0	1
210045	8141.5	9665.6	8.5	0	151.5	6159	2	1684	0	0	1
210133	8087.3	9421	12.5	0	109.2	6186	2	316	0	1	1
210557	8505.1	9877.2	7	0	152.5	6295	3	1598	0	0	1
210724	8518.4	9860.7	5.4	0	155.2	6342	3	2386	0	0	1
210835	8557.1	10021.8	9.8	0	176	6369	2	1070	0	1	1
211626	8142.3	9655	5	0	148.5	6554	3	3154	0	0	1
211995	8140.5	9675.4	6	0	145.3	6650	2	1406	0	0	1
212231	8130.4	9666.9	9.3	0	151.2	6713	2	1453	0	0	1
212959	8399.7	10027.1	7.4	0	169.6	6904	2	1501	0	0	1
213069	8798.6	9541.7	11	0	175.3	6933	2	1046	0	1	1
213435	8345.8	9718.7	8.2	0	142.5	7030	2	1132	0	0	1
214257	8134.3	9665.9	6.8	0	149.1	7240	2	1221	0	0	1
214317	8111	9719.5	4.9	0	161.1	7253	2	3074	0	0	1
214345	8443.7	9820.4	4.6	0	183.9	7259	3	3874	0	1	1
214357	8426.7	9809.5	8.4	0	192.1	7263	2	1569	0	1	1
214448	8513.8	9856.2	4.8	0	163.2	7287	2	3240	0	0	1
215195	8447.9	9819.1	7.4	0	182.1	7482	2	1730	0	0	1
215449	8298.3	10074.8	5.5	0	139	7548	2	1566	0	0	1
215782	8303.3	10077.3	6.7	0	148.6	7632	2	1650	0	0	1
216142	8302.6	10087.3	5.8	0	154.3	7725	3	2908	0	0	1
216370	8514.7	9863.3	4.3	0	159.6	7784	2	3218	0	0	1
216383	8513.6	9848.6	6.1	0	162.3	7786	2	1929	0	0	1
216772	8526	9846.6	6.2	0	165.5	7883	2	1691	0	0	1
216892	8517.3	9855.2	10.6	0	156.5	7913	2	815	0	0	1
217319	8494.9	9865.8	11.7	0	173.1	8040	2	952	0	0	1
217662	8086.7	9776.7	8.7	0	153.5	8140	2	975	0	0	1
217708	8129.2	9680.8	9.3	0	152.3	8153	2	875	0	0	1
218420	8398.7	9823.1	8.8	0	181.9	8345	2	1844	0	2	1
218438	8433.3	9816.1	5.9	0	180.3	8350	2	2175	0	0	1
218450	8450.3	9805.4	8.9	0	185.2	8352	2	1342	0	1	1
218466	8442.6	9838.2	13.9	0	183.7	8356	2	820	0	2	1
218599	8322.7	9672.6	6.8	0	149.8	8398	2	1903	0	0	1
219269	8067.2	9784.4	8.9	0	173	8570	2	1356	0	1	1
219697	8122.4	9657.2	5.1	0	152.7	8690	3	2455	0	0	1
220282	8317.6	9710.3	7.6	0	154.6	8845	2	2245	0	0	1
220553	8331.6	9717.3	5	0	151.4	8913	3	2161	0	1	1
220586	8131.1	9712.5	5.8	0	146	8919	2	1922	0	0	1
220680	8500.5	9843.1	7.8	0	161.3	8943	2	1384	0	0	1
220846	8121.8	9884.7	13.7	0	188.2	8985	2	1067	0	0	1
221846	8135.9	9658.2	8.3	0	156.6	9268	2	1557	0	0	1
221933	8135.9	9697.7	6.3	0	147.8	9289	2	1807	0	0	1
222417	8506.8	9848.5	8.5	0	163.9	9419	2	1408	0	0	1
222909	8158.2	9647	8.2	0	163.6	9555	2	1447	0	0	1
223890	7958.7	9974.7	11.6	0	152	9813	2	607	0	0	1
224200	8816.2	9536.4	8.6	0	179.4	9898	3	1413	0	2	1
224215	8824.1	9569.9	10.1	0	167.2	9903	2	892	0	0	1
225044	8148.2	9837.6	8.7	0	186.1	10119	2	1345	0	2	1
225154	8342	9706.1	6	0	156.2	10150	2	1448	0	0	1
226021	8247.4	9706.2	7.9	0	159.1	10396	2	1551	0	0	1
226425	8130.3	9649.3	6.5	0	140.5	10518	2	1920	0	0	1
226718	8154	9658.6	6	0	154.1	10591	2	1404	0	0	1
226862	8151.5	9671.2	6.1	0	155.6	10634	2	1517	0	0	1
227379	8020.8	9837.6	5	0	164.1	10789	2	2639	0	0	1
227388	8015.3	9815.3	7.6	0	172.1	10791	2	1236	0	0	1
227919	8268.1	9702.3	4.4	0	146.2	10944	4	2972	0	0	1
227944	8130.8	9663.7	6.3	0	151.6	10951	3	1510	0	0	1
228312	7869.6	9518.7	4.4	0	151.2	11056	4	4662	0	0	1
228926	8555.9	10050	6.3	0	162.6	11222	2	1444	0	0	1
229070	8509.8	9852.7	7.8	0	161.3	11261	2	1359	0	0	1
229911	8155	9671.6	5.2	0	148.6	11490	4	3180	0	0	1
230140	8142.9	9680.7	6.2	0	134.5	11553	2	1037	0	0	1
230787	8142.4	9651	7.9	0	160.6	11738	2	1300	0	0	1
230869	8048.4	9745.3	7.9	0	179.5	11758	2	1349	0	0	1
230887	8519.7	9838	9.5	0	164.8	11762	3	1259	0	1	1
231017	8143.5	9672.6	5.7	0	149	11795	3	2851	0	0	1
231104	8351.3	9723.1	4.4	0	149.4	11818	5	4753	0	0	1
231162	8347.2	9665.4	6.2	0	142.4	11833	2	1597	0	0	1
Orientation 	1
ROI width 	1005
ROI height 	1005
ROI x1 	7840
ROI x2 	8845
ROI y1 	9190
ROI y2 	10195
1
