Index	X	Y	Precision	SEM	PSF	First_Frame	N_detections	Photons	Intensity	Frames_missing	Channel
560	16969.5	6223	14.2	0	145.7	31	1	530	0	0	1
798	16933.2	6236.3	22.4	0	146.5	45	1	350	0	0	1
870	16924.4	6239.2	18.1	0	181.1	49	1	659	0	0	1
930	17340.9	7026.9	15.8	0	148	53	1	536	0	0	1
947	17324.7	6996.6	16.4	0	169.3	54	1	639	0	0	1
1015	17326.7	7021	14.3	0	158.5	58	1	583	0	0	1
1016	16878.7	6251.6	13.7	0	183	58	1	744	0	0	1
1074	17319.7	7010.9	16.7	0	157.9	62	1	614	0	0	1
1105	17340.3	7032.9	14.6	0	140.9	64	1	557	0	0	1
1167	17330.1	7019.6	13.5	0	141.2	68	1	493	0	0	1
1171	16959.8	6216.8	15.7	0	178	68	1	690	0	0	1
1404	17435.2	6946.8	11.1	0	167.6	82	1	1409	0	0	1
1449	16909.8	6270.7	14	0	174.3	85	1	1107	0	0	1
1602	16936.3	6269.4	18.5	0	187.1	95	1	1008	0	0	1
1734	17252.4	7065.7	22.7	0	154.6	104	1	490	0	0	1
1755	17269.7	7078.7	18	0	164	105	1	580	0	0	1
1816	16926.7	6252.5	23	0	151.8	108	1	337	0	0	1
1833	16898.4	6258.8	27.9	0	131.7	109	1	269	0	0	1
2079	16920.6	6272.2	16.8	0	194.8	124	1	686	0	0	1
2089	16908.2	6253.4	20.4	0	198	125	1	621	0	0	1
2129	16851.4	6275.4	21.1	0	174.1	127	1	482	0	0	1
2140	16876.9	6255.8	20.2	0	171.8	128	1	496	0	0	1
4536	17221	7004.5	28	0	160.1	283	1	279	0	0	1
5348	16777.6	6287.4	29.3	0	172.5	335	1	344	0	0	1
5876	16792.9	6288.4	17.6	0	162.7	371	1	487	0	0	1
5894	16815.3	6295.9	23.7	0	175.6	372	1	564	0	0	1
5932	16779.5	6309.3	21.2	0	180.8	375	1	616	0	0	1
6053	16785.7	6287	18.7	0	174.3	383	1	610	0	0	1
6131	17256.4	7039.5	17	0	174.8	388	1	699	0	0	1
6237	16831.7	6294.6	20.3	0	175.5	394	1	710	0	0	1
6567	16802.6	6272.9	20.3	0	172.8	414	1	583	0	0	1
7519	17358.2	6974.2	18.4	0	156	483	1	359	0	0	1
7568	17342	7051.7	24.7	0	131.8	486	1	255	0	0	1
7581	17317.2	7023.3	21.3	0	166.3	487	1	401	0	0	1
7745	17324	7014.5	27.4	0	135.8	499	1	245	0	0	1
7783	16816.8	6268.4	23.2	0	164	501	1	394	0	0	1
7815	16791.8	6282.3	18.5	0	150.5	503	1	330	0	0	1
7844	17366.9	7023.6	28.1	0	136.8	505	1	214	0	0	1
8261	16802.6	6311.7	28.5	0	174.5	531	1	417	0	0	1
9035	16755.3	6297.5	16.9	0	186.1	587	1	550	0	0	1
9051	16786.2	6269.4	16.3	0	160.1	588	1	454	0	0	1
11253	17216.7	6364	16.7	0	151.8	740	1	417	0	0	1
11868	16805.4	6386.7	19.4	0	174	787	1	552	0	0	1
16618	16650.9	6492.2	26.5	0	151	1109	1	259	0	0	1
16650	16616.2	6523.7	26.9	0	147.5	1111	1	233	0	0	1
16672	17358.7	7069	18	0	161.6	1113	1	451	0	0	1
16789	17335.6	7049.3	21	0	158.8	1120	1	392	0	0	1
17403	16782.6	6279.5	18.8	0	183.6	1164	1	562	0	0	1
17421	16802	6248.9	16.7	0	185.3	1165	1	870	0	0	1
17440	16810.1	6268.7	12.3	0	165.8	1166	1	884	0	0	1
17541	16793	6334.9	25.6	0	164.6	1174	1	298	0	0	1
17589	16791.9	6271.3	27.4	0	175.8	1178	1	366	0	0	1
19076	17240.5	7027	32.1	0	174.7	1281	1	360	0	0	1
19081	17250.2	6971.1	16.2	0	171.2	1282	1	753	0	0	1
19139	17246.1	6992.5	14.4	0	168.4	1286	1	911	0	0	1
19173	17268.3	6994.8	13.8	0	172.6	1288	1	949	0	0	1
19249	17246.7	6994.1	15	0	173	1294	1	905	0	0	1
20747	17309.7	7042.2	39	0	159	1399	1	259	0	0	1
20878	17326.1	7031	31.3	0	119.6	1407	1	147	0	0	1
22194	16630	6439.2	27.1	0	156.2	1500	1	251	0	0	1
24751	17235.9	6917	20.9	0	157	1678	1	329	0	0	1
24774	17194.7	6899.9	26.1	0	193.6	1679	1	448	0	0	1
24833	17221.2	6872.4	28.6	0	176.8	1683	1	333	0	0	1
24843	17242.1	6899.2	18.7	0	155.2	1684	1	362	0	0	1
24855	17206.9	6937.6	29.3	0	192.9	1685	1	474	0	0	1
26085	17490.9	6566.4	24.4	0	140.6	1773	1	298	0	0	1
26101	17495.5	6596.4	20.6	0	175.7	1774	1	545	0	0	1
26215	17497.1	6615.7	36.7	0	168.2	1781	1	316	0	0	1
26305	17489.4	6558.7	17.6	0	156.1	1787	1	340	0	0	1
26382	17493.3	6561.7	21.4	0	129.6	1792	1	236	0	0	1
27292	17228.1	6836.3	41.8	0	171.5	1858	1	255	0	0	1
27299	16977.9	6268.4	22.7	0	176.3	1859	1	430	0	0	1
27354	16955.9	6233.5	15	0	149.5	1863	1	428	0	0	1
27443	16979	6248.6	18	0	159.5	1868	1	380	0	0	1
27670	16985.3	6251.1	20.4	0	177.5	1883	1	513	0	0	1
27683	17015.3	6260.4	14.4	0	180.2	1884	1	591	0	0	1
27728	16905	6260.9	19.3	0	196	1888	1	860	0	0	1
27794	16897	6286.1	24.1	0	170.7	1892	1	384	0	0	1
27814	16872.8	6279.1	17.5	0	179.7	1893	1	470	0	0	1
27913	17315.1	6787.5	42.9	0	184	1900	1	321	0	0	1
28164	17398.7	6859.6	29.6	0	142	1919	1	196	0	0	1
28304	16977.9	6223.8	16.9	0	164.4	1930	1	405	0	0	1
28373	16992.1	6262.5	19.4	0	179.6	1934	1	435	0	0	1
28386	16959.8	6234.6	17.5	0	161.1	1935	1	361	0	0	1
28537	16795.7	6263.9	22.3	0	170.5	1946	1	569	0	0	1
29298	16687.7	7024.5	21.8	0	169.3	2001	1	601	0	0	1
29320	16709.3	6990.9	23.8	0	125.1	2002	1	209	0	0	1
29362	16683.7	6963.3	21	0	136.7	2005	1	276	0	0	1
29402	16657.8	6942.5	18.7	0	149.7	2009	1	340	0	0	1
29488	17066.1	6356.5	43.8	0	152	2016	1	181	0	0	1
30421	17070.8	6260.1	28.7	0	168	2083	1	249	0	0	1
31045	17451.3	6910.5	26	0	164.1	2130	1	292	0	0	1
31082	17425.1	6890.1	23	0	178.1	2132	1	388	0	0	1
31167	17032.2	7135.4	23.4	0	132.1	2138	1	266	0	0	1
32006	16813.6	6349.7	26.7	0	173.6	2198	1	335	0	0	1
32719	17197.5	6345.3	22.1	0	160.9	2249	1	277	0	0	1
32748	17193.3	6379.1	27.9	0	171.5	2251	1	258	0	0	1
32761	17169.2	6413.6	32.4	0	181.9	2252	1	285	0	0	1
32904	17137.5	6391.5	16.6	0	144.7	2263	1	387	0	0	1
33161	17154.2	6306.2	22.9	0	161.8	2282	1	325	0	0	1
33172	17145.4	6326.5	20.7	0	194.8	2283	1	440	0	0	1
33266	16689.6	6566.7	36.4	0	143.3	2290	1	179	0	0	1
38070	17094.1	7148.9	33.5	0	109.8	2624	1	230	0	0	1
38913	17317.1	7074.1	25.6	0	143.2	2671	1	175	0	0	1
38933	17333.3	7054.3	24.5	0	134.9	2672	1	192	0	0	1
38996	17307.3	7029.8	22.8	0	141.8	2676	1	259	0	0	1
39333	17324.1	7019.7	22.4	0	173.2	2695	1	348	0	0	1
39387	17310.1	7065.1	22	0	173.2	2698	1	374	0	0	1
39400	17293.1	7035.5	15.4	0	151.1	2699	1	365	0	0	1
39415	17266.4	7076	31.4	0	192	2700	1	372	0	0	1
39607	17305.8	7064.9	32.7	0	152	2711	1	268	0	0	1
39763	17328.2	7033.5	27.8	0	158	2721	1	280	0	0	1
40121	17308.9	7059.7	25.5	0	146.3	2744	1	257	0	0	1
40562	16662	6427.9	25.6	0	134.9	2770	1	179	0	0	1
40765	16640.8	6939.3	27.4	0	165.9	2782	1	359	0	0	1
42650	16892.4	6932.3	28.9	0	112.3	2888	1	135	0	0	1
42689	16860.8	6993.8	23.7	0	128.6	2891	1	233	0	0	1
43201	16963.7	6847.9	16.7	0	146.5	2924	1	321	0	0	1
43336	16949.3	6858.6	19	0	187	2931	1	423	0	0	1
43369	16997.7	6868.5	23	0	166.7	2933	1	354	0	0	1
43409	16999	6827.3	18.8	0	152.4	2935	1	337	0	0	1
43509	16993.2	6840.7	24	0	161.8	2941	1	357	0	0	1
43524	16978	6860.3	19.2	0	171.7	2942	1	409	0	0	1
43761	16989.2	6887.9	30	0	154.8	2955	1	272	0	0	1
45121	17300.4	7014.3	24.7	0	167.7	3033	1	338	0	0	1
45623	16884.3	6464.2	22.1	0	175	3063	1	410	0	0	1
45636	16906.1	6411.6	21.2	0	150.4	3064	1	278	0	0	1
45681	16743.7	6480.1	30.3	0	168.3	3067	1	361	0	0	1
45841	16620.2	6508.5	28.6	0	169.4	3076	1	305	0	0	1
45882	16602.7	6483.8	28.5	0	180.3	3078	1	368	0	0	1
47562	17346.3	6987.5	30.5	0	150.8	3181	1	224	0	0	1
47628	17396.5	6983	29.3	0	132.5	3185	1	164	0	0	1
47651	17351	7013.2	28.6	0	115.1	3186	1	131	0	0	1
48324	17035.9	7140	21.1	0	139.4	3231	1	253	0	0	1
48345	17043.5	7099.5	26.9	0	131.5	3232	1	190	0	0	1
49397	16834.4	6255.2	26.7	0	145.8	3299	1	274	0	0	1
49410	16806	6266.2	20.7	0	150.6	3300	1	303	0	0	1
49472	16765.7	6279.1	26.5	0	179.2	3303	1	335	0	0	1
49491	16756.2	6333.7	25.8	0	174.7	3304	1	357	0	0	1
49551	16785	6275.6	27.5	0	170.4	3309	1	301	0	0	1
49805	16628.9	6662.9	37.4	0	105.3	3324	1	109	0	0	1
50025	16666.7	6479.9	21.1	0	171.1	3337	1	333	0	0	1
50324	17419.6	6887.3	21.8	0	164.5	3356	1	454	0	0	1
51388	17070.9	7098.4	23.2	0	137.6	3424	1	224	0	0	1
51409	17068.4	7071.6	17.2	0	160.8	3425	1	357	0	0	1
51517	17048.9	6841	23.2	0	193.3	3432	1	494	0	0	1
51795	17413.1	6830.3	12.9	0	187.8	3449	1	1280	0	0	1
51815	17430.1	6803.9	12.8	0	186.8	3450	1	1064	0	0	1
51865	17400.9	6864.8	18.2	0	182	3452	1	490	0	0	1
52400	17257.8	7028.4	23.1	0	153.9	3486	1	255	0	0	1
52424	17132.3	6361.4	31.6	0	133.4	3488	1	169	0	0	1
52458	17279.6	7043.7	29.3	0	179.4	3490	1	417	0	0	1
52486	17316.9	7051.8	25.9	0	163	3492	1	342	0	0	1
52507	17228	7016.1	26.6	0	175	3493	1	329	0	0	1
52649	17275.3	7048.4	20.4	0	172	3502	1	423	0	0	1
52673	17268.7	7029.1	32	0	187.3	3503	1	343	0	0	1
52923	17289	7032.2	28.2	0	192.1	3518	1	363	0	0	1
52941	17313	7048.6	22.2	0	196.6	3519	1	425	0	0	1
52997	17332.5	7000.5	23.9	0	174.5	3521	1	311	0	0	1
53183	17254.3	6961.2	30.3	0	172.2	3532	1	287	0	0	1
53764	16822	6252.3	36.4	0	116.6	3569	1	132	0	0	1
53814	16793.5	6262	28.8	0	131.5	3572	1	234	0	0	1
53996	16832.2	6307.6	31.1	0	159.8	3583	1	211	0	0	1
54764	17287.8	6297.5	19	0	157.3	3632	1	325	0	0	1
54835	17288	6284.1	14.8	0	145	3638	1	389	0	0	1
54849	17250.7	6264.4	15.5	0	141.1	3639	1	402	0	0	1
54921	17269.7	6296.6	16	0	160.5	3644	1	522	0	0	1
55066	17245.9	6298.7	23.6	0	175.8	3653	1	343	0	0	1
55692	16919	6445.5	21.7	0	158	3695	1	254	0	0	1
55736	16875.9	6975.1	24.8	0	114.6	3698	1	186	0	0	1
55790	16874.9	6886.4	37.8	0	122.4	3701	1	202	0	0	1
55807	16823.3	6446.1	33.4	0	182.6	3702	1	336	0	0	1
56162	17376.1	6591	24.4	0	157.4	3723	1	217	0	0	1
57323	17245.7	6832	37.5	0	116.7	3803	1	181	0	0	1
57437	16841.8	6284.3	19.5	0	190.3	3812	1	925	0	0	1
57498	17253.6	6833.3	34.6	0	149.8	3816	1	282	0	0	1
57511	17231.5	6835	24.7	0	135	3817	1	233	0	0	1
58783	16658.2	6856.1	33.3	0	180.7	3900	1	325	0	0	1
59038	16718.6	6987.6	18.3	0	140.3	3917	1	273	0	0	1
59180	16871.5	6948.4	31.3	0	123.3	3925	1	161	0	0	1
59253	16885.1	6970.8	16.7	0	109.2	3930	1	293	0	0	1
59276	16895.2	6946.6	16.5	0	107.6	3931	1	293	0	0	1
59743	16893.8	6281.3	18.5	0	131.3	3959	1	298	0	0	1
62468	17511.2	6561.7	25.1	0	175.5	4140	1	339	0	0	1
62731	17504.5	6578	26.7	0	165.5	4157	1	251	0	0	1
62905	17511	6532.1	26	0	142.7	4168	1	243	0	0	1
63063	16585.1	6633	39.2	0	134.7	4177	1	176	0	0	1
63261	17380	6980.2	36.7	0	147	4192	1	217	0	0	1
63385	17332.2	7034.7	28	0	140.1	4201	1	216	0	0	1
63407	17318.9	6998.4	26.7	0	149.2	4202	1	216	0	0	1
63500	17340.6	6969.1	49.8	0	152	4208	1	201	0	0	1
64931	17520.4	6554.6	23.3	0	187	4303	1	342	0	0	1
65314	17524.4	6608	31.1	0	175.9	4327	1	258	0	0	1
65408	17485.8	6572.4	36.4	0	178.2	4333	1	274	0	0	1
65440	17517	6553.7	29.3	0	121.5	4335	1	137	0	0	1
70106	16859.6	6299.6	25.5	0	144.4	4658	1	289	0	0	1
72427	17320.6	6974.8	16.4	0	188.6	4793	1	638	0	0	1
72475	17296.8	6995.9	21.7	0	172.4	4796	1	564	0	0	1
72822	17288.1	6798.9	38.7	0	198	4813	1	446	0	0	1
73200	17365.3	7034.5	25.3	0	176.3	4836	1	412	0	0	1
73324	17347.6	7032.8	20.8	0	156.9	4843	1	340	0	0	1
73379	17356.7	7042.6	20.2	0	196.9	4847	1	686	0	0	1
73411	17329.6	7075	21.8	0	185.5	4849	1	704	0	0	1
73428	17285.8	7042.9	17.4	0	156.6	4850	1	404	0	0	1
73444	17312	7020.5	15.7	0	152.8	4851	1	413	0	0	1
73586	17288.1	7033.5	23.4	0	150.1	4859	1	292	0	0	1
73642	17331.1	7050.3	21.7	0	139.4	4862	1	287	0	0	1
73658	17291.9	7009.2	21	0	162.7	4863	1	353	0	0	1
75181	17356.8	6961.7	20.4	0	145.3	4954	1	251	0	0	1
76278	16993.7	6917.1	27.3	0	194.8	5019	1	485	0	0	1
76348	17017.2	6861.7	18.9	0	155	5023	1	394	0	0	1
76370	17029.4	6893.1	30.2	0	174.7	5024	1	336	0	0	1
79877	16717	6551.3	23.4	0	122.7	5231	1	196	0	0	1
80360	17243.4	7000.3	26.8	0	123.7	5262	1	147	0	0	1
81222	17300.2	7003	22.7	0	123.2	5318	1	157	0	0	1
81347	17428.7	6795.5	14.3	0	179	5327	1	766	0	0	1
81413	17440.8	6804	18.6	0	195.2	5331	1	582	0	0	1
81579	17392	6850.5	14.3	0	199.8	5342	1	908	0	0	1
83006	17292.1	7044.1	36.4	0	122.7	5428	1	142	0	0	1
84575	17147.5	6406.3	28	0	130.7	5526	1	180	0	0	1
84587	17163.9	6389.7	16.1	0	164.9	5527	1	572	0	0	1
84665	17144.2	6402.8	24.6	0	130.8	5532	1	235	0	0	1
85887	17324.5	7013.7	20.3	0	149.5	5609	1	261	0	0	1
85998	17317.6	7011	21.4	0	137.5	5616	1	245	0	0	1
86036	17295.8	7080.9	26.4	0	135.6	5618	1	215	0	0	1
86048	17309	7042	21	0	165.8	5619	1	366	0	0	1
86064	17347.8	7063.4	20.7	0	138.3	5620	1	254	0	0	1
86120	17328.5	7010.1	24.5	0	173.5	5623	1	345	0	0	1
86237	17297.6	7034.1	34.8	0	113	5630	1	112	0	0	1
86354	17292	7041.1	26.6	0	165.1	5637	1	336	0	0	1
86451	17350.7	7077.9	16.8	0	159.4	5643	1	523	0	0	1
86550	17283.5	7043.3	23.5	0	171.4	5648	1	338	0	0	1
86579	17323.4	7038.3	15.5	0	153.9	5650	1	420	0	0	1
86607	17307.2	7018.7	22	0	163.9	5651	1	408	0	0	1
86634	17304.1	7060.2	20.5	0	139.1	5652	1	287	0	0	1
86793	17345.3	6987.3	22.7	0	185.7	5660	1	511	0	0	1
86816	17271.3	7043.4	26.7	0	159.8	5661	1	323	0	0	1
87103	17223.8	7018.9	30.9	0	129.8	5678	1	160	0	0	1
87129	17277.2	7028.2	23.7	0	145.6	5680	1	316	0	0	1
87149	16608.4	6497.8	33.2	0	124.3	5681	1	146	0	0	1
87326	17133.8	6950.3	27.5	0	188.1	5691	1	321	0	0	1
87648	17149.7	6986.6	33.6	0	162.2	5712	1	243	0	0	1
87872	16919.8	6956.3	20.1	0	152.5	5725	1	386	0	0	1
88371	17242	7005.6	27	0	169.1	5752	1	322	0	0	1
88625	17259.7	7058.8	31.3	0	146.4	5766	1	206	0	0	1
90489	17312.4	7056	34.6	0	134	5875	1	178	0	0	1
90494	17280	7064.7	26.7	0	198.4	5876	1	392	0	0	1
90593	17352.1	7056.1	19.9	0	144.7	5882	1	306	0	0	1
91215	16993.7	6439.2	31.7	0	121.3	5919	1	187	0	0	1
91328	17382.9	6976.8	28.2	0	125.8	5926	1	164	0	0	1
91429	16705.2	6503.7	30.4	0	143.6	5931	1	198	0	0	1
91445	16694.5	6589.2	19.8	0	126.5	5932	1	174	0	0	1
92011	17328.8	7065.1	20.7	0	141.3	5966	1	277	0	0	1
92028	17330.4	7038.7	17.9	0	153.6	5967	1	372	0	0	1
92046	17353.5	7005.4	14.6	0	145.6	5968	1	347	0	0	1
92070	17358	7035.5	24.3	0	159.2	5969	1	244	0	0	1
92289	17203.6	6338.4	38.7	0	146.9	5984	1	170	0	0	1
93933	16642.6	6391.1	36.3	0	173.5	6092	1	286	0	0	1
93978	16808	6264.1	30.5	0	133.3	6096	1	172	0	0	1
95802	17303.7	6273.8	16.9	0	148	6212	1	380	0	0	1
95815	17286.2	6292.2	23.2	0	153.7	6213	1	300	0	0	1
95834	17264.6	6260.7	21.2	0	144.9	6214	1	239	0	0	1
95893	17272.3	6244.8	27.8	0	159.4	6218	1	256	0	0	1
97139	17278.3	7021.9	22.6	0	161.4	6295	1	330	0	0	1
97852	17131	6934.1	33.7	0	171.7	6342	1	226	0	0	1
98038	16823.2	7094.4	31	0	105.7	6353	1	129	0	0	1
98474	17377.1	7000.5	25	0	196.7	6380	1	501	0	0	1
98495	17359.6	6956	22.5	0	183.2	6381	1	580	0	0	1
98534	17402.7	7011	15.7	0	184.4	6384	1	645	0	0	1
98580	17281.8	6997.9	20.5	0	159.8	6387	1	309	0	0	1
98891	17478	6766.4	13.8	0	156.6	6407	1	561	0	0	1
98922	17448.8	6761.3	15.1	0	161.6	6409	1	537	0	0	1
99467	16943.2	6232.3	19.6	0	154.8	6441	1	392	0	0	1
99539	16941	6224.8	23.2	0	138.8	6445	1	233	0	0	1
99588	16887.4	6231.2	27.1	0	196.8	6448	1	561	0	0	1
102507	16984.2	6850.1	27.3	0	168	6636	1	295	0	0	1
102541	17010.8	6829.2	24.2	0	135.3	6638	1	236	0	0	1
102949	17351.8	7085.9	36.1	0	136.8	6665	1	159	0	0	1
104835	17432.1	6909.9	34.3	0	153.3	6785	1	213	0	0	1
105978	17335.1	7036.2	23.6	0	165.3	6854	1	328	0	0	1
106073	17212.4	6857.4	21.6	0	185.9	6859	1	495	0	0	1
106137	17228.6	6822.2	14	0	176.6	6863	1	651	0	0	1
106227	17195.6	6857.6	16.3	0	169	6869	1	554	0	0	1
106299	17167.5	6861.9	18.3	0	192.5	6873	1	776	0	0	1
106373	17196.3	6831.1	15.3	0	161.2	6877	1	497	0	0	1
106770	17285.1	6977.3	28.7	0	162.5	6902	1	299	0	0	1
106785	17290.3	6998.8	34.6	0	190.3	6903	1	319	0	0	1
106846	17272.5	7018.4	38.6	0	171.8	6907	1	270	0	0	1
108877	16582.7	6486.6	17.5	0	165.1	7033	1	434	0	0	1
108909	16615.5	6544.3	25.1	0	154.9	7035	1	231	0	0	1
108965	16615.9	6532.2	24.5	0	154.2	7039	1	320	0	0	1
109004	16635.5	6537.5	22.8	0	125.4	7043	1	194	0	0	1
109044	16605.9	6517.3	26.7	0	169.9	7046	1	280	0	0	1
109117	16641.6	6496.7	30.5	0	173.2	7051	1	292	0	0	1
109137	16614.8	6472	27.7	0	182	7052	1	308	0	0	1
112673	17260.8	6304.3	35.1	0	148.3	7275	1	204	0	0	1
112729	17227.5	6315.6	23.8	0	177.9	7278	1	329	0	0	1
113299	17038.4	6850.8	15	0	190.5	7320	1	658	0	0	1
115850	17130	6393.1	28.6	0	160.9	7481	1	225	0	0	1
115889	17194.7	6384.9	25	0	140.6	7483	1	180	0	0	1
117482	16853.6	6470.9	47	0	181.6	7586	1	239	0	0	1
117613	16903.8	6434.2	21.8	0	134.2	7595	1	216	0	0	1
117780	16889.6	6473.1	31.2	0	149.6	7605	1	202	0	0	1
117783	16867	6417.3	22	0	147.8	7606	1	224	0	0	1
117838	16913	6464.5	22	0	183.8	7610	1	543	0	0	1
117846	16871.3	6424.4	17.9	0	152.2	7611	1	318	0	0	1
118034	16878.7	6441	28.6	0	114.6	7623	1	128	0	0	1
118302	16803.4	6433.6	41.9	0	164.6	7640	1	268	0	0	1
118345	16847.2	6420.5	26.5	0	156.5	7643	1	240	0	0	1
119853	17224.7	6837.6	17.1	0	140.5	7737	1	320	0	0	1
119870	17236.9	6856.6	16.9	0	139	7738	1	309	0	0	1
120613	17217.2	6882.7	23.7	0	148.5	7784	1	265	0	0	1
121010	16892.8	6213.5	22.1	0	150.7	7807	1	238	0	0	1
121045	16878.5	6251.2	17.1	0	167.6	7809	1	535	0	0	1
121821	16804.5	6301.2	23.8	0	147.3	7858	1	268	0	0	1
122149	17302.8	7036.4	25.9	0	131	7877	1	179	0	0	1
122155	17338.2	7028.9	26.9	0	156.4	7878	1	281	0	0	1
122343	17287.9	7085.9	29.3	0	150.3	7891	1	200	0	0	1
122444	17313.1	7052.6	30	0	132.5	7898	1	157	0	0	1
122478	17253.2	7023.6	27.1	0	138.2	7900	1	173	0	0	1
123287	17183.6	6406.2	28.2	0	165.1	7955	1	245	0	0	1
123304	17152.9	6385.6	31.3	0	149.5	7956	1	214	0	0	1
123333	17136.8	6360.8	27.5	0	130.9	7958	1	197	0	0	1
123373	17164.4	6437.7	37.7	0	162.1	7961	1	201	0	0	1
123459	17168.5	6354	25	0	120.2	7966	1	188	0	0	1
123504	17293.2	7067.6	30.4	0	192.4	7969	1	306	0	0	1
123999	17189.8	6990	32.4	0	198	8004	1	336	0	0	1
125055	17306.3	7030.8	25.6	0	178.5	8070	1	307	0	0	1
125134	17341.2	7068.2	23.9	0	180.6	8074	1	329	0	0	1
126046	17293.3	7068.1	24.8	0	139.6	8131	1	196	0	0	1
126061	17330.6	7063.9	25.4	0	188.9	8132	1	347	0	0	1
127517	17440.2	6800.7	22.4	0	156.9	8226	1	273	0	0	1
127529	17432.2	6761.5	23.6	0	152.7	8227	1	266	0	0	1
128715	17170.4	6354.1	23.3	0	119.2	8309	1	143	0	0	1
128726	17158.1	6390.6	28.5	0	189.9	8310	1	328	0	0	1
131056	16965.1	6832.8	29.9	0	161.2	8467	1	216	0	0	1
131075	16992.9	6837.7	26.8	0	168	8468	1	269	0	0	1
131089	17024.2	6889.5	24.3	0	176.1	8469	1	288	0	0	1
131536	17068	6263.4	23.7	0	151.7	8501	1	244	0	0	1
131545	17045.6	6252.9	25.2	0	165	8502	1	270	0	0	1
133028	16897.4	6973.1	19.6	0	118	8598	1	255	0	0	1
133088	16552.4	6765.6	30.5	0	100.5	8601	1	91	0	0	1
133224	16605.9	6512.2	20.2	0	173.9	8609	1	432	0	0	1
133253	16635.6	6476.8	17.7	0	194.1	8611	1	662	0	0	1
133282	16667.8	6509	23.2	0	173	8614	1	334	0	0	1
134439	16884.2	6298.1	29.2	0	148.4	8690	1	258	0	0	1
134478	16888.2	6257.9	29.5	0	152.5	8693	1	219	0	0	1
134531	16835.2	6301.1	26.5	0	152.1	8696	1	246	0	0	1
134583	16838.6	6256.7	37.7	0	146.9	8700	1	216	0	0	1
134651	16837.2	6292	29.5	0	146.9	8704	1	226	0	0	1
134683	16859.1	6289.9	31.4	0	199.2	8706	1	356	0	0	1
136413	16949.5	6256.4	21.8	0	147.8	8820	1	314	0	0	1
136574	16938.1	6251.3	22.7	0	182.4	8831	1	329	0	0	1
136762	16954.6	6231.9	23.8	0	147.7	8842	1	215	0	0	1
136780	16982.3	6234.6	23.2	0	146.9	8843	1	247	0	0	1
138477	17325.1	7023.6	30.5	0	147.2	8952	1	194	0	0	1
139287	17275.9	7047.6	30	0	183.2	9004	1	283	0	0	1
139308	17320.2	7026.6	19.3	0	140.6	9005	1	309	0	0	1
139322	17307.8	7063.9	30.7	0	129.9	9006	1	145	0	0	1
139411	17277	7076.7	29.2	0	130.3	9012	1	163	0	0	1
139417	17319.1	7033.3	21.9	0	152.4	9013	1	274	0	0	1
139647	16818.8	6307.8	20.5	0	193.2	9027	1	541	0	0	1
139660	16827.9	6270.6	21.5	0	173.6	9028	1	343	0	0	1
140319	16557.5	6694.3	31	0	108.1	9071	1	100	0	0	1
141654	17480.7	6599.8	44.5	0	149.1	9163	1	199	0	0	1
141672	17476.6	6553.5	27.7	0	112.2	9164	1	123	0	0	1
141746	17487.3	6565.6	29.3	0	144.6	9170	1	229	0	0	1
141757	17472.5	6548.3	27.4	0	146.1	9171	1	217	0	0	1
141831	17496.8	6593.5	32	0	158.3	9176	1	229	0	0	1
142149	17351.8	7028.6	35.7	0	124.1	9196	1	127	0	0	1
142637	16611.6	6446	24.8	0	147.7	9227	1	179	0	0	1
143418	17453	6579.3	29.3	0	161.9	9278	1	231	0	0	1
143475	17477.9	6610.9	22.6	0	139.4	9282	1	195	0	0	1
143672	16624.2	6441.2	22.7	0	185.3	9293	1	439	0	0	1
143751	17269.7	6925	14.2	0	151.2	9299	1	543	0	0	1
143821	17268.9	6915.1	22.6	0	146.6	9303	1	336	0	0	1
143848	17258.2	6935	19	0	169.5	9304	1	661	0	0	1
144694	17178.6	6365.9	27.6	0	198.3	9358	1	373	0	0	1
146287	17476.6	6678.8	13.6	0	180.7	9468	1	801	0	0	1
146307	17463.5	6707.4	11.7	0	174.2	9469	1	832	0	0	1
146701	17248.8	7133.3	32.3	0	176.9	9492	1	319	0	0	1
147662	17028.1	6340	30.6	0	121.2	9552	1	129	0	0	1
147966	17255.4	7134.9	20.3	0	159.6	9573	1	384	0	0	1
147975	17237.7	7114.8	25.4	0	161.8	9574	1	297	0	0	1
150699	16767.1	6503.8	27	0	156.1	9749	1	284	0	0	1
150737	16818.1	6438.6	29	0	126.5	9752	1	185	0	0	1
150839	16695.2	6495.3	18.8	0	188.1	9758	1	551	0	0	1
150928	16758.7	6478.7	25.2	0	181.4	9763	1	302	0	0	1
150961	16726.1	6540	32.9	0	160.6	9766	1	267	0	0	1
150978	16735.9	6499.3	33.6	0	175.1	9767	1	278	0	0	1
151103	16766.9	6486.9	30	0	173.6	9775	1	362	0	0	1
151123	16747	6497	25.7	0	165.6	9776	1	303	0	0	1
151338	16730	6514.8	38.6	0	160.3	9791	1	233	0	0	1
151357	16725.1	6483.7	35.8	0	153.8	9792	1	232	0	0	1
153552	16674	6994.2	32.9	0	183.4	9937	1	323	0	0	1
154077	16685.7	6949.3	23.7	0	135	9974	1	187	0	0	1
154396	17386.7	6934.9	30.5	0	161.5	9994	1	202	0	0	1
154729	16734.7	6896.3	29	0	174.9	10018	1	256	0	0	1
156071	16588.3	6468.1	14.1	0	143.4	10113	1	591	0	0	1
156232	16593.9	6471.4	13	0	167.4	10124	1	1492	0	0	1
156664	17094.7	7108	31.4	0	127.4	10155	1	151	0	0	1
156837	17369.1	6955.6	17.9	0	127	10169	1	229	0	0	1
156860	17362.5	7004.6	18.5	0	133.1	10170	1	262	0	0	1
158337	17012.3	6833.1	14.6	0	142.2	10269	1	540	0	0	1
158467	16983.4	6835.4	24.8	0	150.1	10276	1	328	0	0	1
159378	16782	6289.4	24.2	0	160.4	10334	1	271	0	0	1
159640	16983.6	6827.9	27.2	0	187.1	10350	1	401	0	0	1
159652	17014.8	6845.6	36.5	0	107.7	10351	1	98	0	0	1
159790	16791.6	6269.1	20.7	0	174.1	10360	1	311	0	0	1
160018	16770.8	6271.1	19.8	0	149.5	10376	1	249	0	0	1
166671	16899.5	6981.5	25	0	130.7	10834	1	228	0	0	1
166740	17189.5	6339.4	29.3	0	172.4	10837	1	228	0	0	1
168549	17434.1	6877.4	26	0	149.9	10959	1	245	0	0	1
168650	17442.6	6870.7	29.1	0	121.7	10965	1	127	0	0	1
170639	16880.2	6969.5	23.6	0	121	11105	1	214	0	0	1
170661	16876	6937.7	32.5	0	142.9	11106	1	206	0	0	1
175336	16668.2	6993.7	25.9	0	158.2	11426	1	272	0	0	1
175341	16741.4	6965.3	32.1	0	103.3	11427	1	85	0	0	1
177846	17038.9	6853.3	21.8	0	124.7	11601	1	185	0	0	1
178462	16876.5	6243.5	30.8	0	151.1	11648	1	210	0	0	1
178527	16725.9	6350.1	17.9	0	188.9	11654	1	553	0	0	1
178549	16750.3	6358.4	17.7	0	190.2	11655	1	577	0	0	1
178564	16766.6	6318.2	19.5	0	197.3	11656	1	681	0	0	1
178607	16844.6	6279.6	22.4	0	170.6	11659	1	284	0	0	1
178645	16851.2	6257.5	27	0	166	11662	1	250	0	0	1
178693	17163.3	6338.8	25.5	0	139.2	11665	1	213	0	0	1
178717	17130.3	6368.5	25	0	195.2	11667	1	402	0	0	1
178746	17108.9	6357.8	25.6	0	170	11669	1	307	0	0	1
178754	17185.9	6396	24	0	144.4	11670	1	277	0	0	1
178782	17157.3	6365	25.4	0	168.9	11671	1	283	0	0	1
179892	17015.2	6565.6	18.3	0	168.9	11746	1	338	0	0	1
180246	16645.4	6490.4	22.9	0	175.5	11763	1	310	0	0	1
180253	16605.7	6471.6	17.3	0	179.7	11764	1	556	0	0	1
180657	16631.9	6398.9	15.9	0	190.7	11784	1	731	0	0	1
180672	16656.7	6444.8	20.5	0	179.6	11785	1	520	0	0	1
180688	16668.7	6408.2	23.5	0	163.2	11786	1	324	0	0	1
181218	17029.8	6565.1	24.6	0	154.7	11815	1	337	0	0	1
181346	17059.3	6820.9	28.5	0	176.3	11823	1	254	0	0	1
181365	17081.5	6846.6	12.9	0	167.9	11824	1	778	0	0	1
181605	17098.4	6994.1	32.5	0	123.2	11836	1	176	0	0	1
181633	17015	6878.4	39.9	0	198.7	11837	1	344	0	0	1
182481	16881	6251.3	18.1	0	155.4	11883	1	352	0	0	1
182526	16844.2	6281.9	38	0	149.2	11885	1	201	0	0	1
182549	16868.4	6293.4	27.3	0	158.5	11886	1	284	0	0	1
184082	17033.1	6624.2	25.1	0	195.2	11964	1	352	0	0	1
184097	17038.1	6536.8	26.6	0	170.8	11965	1	353	0	0	1
184130	17041	6582	29.7	0	184.1	11966	1	378	0	0	1
184882	16948.9	6256.6	9.2	0	171.4	20	2	1539	0	0	1
184928	16951.8	6245.5	6.4	0	167.3	32	4	2514	0	0	1
184961	17327.9	7025.6	5.5	0	151.3	39	7	4180	0	4	1
185026	16873.6	6278.7	9	0	190.1	53	2	1923	0	0	1
185166	16957.8	6255.2	5.9	0	166.6	90	4	4117	0	0	1
185246	16945.1	6249.2	6.4	0	176.7	112	5	3667	0	0	1
185275	16954.4	6239.8	7.7	0	168.1	117	2	1818	0	0	1
185304	16938.2	6252.8	10.2	0	166.4	123	2	887	0	2	1
185325	16877.9	6280.6	9.8	0	192.7	129	3	1881	0	0	1
186122	16908.5	6944.1	11.6	0	109	319	2	409	0	0	1
186317	16796.3	6282.8	7.6	0	163.5	365	3	1683	0	0	1
186332	16808.4	6254.7	7.9	0	165.6	368	3	1611	0	0	1
186351	16785.7	6267.7	6.6	0	176.2	374	4	2541	0	3	1
186380	16787.9	6259.7	7.9	0	180	381	4	2671	0	1	1
186394	16794.2	6284	10.8	0	181.7	386	2	1199	0	1	1
188879	16832.8	6388.4	8.9	0	187.8	988	3	1693	0	0	1
189395	17376.3	7054.6	6.3	0	147.4	1102	5	3670	0	2	1
189449	17357.5	7048.7	11.6	0	160.8	1114	2	1107	0	2	1
189459	17325.2	7021.7	10.4	0	174.2	1115	2	1324	0	0	1
189712	16818.7	6279.4	14.4	0	173.6	1179	2	633	0	2	1
190092	17272.5	6973.6	7.7	0	155.4	1283	3	2292	0	0	1
190111	17269.7	6974.1	4.2	0	158.9	1287	10	9379	0	5	1
190150	17270.7	6960.1	8.1	0	161.1	1297	2	1872	0	0	1
190168	17242.4	6976	9.5	0	166.9	1300	2	1629	0	1	1
190605	17294.9	6968.8	11.6	0	148.8	1403	2	730	0	1	1
191755	17246.2	6870.3	8.7	0	154.2	1676	5	1603	0	2	1
192156	17478.2	6580.7	10.5	0	166.6	1784	4	1317	0	4	1
192445	16953	6255.3	6	0	162.8	1860	5	2097	0	11	1
192570	16953.4	6243.9	8.5	0	164.2	1889	2	873	0	0	1
192675	16960.2	6240.2	6.9	0	161.8	1921	5	1874	0	0	1
192699	16968.8	6250.6	8.7	0	172.5	1928	3	1498	0	1	1
192712	16956.5	6266.8	11.8	0	189.6	1932	2	857	0	0	1
192992	16704.8	6984.3	7.5	0	142.1	2006	2	1094	0	1	1
193290	16690.5	6968	12.1	0	135.2	2078	2	593	0	1	1
193524	17169.5	6360.1	7.8	0	151.6	2145	6	1866	0	2	1
193550	17155.5	6358.4	11.8	0	156	2150	2	599	0	0	1
193727	16805.8	6315.4	14.3	0	153.5	2196	2	578	0	0	1
193976	17163.5	6390.2	9.4	0	161.8	2256	2	1012	0	1	1
193989	17151	6368.5	7.7	0	142.8	2259	3	1211	0	0	1
194004	17162.1	6388.7	7.5	0	144	2262	3	1047	0	2	1
194837	17025.1	6856.3	12.7	0	167.8	2472	2	682	0	0	1
196766	16861.4	6951.9	12.8	0	102.5	2889	2	272	0	0	1
196784	16892.8	6949.7	13	0	114.9	2892	2	382	0	0	1
196929	16990.5	6815.6	12.3	0	156.4	2923	2	620	0	1	1
196950	16992.3	6839	8.1	0	163.9	2928	5	1693	0	2	1
196989	17020.6	6860.6	7.6	0	170.8	2936	4	1709	0	1	1
197015	17004.7	6851.8	11.2	0	155.4	2943	2	632	0	0	1
199181	17056.2	6882.9	12.7	0	186.7	3433	2	867	0	2	1
199225	17433.1	6804.7	7.6	0	170.1	3443	3	2217	0	0	1
199273	17427.6	6822.1	6.6	0	183.1	3453	5	4073	0	2	1
199288	17443.4	6799.2	8.4	0	177.7	3457	2	2079	0	0	1
199438	17264.4	6963	8.8	0	177.6	3495	3	1263	0	1	1
199746	16800.4	6297.5	16.9	0	143.7	3573	2	437	0	2	1
199987	17270.9	6278.7	4.5	0	146.5	3633	8	4019	0	3	1
200030	17278.6	6274.7	7.6	0	151.8	3645	3	1405	0	0	1
200050	17277	6280	7	0	144.4	3651	3	1231	0	1	1
200690	17227.9	6844.6	14.8	0	126.7	3804	3	615	0	1	1
202069	17513.3	6600.4	13.8	0	173.8	4146	2	639	0	2	1
202121	16572.7	6514.9	12.9	0	138.2	4161	2	523	0	0	1
202241	17372.5	7034.9	16.1	0	149	4196	2	424	0	2	1
203007	17510.8	6525.6	14.9	0	153.7	4383	2	517	0	1	1
204557	17300.1	7022.8	9.8	0	142	4794	2	712	0	0	1
204583	17313.9	6982.2	12.4	0	164	4800	3	1242	0	2	1
204595	17315	7012.4	11.4	0	162.8	4803	2	824	0	2	1
204604	17299.7	6988	11.5	0	161.8	4805	2	769	0	1	1
204624	17314	6992.7	10.9	0	161.6	4808	2	817	0	0	1
204655	17310.5	7014.9	8.8	0	149.6	4816	4	1442	0	0	1
204686	17300.1	7057.3	15.5	0	159	4823	2	560	0	2	1
204689	17333.7	7049.3	13.5	0	149.9	4824	2	535	0	0	1
204703	17319.1	7040	11.3	0	147.4	4827	3	731	0	2	1
204769	17322.4	7022.6	10.3	0	152.2	4841	2	631	0	0	1
204789	17331.3	7053.8	9.1	0	177.7	4845	3	1608	0	1	1
205497	17039.9	6863.2	10.5	0	140.5	5021	2	768	0	0	1
206776	17458	6779.6	4.8	0	163.3	5328	4	3224	0	1	1
206784	17442.6	6782.9	6.1	0	174.9	5333	6	3744	0	2	1
206793	17444.5	6806.3	9.9	0	168.8	5335	2	836	0	1	1
207577	17187.3	6376.4	8.2	0	142.6	5528	4	1061	0	0	1
207904	17283.9	7028	12.9	0	145.3	5614	2	461	0	2	1
208014	17328.6	7061.2	8.1	0	160.1	5642	2	970	0	1	1
208029	17338.1	7041.9	9.3	0	165.8	5645	2	890	0	0	1
208369	16944.1	6960	11.9	0	182.1	5728	2	881	0	0	1
208470	17233.5	7019.8	16.4	0	159.7	5753	2	426	0	0	1
208950	17297.2	7038.5	12.9	0	146.8	5872	3	694	0	0	1
210550	17299.5	7001.2	8.3	0	149.3	6294	5	1499	0	2	1
210898	17289.9	7024.8	9.9	0	159.8	6386	3	855	0	1	1
210985	17427.9	6781.8	10.4	0	170.2	6406	2	837	0	1	1
211133	16884.5	6247.3	12.1	0	186.6	6440	2	965	0	2	1
211140	16918.3	6265.4	12.6	0	185.1	6442	2	877	0	1	1
211236	16906.9	6942.5	7.6	0	149.8	6471	2	1006	0	0	1
212266	17219.8	6788.3	11.6	0	156.6	6721	3	775	0	0	1
212758	17319.9	7020.5	6.1	0	149.9	6849	5	1877	0	0	1
212796	17227	6845.5	6.3	0	174.1	6858	6	3526	0	3	1
212821	17202.9	6834.7	8.9	0	172.4	6865	2	1255	0	1	1
212830	17209.8	6812.9	7.7	0	164.6	6868	2	1444	0	1	1
212841	17201.2	6836.7	11.8	0	181.3	6871	2	1288	0	0	1
212876	17224.1	6824.9	6.4	0	179.7	6878	5	2844	0	0	1
213437	16587.2	6519.2	8.8	0	150.4	7031	2	820	0	0	1
213461	16590.7	6509.9	7.4	0	157.7	7036	4	1626	0	1	1
213494	16579.1	6517.9	10.4	0	156.8	7044	2	598	0	2	1
215795	16884.8	6435.8	12	0	146.8	7636	2	495	0	0	1
215817	16882.8	6436.1	13.6	0	157.6	7642	2	579	0	2	1
217620	16749.6	6279.5	14	0	170.7	8126	2	637	0	0	1
217724	16867.8	6273.6	14.7	0	135.1	8158	2	375	0	0	1
217727	16869.2	6252.8	12	0	138	8160	2	411	0	0	1
217979	17466.2	6814.2	13	0	151.6	8224	2	433	0	0	1
219089	16929	6241.3	12.5	0	160.3	8521	2	667	0	0	1
219713	16854.8	6278.4	12.3	0	154.2	8697	2	519	0	0	1
220184	16972.9	6240.4	11.8	0	170.7	8822	2	804	0	0	1
221899	17478.7	6556.8	12.8	0	150.7	9281	2	491	0	1	1
221958	17292.1	6932.2	6.9	0	147.2	9298	4	1926	0	1	1
222185	17173.4	6320.1	13.2	0	151.7	9359	2	457	0	0	1
222564	17437.2	6783.2	5.7	0	172.2	9462	4	2447	0	0	1
222587	17464.2	6734.4	6.5	0	182.2	9467	2	1618	0	2	1
223537	16592	6711.9	14.7	0	109.3	9719	2	278	0	1	1
223671	16662.8	6496.1	7.7	0	173.4	9755	4	1758	0	3	1
223685	16683	6473.6	8.4	0	163.1	9757	2	1019	0	2	1
223701	16704.6	6486.3	16	0	184.7	9764	2	642	0	0	1
223760	16745	6527.2	15	0	172.8	9781	2	628	0	0	1
223776	16735.7	6505.4	11	0	168.2	9785	4	1375	0	2	1
225209	17349.4	6976.3	9.4	0	140.1	10168	3	942	0	2	1
225221	17366.7	6987.5	9.3	0	147.4	10173	2	714	0	0	1
225826	16797.6	6264.1	11.3	0	171.3	10336	3	852	0	1	1
226298	17179.1	6383.9	11.7	0	148.7	10476	2	486	0	0	1
229295	16707.2	6997.3	7.9	0	174	11316	2	1515	0	0	1
229319	16676.3	6976.4	8.9	0	177.9	11321	2	1366	0	1	1
230368	16671.5	6403.5	9.9	0	159.8	11616	2	719	0	1	1
230780	16687.4	6995.3	11	0	156.6	11736	2	660	0	0	1
231354	16887.3	6273.2	9.2	0	151.5	11881	3	1056	0	1	1
231410	17449.8	6894.1	12	0	136.6	11895	2	569	0	0	1
231714	17268.3	7041.3	11.9	0	169.6	11978	2	713	0	0	1
Orientation 	1
ROI width 	1005
ROI height 	1005
ROI x1 	16540
ROI x2 	17545
ROI y1 	6190
ROI y2 	7195
1
