Index	X	Y	Precision	SEM	PSF	First_Frame	N_detections	Photons	Intensity	Frames_missing	Channel
542	3795.8	8901.1	18.7	0	172.2	30	1	1467	0	0	1
1617	3583.7	9029.2	15.4	0	199.6	96	1	1148	0	0	1
2697	3941.9	8845.7	15.9	0	135.5	167	1	639	0	0	1
2754	4195.5	8476.8	6.4	0	156.3	170	1	2223	0	0	1
3770	4011.9	8428.5	15.7	0	183.5	234	1	1131	0	0	1
3968	4153	8438.2	26.1	0	193.9	247	1	578	0	0	1
4387	3461.2	8639.2	27.3	0	119.7	274	1	194	0	0	1
4403	3501.7	8646.3	23.8	0	115.2	275	1	183	0	0	1
4484	4199	8927.9	23.8	0	143.5	280	1	262	0	0	1
4753	3840.2	8630	27.8	0	107.9	298	1	176	0	0	1
4960	3503.1	8441.2	21.6	0	140.1	311	1	448	0	0	1
5449	3425.2	8582.3	27.2	0	154.9	342	1	309	0	0	1
5626	4211.6	8462.1	12.5	0	150	354	1	888	0	0	1
5881	4116.2	8360.3	24.6	0	154.8	371	1	244	0	0	1
7019	3777.2	8374.7	4.8	0	167.7	449	1	3601	0	0	1
7119	3735.3	8662.1	35.8	0	161.3	456	1	426	0	0	1
7124	3725.8	8623.2	6.6	0	147	457	1	1382	0	0	1
7941	4208.3	8460.1	10.4	0	141.1	512	1	749	0	0	1
8123	4224.1	8440.1	34.4	0	162.3	523	1	335	0	0	1
8383	3901.6	9117.8	23.9	0	163.5	541	1	422	0	0	1
8416	4229.9	8490.3	8.5	0	173.5	544	1	2342	0	0	1
8433	4228.7	8469.7	7	0	164.9	545	1	2350	0	0	1
8450	4279.9	8481.4	11	0	193.4	546	1	2681	0	0	1
8504	3605.5	8944.2	21.8	0	133.7	549	1	272	0	0	1
8866	4227.9	8984.5	16.9	0	183.2	576	1	586	0	0	1
9064	4225.9	8680.1	11.7	0	175.6	589	1	1188	0	0	1
9090	3909.5	8379.5	10.5	0	165.2	591	1	1387	0	0	1
9912	3431.9	8606	9.5	0	163	648	1	2332	0	0	1
10135	3848.7	8345.2	32.5	0	148.5	664	1	386	0	0	1
10438	4018.2	8330	24.1	0	190.1	682	1	575	0	0	1
10639	4245.5	8458.9	28.2	0	146.3	697	1	306	0	0	1
10996	3949.7	8292.8	6.2	0	151.1	722	1	2268	0	0	1
11015	3971.2	8310.4	14.9	0	158.7	723	1	848	0	0	1
11069	3907.9	9132.8	16	0	147.4	727	1	441	0	0	1
11380	4196.8	8456.9	10.6	0	150.9	751	1	864	0	0	1
11441	4211.4	8529.9	29.4	0	142.6	754	1	283	0	0	1
11720	3582.9	9059.7	19.5	0	194.4	777	1	704	0	0	1
11811	3650.6	8907.7	18.3	0	157.2	783	1	423	0	0	1
11885	3736.6	8394.4	24.5	0	107.3	788	1	205	0	0	1
12082	3938.3	8832.9	9.9	0	135.1	801	1	886	0	0	1
12719	3800.7	8337.3	8.8	0	153.3	846	1	1337	0	0	1
12749	3875	8909.8	17	0	159.1	848	1	541	0	0	1
12822	3858.9	8919.1	14.9	0	152.6	854	1	495	0	0	1
13090	3851.9	8926.2	17.7	0	162.1	873	1	608	0	0	1
13180	3854.8	8923.6	15.1	0	183	879	1	863	0	0	1
13258	3700.6	8430.7	22.5	0	156.3	884	1	453	0	0	1
13318	3470.3	8684.4	33.4	0	125.4	887	1	185	0	0	1
13327	3499.1	8618.2	39.3	0	112.6	888	1	173	0	0	1
13340	3498.4	8661	23.6	0	131.6	889	1	375	0	0	1
13357	3484.6	8645.9	26.6	0	106.4	890	1	147	0	0	1
13501	3498.4	8599.1	12.3	0	167.1	899	1	1235	0	0	1
15011	3624.3	8829.8	25.7	0	146.4	1005	1	232	0	0	1
15340	3551.6	8618	26.5	0	120	1025	1	178	0	0	1
15507	3724.9	8440.9	28.6	0	105.3	1037	1	165	0	0	1
15682	3554	8401.1	35	0	180.9	1048	1	482	0	0	1
15699	3895.6	8339.5	19.5	0	172.4	1049	1	462	0	0	1
16166	4064.3	8388.6	26.9	0	193.1	1080	1	450	0	0	1
17222	4067.7	8372.8	27.2	0	192.7	1152	1	391	0	0	1
17238	4067.7	8432.9	26.7	0	179.3	1153	1	399	0	0	1
17250	4113	8460.4	22	0	181.7	1154	1	439	0	0	1
17936	3613.6	8849.1	28.9	0	170	1203	1	441	0	0	1
17947	4072	8408.5	19.7	0	167.3	1204	1	487	0	0	1
18315	4057.6	8351.3	23.7	0	151.4	1230	1	269	0	0	1
18610	4111.7	8436.8	16.9	0	170.9	1250	1	489	0	0	1
18682	3461.6	8594.9	4.7	0	151.4	1256	1	2758	0	0	1
18707	3465.3	8570.5	10.8	0	165.5	1257	1	1111	0	0	1
19438	3941.1	8284.9	18.7	0	163.4	1307	1	403	0	0	1
20008	3600.4	8556.1	30.7	0	118.2	1347	1	157	0	0	1
20080	3726.4	8662.3	18	0	197.6	1353	1	690	0	0	1
20099	3694.2	8618.2	17.8	0	146	1354	1	366	0	0	1
20571	3994.8	8384.9	20.6	0	194.3	1387	1	694	0	0	1
20630	4099.9	8389.7	14	0	188.4	1392	1	1181	0	0	1
20669	4052.9	8393.7	20.8	0	191.4	1394	1	796	0	0	1
20841	4065.1	8368.8	27.2	0	175.5	1405	1	677	0	0	1
20890	4126.5	8379.3	18.1	0	176.7	1408	1	486	0	0	1
20915	4018.2	8376	15.2	0	155.2	1410	1	492	0	0	1
20932	3992	8329.3	14.5	0	163.9	1411	1	555	0	0	1
21111	4026.5	8292.2	21.4	0	168.5	1423	1	454	0	0	1
21152	4048.4	8360.6	10.7	0	192.8	1427	1	1324	0	0	1
21248	4054.4	8342.8	20.4	0	190.8	1433	1	483	0	0	1
21381	4325.1	8635.2	12.3	0	176.9	1444	1	837	0	0	1
22522	3721.4	8856.7	23.3	0	176.7	1525	1	469	0	0	1
22543	3915	8834.7	16.8	0	152.4	1526	1	397	0	0	1
22555	3950.1	8838.3	11.8	0	137.3	1527	1	448	0	0	1
22884	4027.4	8814.2	23.6	0	104.8	1550	1	186	0	0	1
23228	3902.9	9116.2	6.8	0	154.7	1575	1	1573	0	0	1
24154	4032.8	8345.9	22.3	0	163.4	1638	1	324	0	0	1
24224	3666.8	8667.9	29.7	0	102.3	1643	1	112	0	0	1
24426	4111.1	9181.3	23.2	0	196.4	1657	1	597	0	0	1
24670	3950.4	8840.1	11.1	0	129.2	1674	1	746	0	0	1
25187	3627.8	8933.3	8.4	0	148.5	1711	1	1092	0	0	1
25366	4130.5	8399.4	32.6	0	179.2	1723	1	445	0	0	1
25457	4054.4	8330	18.5	0	176.5	1729	1	818	0	0	1
25646	3759.1	8412.5	27.7	0	104.9	1742	1	138	0	0	1
25983	3988.8	8420.9	32.1	0	170.4	1766	1	364	0	0	1
26317	4060.1	8420.6	19.4	0	175.7	1788	1	439	0	0	1
26574	4195.4	8435.5	18.6	0	195.4	1805	1	978	0	0	1
26982	3922.8	9172.4	15.9	0	150.6	1835	1	410	0	0	1
26998	3922.5	9144.7	12.1	0	149.3	1836	1	598	0	0	1
27247	4056.9	9142.1	6.8	0	177.2	1856	1	2710	0	0	1
27270	4070.3	9174.1	22.2	0	168.3	1857	1	416	0	0	1
27449	3802.8	8320.9	24.7	0	129	1868	1	194	0	0	1
27634	4235.3	8458	14	0	149.8	1880	1	644	0	0	1
28372	4056.4	8400.8	18.6	0	190.4	1934	1	515	0	0	1
28417	4087.2	8436.7	27.9	0	184.3	1937	1	630	0	0	1
28430	4072.4	8400.2	18.9	0	171.2	1938	1	497	0	0	1
28838	4137	9155.6	4.5	0	186.4	1969	1	4752	0	0	1
29618	3887.5	8274	16.2	0	168.4	2026	1	828	0	0	1
29699	3616	8938.3	12.1	0	151.1	2033	1	675	0	0	1
29939	4015.1	8345	19	0	168.8	2051	1	440	0	0	1
29963	4053.9	8402.1	11.4	0	164.4	2053	1	811	0	0	1
29988	4045.7	8425.8	14.5	0	188.1	2054	1	881	0	0	1
30000	4024.1	8423.4	14.1	0	169.9	2055	1	671	0	0	1
31326	4256.6	8487.4	16.8	0	166.3	2150	1	531	0	0	1
31373	4238.3	8444.2	17.5	0	134	2153	1	408	0	0	1
31449	4051.8	8947.8	34.2	0	124.5	2158	1	137	0	0	1
32201	3472.7	8615.2	13	0	158.3	2211	1	608	0	0	1
32327	4023.2	8345.3	26.8	0	171.3	2221	1	287	0	0	1
32973	4233.8	8991	14.1	0	190.6	2268	1	719	0	0	1
33013	3933.8	8847	11	0	157.3	2271	1	823	0	0	1
33562	3466.6	8595.7	13.8	0	134.5	2313	1	405	0	0	1
33901	4110.8	8374.1	22.8	0	190.9	2338	1	667	0	0	1
33938	3995.2	8415.5	25.7	0	186.1	2341	1	566	0	0	1
33977	4075.9	8330.6	14.1	0	199.3	2344	1	1158	0	0	1
33991	4032.8	8345.6	22.9	0	173.3	2345	1	488	0	0	1
34313	4361.2	8652.6	13	0	198.5	2370	1	929	0	0	1
34679	3625	8812.2	16.4	0	149.2	2400	1	605	0	0	1
34699	3668.5	8828.2	27.4	0	177.8	2401	1	486	0	0	1
35221	3721.8	8328.4	7.7	0	153.3	2439	1	1178	0	0	1
36204	3577.4	8797	23.3	0	146.4	2512	1	261	0	0	1
36303	3923	9121.5	9.5	0	146.4	2519	1	860	0	0	1
36511	3939.1	9123.8	24.3	0	140.9	2535	1	274	0	0	1
37049	3711.9	8792.8	22.8	0	173.8	2570	1	423	0	0	1
37076	3533.3	8640.7	11.6	0	176.5	2572	1	1051	0	0	1
37476	3972.4	8271.6	20.4	0	199	2592	1	700	0	0	1
37493	4217.1	8492.9	18.5	0	182.5	2593	1	1022	0	0	1
37538	4204.7	8413.2	9.3	0	176.4	2596	1	1515	0	0	1
37850	4130.5	8423.5	17.7	0	188	2612	1	648	0	0	1
37869	4018.7	8368	16.3	0	180.1	2613	1	657	0	0	1
38092	4084	8396.7	17.3	0	178.8	2625	1	692	0	0	1
38302	3921.5	9103.6	8	0	143.6	2638	1	1454	0	0	1
38326	3918.8	9125.6	13.2	0	134.8	2639	1	683	0	0	1
38587	4235.4	8495.1	13.8	0	142.9	2655	1	601	0	0	1
38620	4259.7	8478.9	28.8	0	162.2	2656	1	421	0	0	1
38745	4235.4	8504.5	11.4	0	138.6	2663	1	623	0	0	1
39043	3442	8705.3	33	0	197.9	2679	1	465	0	0	1
39239	3492.7	8707.4	23.3	0	190.5	2691	1	475	0	0	1
39483	3938.1	8295.4	22	0	143.1	2704	1	321	0	0	1
39790	4007.6	8737.3	23.3	0	181.3	2723	1	456	0	0	1
41171	4130.4	8430.5	15.3	0	174.1	2805	1	561	0	0	1
41193	4161.8	8445.6	17.6	0	193	2806	1	703	0	0	1
41216	4102.4	8402.3	16.8	0	180.2	2807	1	580	0	0	1
41402	4060	8340.7	27.1	0	138	2818	1	226	0	0	1
41423	4080.5	8363.6	18.1	0	183.8	2819	1	777	0	0	1
41538	4292.6	8623.3	22.6	0	184	2825	1	481	0	0	1
41583	4058.8	8341.8	17.3	0	198.5	2828	1	670	0	0	1
41782	3456.1	8511.3	22.4	0	141.4	2838	1	329	0	0	1
41924	3405.6	8593.3	20.3	0	195.6	2847	1	582	0	0	1
42644	4216.9	8997.9	15.8	0	178.1	2888	1	712	0	0	1
42734	4233.3	9010.2	15.4	0	180.1	2894	1	761	0	0	1
43103	4082.6	8330.3	19.4	0	198.1	2917	1	604	0	0	1
43169	4139.1	8340.2	22.8	0	180.3	2922	1	556	0	0	1
43269	4232.4	8514.5	11.8	0	192.6	2928	1	1516	0	0	1
43340	3816.2	8323.5	8.6	0	165	2932	1	1062	0	0	1
43365	3872.4	8341.9	17.8	0	181.9	2933	1	598	0	0	1
43393	3957.8	8365.2	15	0	170.7	2934	1	448	0	0	1
43718	3554	8812.5	11.5	0	149.3	2952	1	890	0	0	1
43768	4243.4	9090.6	13.7	0	141.5	2956	1	565	0	0	1
43822	4001.3	8397.9	18.1	0	176.1	2959	1	622	0	0	1
43839	4018	8427.2	36	0	133.2	2960	1	238	0	0	1
43858	3995.1	8417.1	16.8	0	188.3	2961	1	621	0	0	1
43954	3942.1	8359.6	25.3	0	161.5	2967	1	456	0	0	1
44033	4007.8	8387.9	22.4	0	181.1	2971	1	452	0	0	1
44148	3990.3	8409.4	18.2	0	196.4	2978	1	1070	0	0	1
44180	3989	8362	18.4	0	179.3	2979	1	455	0	0	1
44723	3937.8	8831.8	18	0	166.5	3011	1	638	0	0	1
45155	4032.9	8426.1	36	0	125.8	3035	1	186	0	0	1
45420	3656.3	8950.2	20.2	0	151.6	3051	1	545	0	0	1
45436	3608.3	8915	11	0	134.6	3052	1	763	0	0	1
45456	3628.5	8937.2	10.9	0	142.1	3053	1	840	0	0	1
45768	3915.8	8861.4	9.4	0	160.7	3073	1	1064	0	0	1
45787	3949.6	8837.7	10.9	0	153	3074	1	955	0	0	1
45897	3969	8834.2	17.6	0	146.5	3080	1	644	0	0	1
45992	3968.5	8876	14.2	0	145.6	3084	1	729	0	0	1
46058	3967.8	8828.6	14.9	0	152.4	3088	1	670	0	0	1
46380	3692.2	8886.1	13.5	0	192.3	3112	1	1225	0	0	1
46415	3678.9	8799.4	11.2	0	197.4	3114	1	1830	0	0	1
47418	3954.9	8832.2	8.7	0	146.1	3174	1	1060	0	0	1
47838	4204.9	8458.3	13.1	0	148.7	3201	1	794	0	0	1
47854	4223.7	8443.2	11.6	0	165.8	3202	1	988	0	0	1
48031	4066.7	8368.3	14.3	0	165.6	3214	1	689	0	0	1
48110	4177.4	8427.6	15.8	0	163.9	3219	1	607	0	0	1
48135	4196.5	8457.5	21.6	0	199.7	3220	1	597	0	0	1
48199	4119.3	9175.3	18	0	183.7	3224	1	588	0	0	1
48630	4065.8	8818.4	27	0	173.1	3252	1	325	0	0	1
48641	4001.4	8751.1	22.3	0	153.3	3253	1	375	0	0	1
48758	4263.8	8582.1	17.7	0	188.2	3261	1	612	0	0	1
48779	4225.6	8642.5	23.5	0	182.8	3262	1	377	0	0	1
48797	4214.6	8596.5	22.6	0	171.6	3263	1	341	0	0	1
49465	3903.1	9130.1	26.4	0	114.5	3303	1	150	0	0	1
49483	3877.3	9126.9	20.2	0	127.2	3304	1	217	0	0	1
49502	4069.6	8378.3	16.6	0	182.7	3305	1	557	0	0	1
49550	3652.9	8820.5	26.6	0	145.2	3309	1	232	0	0	1
49657	4034.8	8321.5	30.7	0	191.2	3315	1	352	0	0	1
49818	4053.6	8375.6	28.4	0	152	3325	1	251	0	0	1
50297	3964.7	8404.9	16.1	0	179.1	3354	1	724	0	0	1
50353	4043.3	8391.5	23.7	0	156.3	3358	1	277	0	0	1
50681	4079.2	8366.8	24.1	0	196.6	3379	1	452	0	0	1
51503	3917.1	9018.5	28.4	0	148	3431	1	211	0	0	1
51915	4023.4	8374.2	22.7	0	166.3	3456	1	503	0	0	1
52028	3978.5	8320.7	29.6	0	192.1	3463	1	603	0	0	1
52110	4015	8407.4	22.2	0	179.3	3467	1	431	0	0	1
52129	3713.9	8393.7	25.4	0	192.1	3469	1	606	0	0	1
53338	3708.5	8430.3	11.3	0	168.4	3543	1	1181	0	0	1
53403	3482.9	8754.4	40	0	140.5	3546	1	226	0	0	1
53434	3430.2	8782.9	18.4	0	130	3548	1	295	0	0	1
53844	3732.1	8453.4	18.8	0	134.4	3574	1	263	0	0	1
54206	4077.2	8450.6	38.4	0	170.5	3597	1	353	0	0	1
54613	4224.6	8475	9.6	0	174.2	3622	1	1167	0	0	1
55922	3413.6	8778.6	45.2	0	137.7	3708	1	169	0	0	1
56562	4044.4	9195.1	10.3	0	144.5	3751	1	859	0	0	1
56659	4174.3	8975.3	22.2	0	178.8	3758	1	557	0	0	1
56812	3686.7	8428.9	27.9	0	101.8	3769	1	122	0	0	1
57232	3964.6	8304.3	13.2	0	150.1	3797	1	570	0	0	1
58034	4049.9	8424.2	20.4	0	179.9	3852	1	569	0	0	1
58344	4042.2	9177.3	18.7	0	148.6	3872	1	393	0	0	1
58935	3653.8	8811	18.2	0	147.4	3909	1	442	0	0	1
59166	3973.4	8281.5	18.6	0	193.5	3925	1	750	0	0	1
59420	3783.7	8462.8	37.4	0	115.2	3939	1	149	0	0	1
59441	3741.4	8397.5	32.7	0	111.8	3940	1	164	0	0	1
59681	3833.9	8837.7	12	0	164.3	3955	1	671	0	0	1
59837	4039	8340.9	22.2	0	160.3	3964	1	338	0	0	1
59905	3965.5	8279.2	9.3	0	157.7	3970	1	1198	0	0	1
60194	3956.6	8285.9	21.5	0	193	3989	1	828	0	0	1
60263	4115.1	8388.6	8.5	0	193.5	3995	1	1965	0	0	1
60420	4071.1	8413.4	29.2	0	161	4004	1	271	0	0	1
60623	3734.7	8625.3	14.1	0	142.5	4018	1	509	0	0	1
61190	4039.3	8400.3	14.5	0	179	4053	1	660	0	0	1
61249	3945.1	8278.6	17.9	0	134.2	4057	1	272	0	0	1
61674	3532	8627.6	34.8	0	124.9	4085	1	144	0	0	1
61935	3968.9	8844	9.7	0	156.6	4101	1	1096	0	0	1
62347	3649.1	8814.1	24.4	0	174.7	4130	1	407	0	0	1
62943	4224.6	8509.3	19.9	0	128.6	4171	1	319	0	0	1
63111	3408.8	8760.7	16	0	153.9	4181	1	334	0	0	1
63294	4305.3	8783.9	24.7	0	171.5	4195	1	360	0	0	1
63472	3836.6	8319	13.4	0	160.4	4207	1	665	0	0	1
63489	3837	8292	17.2	0	161.4	4208	1	510	0	0	1
63843	4057.5	8296.8	14.4	0	199.3	4232	1	966	0	0	1
63878	4251.2	8499.2	21.8	0	135.6	4234	1	467	0	0	1
64207	4203.2	8456.5	19.7	0	136	4255	1	331	0	0	1
64591	4114.9	9051.3	21.9	0	189.3	4280	1	486	0	0	1
65091	3951.8	8264.5	27.2	0	164.2	4314	1	289	0	0	1
65957	4049.3	8329.1	49.6	0	108	4366	1	104	0	0	1
65975	4052.7	8362.6	30.9	0	174.2	4367	1	315	0	0	1
65996	4178.2	8419.1	13.1	0	163.2	4369	1	774	0	0	1
66043	4230.4	8495.1	17.8	0	199.8	4372	1	564	0	0	1
66500	4047.8	8405.8	16.5	0	181	4403	1	703	0	0	1
66520	4017.2	8381.7	20.8	0	152.8	4404	1	348	0	0	1
66771	4253.8	8510.7	18.7	0	187.7	4423	1	521	0	0	1
66983	4221.1	8898.1	12.7	0	161.7	4440	1	858	0	0	1
67494	3919.8	9106.2	17.7	0	130.5	4476	1	278	0	0	1
67586	3986.5	8365.2	19.5	0	158.2	4483	1	597	0	0	1
67609	4065.4	8321.8	28.3	0	153.8	4484	1	265	0	0	1
67640	4038.1	9169.4	11.3	0	160.6	4487	1	821	0	0	1
67751	4133.4	8427.9	22	0	187.8	4495	1	526	0	0	1
67815	4128.7	8405.8	22.6	0	190.1	4499	1	649	0	0	1
68262	3549.8	8763.4	14.2	0	161.4	4529	1	545	0	0	1
68304	4121.2	8428.9	15.8	0	158.1	4532	1	362	0	0	1
68419	4098.6	8392.9	11.7	0	181.5	4540	1	1330	0	0	1
68475	4095.6	8436.1	17.9	0	167.9	4543	1	399	0	0	1
68489	3649.5	8784.7	7	0	147.7	4545	1	1521	0	0	1
68524	4008.7	8761.2	16.6	0	145.6	4547	1	491	0	0	1
68863	3492.6	8494.2	16.5	0	166	4571	1	781	0	0	1
69074	4058.4	8813.5	29.1	0	101.1	4584	1	101	0	0	1
70532	4226.8	8519.7	16.2	0	155.3	4684	1	773	0	0	1
70564	4016.1	8395.4	17.7	0	190.3	4686	1	751	0	0	1
70577	3996	8402.4	23.4	0	186.9	4687	1	677	0	0	1
70664	3681.1	8758	22.5	0	163.6	4692	1	349	0	0	1
70687	3687.4	8807.8	20.5	0	165.5	4694	1	501	0	0	1
70730	3686.6	8773.9	26.9	0	186.6	4696	1	437	0	0	1
70754	3630.7	8780	32.5	0	142.4	4698	1	256	0	0	1
71471	4054.4	8434.1	22.2	0	190.7	4736	1	484	0	0	1
71837	3954	8297.8	10.8	0	153.5	4758	1	883	0	0	1
72014	3953.1	8274.4	32.6	0	183.2	4768	1	382	0	0	1
72050	4006	8279.4	17	0	193.4	4770	1	836	0	0	1
72148	4114.2	8461.9	46.2	0	153.4	4776	1	231	0	0	1
72652	3956	8321.2	12.2	0	132.9	4805	1	748	0	0	1
73273	3800.7	9210.3	26.6	0	166.3	4840	1	297	0	0	1
73420	3934.5	9017.9	8.5	0	153.2	4850	1	1582	0	0	1
73801	4074.8	9179.5	15.1	0	173.3	4871	1	526	0	0	1
73846	4216.9	8469.4	28.3	0	171.6	4873	1	332	0	0	1
74370	4239	8950.9	25.2	0	151.7	4904	1	249	0	0	1
74380	4195.3	8973.5	25.6	0	156.6	4905	1	396	0	0	1
74983	4100.2	8351.5	18.8	0	180.1	4942	1	401	0	0	1
75367	4168.9	8479.2	22.3	0	190.5	4965	1	485	0	0	1
75418	3607.6	8511.1	32.9	0	111.2	4968	1	204	0	0	1
75944	4323.8	8625.1	21.8	0	166.2	4998	1	414	0	0	1
75989	4227	8473.5	11.9	0	153.1	5001	1	751	0	0	1
76387	3879.4	8461.4	27.3	0	113	5025	1	130	0	0	1
76929	3935.7	9022.1	10.5	0	154	5055	1	759	0	0	1
77097	3929.6	8269.6	16.5	0	160.6	5064	1	467	0	0	1
77593	3402	8775.8	20.3	0	138.2	5093	1	287	0	0	1
77604	3421.6	8754.8	15.4	0	149.6	5094	1	441	0	0	1
78059	4215	8942	15.3	0	168.8	5123	1	986	0	0	1
79306	4199.7	8472.9	12.5	0	150.3	5197	1	795	0	0	1
79517	3675.1	8827.4	27.1	0	167.6	5209	1	308	0	0	1
79766	4228.5	9030.9	23.4	0	180.3	5224	1	448	0	0	1
80053	3955.3	8875.4	9.8	0	147	5243	1	977	0	0	1
80166	3648.4	8825.3	23.6	0	160.7	5250	1	426	0	0	1
80479	3924.8	8321.7	24.1	0	193.2	5269	1	462	0	0	1
80558	4064.3	8409.5	28.3	0	181.6	5274	1	407	0	0	1
80700	3892.6	8336.8	14.8	0	157	5285	1	572	0	0	1
81043	4253.4	8693.4	15.8	0	176.5	5308	1	668	0	0	1
81319	3849.6	8292.3	15.5	0	163.7	5325	1	587	0	0	1
81493	3465.2	8472.5	21.7	0	153.8	5336	1	383	0	0	1
81679	3854.6	8402.3	44.5	0	116.8	5347	1	126	0	0	1
81913	4247.1	9088.8	10.8	0	152.8	5361	1	864	0	0	1
81969	4078.4	9211.5	19.9	0	175	5364	1	430	0	0	1
82462	4051.8	8377.3	10.1	0	173.9	5395	1	1337	0	0	1
82618	4204.9	8400.4	21.9	0	129.2	5404	1	208	0	0	1
82787	3633.7	8832.2	33.7	0	183.9	5414	1	260	0	0	1
82805	4038.6	8331.3	13.7	0	193.4	5416	1	1439	0	0	1
82824	3911.9	8279.7	13.3	0	162.9	5417	1	860	0	0	1
82901	4053.5	8416.7	13.4	0	176.2	5422	1	774	0	0	1
82911	4071.4	8403.9	18.7	0	197.8	5423	1	1129	0	0	1
83523	3581	8898.9	39.4	0	101	5459	1	127	0	0	1
83545	3512.1	8807.4	33.2	0	139.7	5460	1	188	0	0	1
83890	3485.3	8666.7	38.3	0	154.6	5482	1	318	0	0	1
84057	3467.9	8587.9	24.6	0	139.4	5492	1	262	0	0	1
84067	3468.9	8609.6	13.1	0	141.4	5493	1	505	0	0	1
84119	4197.4	8506.8	10.6	0	185.6	5497	1	2464	0	0	1
84505	4084.1	8352.2	22.8	0	169.5	5520	1	390	0	0	1
85199	4020	8400	10.2	0	171.5	5564	1	840	0	0	1
85219	3988.6	8402.7	16.5	0	169.1	5565	1	470	0	0	1
85626	3972.9	8441.2	29.4	0	183.4	5592	1	308	0	0	1
85643	3997.1	8409.4	23.2	0	173.4	5593	1	295	0	0	1
85777	3848.6	8396.6	33.6	0	116.3	5602	1	150	0	0	1
86086	4044	8295.7	18.3	0	181	5622	1	713	0	0	1
86231	4033.1	8357.1	16.2	0	175	5630	1	600	0	0	1
86992	4269.4	8592.4	15.7	0	195.7	5672	1	862	0	0	1
87062	4237	8507	17.3	0	156.1	5676	1	443	0	0	1
87275	4229.9	8487.4	18.8	0	129.1	5689	1	494	0	0	1
87521	3839.2	8882.3	19.5	0	168.5	5705	1	381	0	0	1
87960	4327.6	8688	17.5	0	178.3	5730	1	571	0	0	1
87993	4370.6	8718.2	22.1	0	184.6	5732	1	430	0	0	1
89680	4131.2	8456.1	19.2	0	172.6	5828	1	544	0	0	1
89872	4222.4	8489.3	18	0	132.7	5840	1	367	0	0	1
90669	4029.7	8848.8	19.5	0	120.3	5887	1	238	0	0	1
91476	4220.4	8890.3	15.6	0	149.7	5935	1	473	0	0	1
91778	4331.2	8743.8	21.1	0	192.5	5952	1	483	0	0	1
91904	3471.1	8611.3	12	0	152.1	5960	1	559	0	0	1
92003	4208.2	8895.6	12.4	0	160.2	5965	1	662	0	0	1
92016	4232.9	8860.2	33.9	0	123	5966	1	145	0	0	1
92318	3685.4	8796.5	23.7	0	176.9	5986	1	398	0	0	1
92861	4343.4	8780.3	24	0	162.3	6022	1	326	0	0	1
92875	4362.3	8808.5	24.3	0	196.1	6023	1	537	0	0	1
92896	3615.7	8798	17.3	0	127.8	6024	1	329	0	0	1
92924	3888	8303	32.7	0	162.5	6025	1	255	0	0	1
92929	3849.2	8297.3	10	0	168.5	6026	1	1345	0	0	1
93042	4242.9	8495.3	16.3	0	159.9	6032	1	509	0	0	1
93052	4226.7	8515	11.5	0	167.1	6033	1	960	0	0	1
93126	3852.2	8307.5	14.1	0	146.5	6039	1	495	0	0	1
93626	3905.8	8580.1	30.9	0	103.7	6072	1	105	0	0	1
93711	4241.3	9074.5	20.6	0	141.7	6078	1	303	0	0	1
93877	3947.8	8297.9	13.5	0	132.3	6089	1	423	0	0	1
95215	3689.2	8447.3	31.5	0	104.7	6175	1	131	0	0	1
95243	3728.3	8428.7	25.8	0	103.2	6176	1	119	0	0	1
95317	3811.6	8915.5	20.4	0	151	6180	1	274	0	0	1
95492	4234.3	8476.3	20.7	0	153.2	6193	1	335	0	0	1
95504	4231.5	8505.9	12.1	0	168.4	6194	1	795	0	0	1
95775	3927.2	8845.3	27	0	166.5	6211	1	270	0	0	1
96054	3796.8	8384	18.6	0	186.7	6228	1	866	0	0	1
96344	3476.2	8554.1	19.7	0	187.5	6246	1	435	0	0	1
96393	4063	8690.3	18.9	0	173.5	6250	1	542	0	0	1
96752	3953.6	8303.4	9.7	0	144.5	6273	1	742	0	0	1
97208	3831.9	8887.6	20.9	0	127.2	6301	1	231	0	0	1
97223	3811.1	8896.6	15.1	0	156.6	6302	1	574	0	0	1
97335	3425.4	8755.3	14.3	0	182.8	6309	1	686	0	0	1
98054	4012.1	8401.3	15	0	190.2	6354	1	826	0	0	1
98806	3940.2	8273	12.8	0	196.9	6402	1	1272	0	0	1
98867	4188.4	8428	15	0	160.9	6406	1	587	0	0	1
100179	4192.1	8705	11.6	0	166.4	6487	1	1309	0	0	1
100269	3848.8	8322.7	10.8	0	152.6	6493	1	792	0	0	1
100694	4323.4	8692.8	15.6	0	161.9	6517	1	419	0	0	1
101163	3915.5	8300.3	9.1	0	162.6	6546	1	1234	0	0	1
101362	3937.2	9112.2	16.5	0	185.1	6558	1	743	0	0	1
101857	3468.9	8475.9	15.5	0	134.8	6591	1	320	0	0	1
102325	4015	8381.6	27.1	0	195.5	6623	1	318	0	0	1
102452	4217.1	8530.4	23.4	0	145.7	6632	1	319	0	0	1
102711	3932.8	8296.7	11.7	0	150.1	6649	1	604	0	0	1
102723	3950.3	8314.2	14	0	148.4	6650	1	476	0	0	1
102924	4066.7	8362.4	17.5	0	196.2	6664	1	644	0	0	1
103318	3485	8610.4	12.3	0	165.3	6690	1	636	0	0	1
103607	4042.9	8368.8	16.5	0	177.4	6709	1	501	0	0	1
103656	4210.6	8491.1	17	0	149.8	6713	1	328	0	0	1
103807	3699.6	8430.3	30.4	0	105.1	6723	1	144	0	0	1
103923	4241.7	8665.4	19.7	0	181.1	6730	1	414	0	0	1
104074	3677.4	8622.3	22.5	0	131.9	6739	1	162	0	0	1
104083	3931	9163	12.1	0	166.5	6740	1	673	0	0	1
104136	3939.9	9165.5	14.1	0	140.8	6744	1	472	0	0	1
104296	3936.5	8840.1	17	0	167.5	6754	1	734	0	0	1
104366	3722.4	8410.8	18.5	0	100.8	6758	1	158	0	0	1
104483	4253.4	8712.4	25.3	0	144.6	6765	1	203	0	0	1
104833	4050.6	8383.8	23.3	0	164.8	6785	1	325	0	0	1
104903	3432.9	8786.9	19.6	0	151.9	6788	1	315	0	0	1
104949	3431.8	8816.7	20.4	0	169.6	6790	1	405	0	0	1
106315	4203	8671.3	25.9	0	134	6874	1	269	0	0	1
106335	4223.4	8668.8	11.8	0	150.7	6875	1	664	0	0	1
108447	4144	8408.4	28.4	0	170.9	7008	1	343	0	0	1
108504	3920.1	8284.1	12.6	0	144.1	7011	1	582	0	0	1
108559	3947.7	8304.5	13.8	0	154.4	7014	1	643	0	0	1
109145	4045.3	8411.8	12.2	0	167.2	7052	1	678	0	0	1
109163	3478.6	8727	20.1	0	177.7	7053	1	573	0	0	1
109336	3956.2	8264.7	11.5	0	178.2	7064	1	1006	0	0	1
109515	3935.2	8277.1	12.9	0	158.5	7075	1	578	0	0	1
109543	4024.3	8743.9	24	0	161.8	7076	1	225	0	0	1
109999	4164.4	8407.2	18.3	0	147.9	7103	1	363	0	0	1
110469	4223.1	8534.5	18.9	0	197.3	7134	1	3892	0	0	1
110580	4215.1	8490.4	5.3	0	188.3	7140	1	4994	0	0	1
110614	3742.4	8331.9	9.3	0	151.4	7142	1	1227	0	0	1
110746	4267.9	8472.4	10.1	0	168.2	7150	1	1021	0	0	1
110770	4238.9	8457.7	10.4	0	188.4	7151	1	1500	0	0	1
110785	3632	8771.1	13.7	0	141.3	7152	1	503	0	0	1
111856	3890.4	9098.9	18.2	0	163.9	7220	1	434	0	0	1
111871	3910.3	9110.2	12.5	0	165.6	7221	1	711	0	0	1
112053	4065.3	8396.7	35.2	0	154	7233	1	224	0	0	1
112249	3638.9	8957.6	21.9	0	135.6	7246	1	207	0	0	1
112444	3880.8	9189.7	26.2	0	146.6	7260	1	278	0	0	1
112467	3902.3	9110.2	11.7	0	180	7261	1	1881	0	0	1
112540	3667.6	8940.6	26.6	0	117.2	7265	1	137	0	0	1
112547	3646.8	8943.9	9	0	152.5	7266	1	1005	0	0	1
112976	4213.9	8404.1	15.6	0	147.1	7297	1	502	0	0	1
113154	4330.8	8695	7.3	0	157.4	7310	1	1611	0	0	1
113496	3643.3	8912.8	12.4	0	143.5	7334	1	1056	0	0	1
113922	4098.6	8352	15.1	0	195.7	7360	1	1064	0	0	1
114193	4329.3	8677.6	22.8	0	175.1	7378	1	365	0	0	1
114361	4038.7	8940.6	24.7	0	111.7	7387	1	178	0	0	1
115737	4357.4	8680.5	15	0	159.3	7474	1	563	0	0	1
115872	4204.1	8900.2	17.3	0	156.8	7482	1	529	0	0	1
116097	3840.1	8311.8	7.2	0	158.4	7499	1	1660	0	0	1
116132	3948.7	8874.2	7.8	0	148.1	7501	1	1041	0	0	1
116653	4187.1	8682	22.7	0	119.2	7533	1	182	0	0	1
116923	4211.6	8677	7.2	0	155.6	7550	1	1323	0	0	1
117150	4236.7	8492	25.9	0	163.4	7564	1	337	0	0	1
117442	4336.6	8655.7	25.9	0	164.4	7584	1	445	0	0	1
117552	3718.9	8442.3	10.3	0	180.3	7591	1	1735	0	0	1
117558	3683.8	8428.1	9.2	0	159.3	7592	1	1359	0	0	1
117820	3811.9	8891.1	6.2	0	156.5	7609	1	1726	0	0	1
118217	3947.8	8708.6	20	0	164.3	7635	1	491	0	0	1
118246	4005.3	8750.9	17.6	0	177.8	7636	1	449	0	0	1
118683	4213.7	8481.7	13.9	0	158.9	7666	1	713	0	0	1
118897	3450.2	8600.3	6.9	0	154.5	7680	1	1346	0	0	1
119026	4215.1	9060	16.4	0	163.6	7686	1	604	0	0	1
119251	3998.3	8722.3	11.4	0	168.6	7701	1	1041	0	0	1
119271	4007.3	8691.3	14.2	0	179.1	7702	1	987	0	0	1
119554	3609.4	8975.9	24	0	162	7720	1	342	0	0	1
120407	3777.1	8857.6	9.1	0	168.2	7772	1	1102	0	0	1
121001	3941.1	8287.4	13.5	0	151.7	7807	1	606	0	0	1
121247	3713.6	8611.5	10.7	0	149.6	7821	1	949	0	0	1
121266	3721.2	8660	13.1	0	158.1	7822	1	1083	0	0	1
121302	3720.8	8631.4	19.9	0	151.2	7823	1	320	0	0	1
121416	4218.8	8453.7	15.7	0	179.4	7830	1	801	0	0	1
121741	3402.9	8813.5	18.3	0	186.9	7852	1	515	0	0	1
121793	3427.1	8786.8	7.5	0	157.4	7856	1	1324	0	0	1
121839	3466.3	8795.9	21.9	0	145.4	7859	1	236	0	0	1
122159	4047.5	8361.4	16.8	0	164.4	7878	1	333	0	0	1
122700	4232.6	8480.1	18.6	0	158.1	7916	1	372	0	0	1
122809	3480.9	8707.3	14.8	0	174.5	7923	1	879	0	0	1
122968	3950.4	8858.9	14.8	0	163.5	7933	1	424	0	0	1
123165	3846.9	8346	7.3	0	173	7946	1	1776	0	0	1
123206	3809.2	8349.3	7.8	0	145.5	7949	1	1046	0	0	1
124481	3399.3	8813.3	14.8	0	189.2	8033	1	714	0	0	1
124511	3382.1	8696.6	9.4	0	174.4	8034	1	1008	0	0	1
124939	3855.2	8886.5	10.2	0	159.1	8063	1	846	0	0	1
125069	4340.6	8707	16	0	157.5	8070	1	463	0	0	1
125086	4290.8	8733.5	23.8	0	156.8	8071	1	459	0	0	1
125242	4221.4	9103.8	6.7	0	157.1	8081	1	2003	0	0	1
125537	3889.3	9108.7	9.7	0	176	8100	1	1015	0	0	1
125567	4197	8411.9	11.9	0	169	8102	1	793	0	0	1
125918	4122.5	8383.2	31.4	0	187.5	8124	1	360	0	0	1
125982	4058.6	9186.6	19.3	0	151.8	8128	1	481	0	0	1
126415	3476.7	8595.7	10.2	0	155.9	8157	1	751	0	0	1
127488	3691.8	8404.2	22.5	0	108.1	8224	1	131	0	0	1
127503	3705.9	8388.9	20.2	0	104	8225	1	157	0	0	1
127538	3817.8	8350.3	20	0	137.9	8228	1	325	0	0	1
127557	3403.4	8570	27.8	0	184.1	8229	1	536	0	0	1
127981	3714.4	8426.4	28.4	0	173	8259	1	264	0	0	1
128119	4042.4	8381.8	10.3	0	174.6	8268	1	1012	0	0	1
128173	4210.1	8461.5	20.1	0	175.1	8271	1	564	0	0	1
128194	4208.2	8491.1	19.1	0	155.9	8272	1	497	0	0	1
128591	4215.1	8495.9	15.5	0	143.8	8300	1	417	0	0	1
128667	4139.4	8401.1	22.6	0	195.3	8306	1	680	0	0	1
128703	4062.2	8406.3	16.5	0	164.4	8308	1	377	0	0	1
128854	3801.5	8334.6	13.4	0	155.4	8320	1	533	0	0	1
128978	4189	8680.2	21.9	0	138.6	8329	1	246	0	0	1
129173	4060	9210.5	28.1	0	152.6	8342	1	233	0	0	1
129187	3466.3	8735.1	20.3	0	157.6	8343	1	271	0	0	1
129258	3983.6	8419.7	28.7	0	174.7	8349	1	381	0	0	1
129816	3956.4	8847.3	16.8	0	150.2	8385	1	706	0	0	1
130055	4162.5	8423.4	17.8	0	162.3	8402	1	385	0	0	1
130056	4191.1	8425.1	5.9	0	147.6	8403	1	1751	0	0	1
130180	4040.1	8399.7	20.3	0	178.5	8411	1	470	0	0	1
130196	4055.6	8415.1	14.5	0	185.2	8412	1	710	0	0	1
130204	4059.1	8388.3	10.7	0	191.5	8413	1	1558	0	0	1
130282	3961.1	8388.8	24.2	0	175.2	8418	1	464	0	0	1
130317	3984.4	8413.2	20.8	0	174.9	8421	1	384	0	0	1
130369	3795.6	8822.7	10.5	0	174.5	8424	1	1020	0	0	1
130386	3845	8918.2	13	0	149.6	8425	1	621	0	0	1
130493	4218.2	8676.5	12.8	0	137.5	8432	1	443	0	0	1
131048	4046.4	8387.5	14.3	0	187.4	8466	1	775	0	0	1
131072	4044.3	8427.7	18.3	0	175.9	8467	1	532	0	0	1
131450	4080.7	8445.7	16.2	0	164.9	8494	1	520	0	0	1
131460	4108.6	8421.2	15.2	0	146.3	8495	1	439	0	0	1
131478	4076.2	8407	14	0	167.4	8496	1	529	0	0	1
131487	4019.9	8305.6	22.9	0	186.9	8497	1	496	0	0	1
132319	3824.2	8885.9	14.3	0	170	8552	1	656	0	0	1
132881	4053.7	8376.6	18.7	0	186.2	8588	1	530	0	0	1
133138	4207.9	8894.2	10.9	0	160.3	8603	1	806	0	0	1
133690	4002.2	8330.9	20.5	0	194.9	8643	1	664	0	0	1
134484	4351	8635.9	22	0	163	8693	1	366	0	0	1
135353	3658.7	8768.8	11.5	0	142.1	8749	1	559	0	0	1
135369	3638.4	8789.5	12.1	0	151	8750	1	730	0	0	1
135391	4034.7	9219.6	23.4	0	174.1	8751	1	377	0	0	1
135721	3919.5	8864.2	12.2	0	160.4	8773	1	956	0	0	1
135764	3613.4	8649.8	29.4	0	103.3	8776	1	99	0	0	1
136633	3484.1	8615	18.8	0	155.8	8834	1	389	0	0	1
136699	3451.3	8604.1	10.3	0	158.8	8838	1	903	0	0	1
137121	3740.7	8349.1	11.4	0	158.3	8866	1	746	0	0	1
137332	3953.7	8313.3	12	0	138.6	8881	1	424	0	0	1
137404	4001.4	8329.1	18.9	0	160	8885	1	627	0	0	1
137623	4087.1	8398.8	18.4	0	162.1	8900	1	368	0	0	1
138038	4206.8	8678.1	12.5	0	161.6	8926	1	550	0	0	1
138263	4047	8362.8	18.7	0	186.8	8940	1	625	0	0	1
138322	4082.3	8357.1	17	0	165.6	8943	1	461	0	0	1
139179	3649	8944.5	19.9	0	145.3	8997	1	350	0	0	1
139232	3771.2	9129.7	24.6	0	160.5	9000	1	285	0	0	1
139241	3782	9071	18.7	0	126.5	9001	1	214	0	0	1
139265	3799.4	9148.4	27.4	0	172.5	9002	1	358	0	0	1
139376	3862.1	9124.6	23.4	0	168.8	9010	1	361	0	0	1
140149	4016.3	8304.2	18.4	0	172.3	9060	1	522	0	0	1
141624	4198	8395.9	9.8	0	153	9161	1	822	0	0	1
141872	4181.4	8676.7	18.8	0	138.1	9179	1	284	0	0	1
142080	3486.9	8643.4	13.5	0	165.4	9191	1	903	0	0	1
142171	3437.3	8564.7	16.6	0	156	9197	1	815	0	0	1
142911	3946.3	8294.8	9.9	0	157.6	9246	1	716	0	0	1
143460	4316.9	8813.9	16.7	0	182.6	9281	1	570	0	0	1
144064	3461	8604	11.1	0	141.7	9319	1	551	0	0	1
144573	3459.3	8602.1	11.3	0	147.2	9351	1	645	0	0	1
144764	4027	8372.2	23.4	0	175.1	9363	1	350	0	0	1
145254	3471.5	8585.2	29.7	0	138.5	9396	1	260	0	0	1
145536	4349.7	8699.7	15.8	0	168.2	9413	1	441	0	0	1
146014	3978.3	8298.9	23.6	0	122.8	9444	1	171	0	0	1
146393	4206.1	8486.9	10.9	0	169	9474	1	1007	0	0	1
146932	4286.9	8734.4	26.2	0	193.3	9506	1	459	0	0	1
147424	3735.9	8331.6	18.7	0	139.6	9536	1	249	0	0	1
147476	4247.9	8445.7	19.7	0	173.2	9540	1	420	0	0	1
147497	4206.2	8463.3	26.3	0	155.2	9541	1	226	0	0	1
147730	3861	9146.1	16.6	0	179.1	9557	1	550	0	0	1
147894	3694.1	8787.7	25.9	0	177.1	9568	1	410	0	0	1
148687	3450.1	8588.9	19.7	0	161.5	9622	1	348	0	0	1
148749	4052.1	8321.2	19.2	0	145.4	9625	1	323	0	0	1
148768	4034.6	8345.3	23.3	0	167.7	9626	1	299	0	0	1
149093	4236	8990.8	23.1	0	179.3	9647	1	456	0	0	1
149178	4241.3	9097.5	12.8	0	141	9652	1	539	0	0	1
149428	3822.2	8338.2	8.6	0	153.8	9669	1	990	0	0	1
149438	3865.4	8340.2	19.7	0	187.2	9670	1	705	0	0	1
150209	4035.9	8790.8	36.8	0	111.1	9717	1	102	0	0	1
150574	3918.5	8997.3	26.6	0	155.9	9742	1	408	0	0	1
150765	3444.8	8790.2	19	0	154.4	9754	1	506	0	0	1
152203	3655.6	8934.9	25.2	0	149	9847	1	312	0	0	1
152211	4014.7	8391.1	13.9	0	175.3	9848	1	852	0	0	1
152362	4056.1	8343.2	9.4	0	175.7	9858	1	1138	0	0	1
152708	4035.9	8386.7	15.3	0	176.8	9881	1	503	0	0	1
152891	4258.3	8972.9	24.8	0	183.5	9895	1	420	0	0	1
152957	4075.2	9217.3	24.2	0	187.2	9899	1	397	0	0	1
153569	4227.4	9111.6	17.2	0	152.7	9938	1	398	0	0	1
153822	3814.7	9194.8	35	0	196.3	9955	1	373	0	0	1
154023	3817	8330.5	14.1	0	159.1	9970	1	491	0	0	1
154433	4344.8	8685.3	21.6	0	148.9	9997	1	396	0	0	1
154867	4352.9	8761.6	11	0	172.8	10027	1	805	0	0	1
154932	4045.3	8328.2	39	0	144.6	10031	1	179	0	0	1
155030	3770.2	9107.3	26.1	0	175	10037	1	282	0	0	1
155143	4162.6	8413.3	24.4	0	177.5	10045	1	348	0	0	1
155321	4028.9	8388.2	16.9	0	187.1	10058	1	557	0	0	1
155407	3620.5	8614.8	33.6	0	114.1	10064	1	112	0	0	1
155814	3472	8592.4	9.3	0	153.6	10094	1	930	0	0	1
155884	4041.4	8378.6	6.4	0	167.5	10099	1	1839	0	0	1
155900	4046.7	8412.9	20.5	0	169.6	10100	1	375	0	0	1
155901	4232.9	9103.6	12.2	0	155.6	10101	1	612	0	0	1
155991	4023.7	8390.9	24.2	0	169.3	10108	1	295	0	0	1
156278	4046.8	8370.3	22.3	0	165.7	10128	1	377	0	0	1
156295	3986.7	8431	29.8	0	191.5	10129	1	333	0	0	1
156705	3987	8734.8	20.1	0	177.8	10158	1	404	0	0	1
156889	3939.6	8863.8	8.6	0	150.3	10172	1	1166	0	0	1
156911	3922.4	8926.8	31.5	0	170.7	10173	1	235	0	0	1
157496	3762.5	9070.1	28.3	0	153.5	10213	1	200	0	0	1
157555	3843.3	9094.9	16.2	0	179.9	10216	1	596	0	0	1
157559	3921.7	9036.8	11.4	0	154	10217	1	902	0	0	1
157932	4211.7	8913.1	8.4	0	159.7	10242	1	1098	0	0	1
157958	4075.5	8394.6	21.6	0	180.7	10244	1	427	0	0	1
158005	4085.6	8349.7	19.3	0	178.9	10247	1	513	0	0	1
158018	4109.4	8322.5	25.4	0	175.4	10248	1	389	0	0	1
158371	3805.9	8316.3	14.8	0	165.9	10271	1	595	0	0	1
158538	3599.8	8633	19.6	0	101.3	10280	1	215	0	0	1
158734	4102.8	9127.4	19.4	0	194.5	10292	1	716	0	0	1
158760	4143.1	8486.2	27.3	0	185.9	10294	1	320	0	0	1
158918	4055.7	8460.3	16.4	0	165.9	10304	1	473	0	0	1
158950	4070.3	8431.4	13.8	0	177.5	10305	1	823	0	0	1
159130	4213	9124.1	19.9	0	173	10317	1	556	0	0	1
159428	4033.9	8319.4	26.3	0	149.1	10336	1	212	0	0	1
159621	4352.9	8660.4	15.9	0	156.2	10349	1	403	0	0	1
159743	4046	8422.9	30.9	0	170.1	10357	1	268	0	0	1
160347	3739.1	8652.7	22	0	163.4	10399	1	294	0	0	1
160649	4212.7	9105.6	18.7	0	161.1	10420	1	233	0	0	1
160655	4039.8	8336.2	13.2	0	170.6	10421	1	583	0	0	1
161097	3593.5	9141.7	22.9	0	198.4	10454	1	377	0	0	1
161424	3907.1	8393.1	32.1	0	103.6	10476	1	99	0	0	1
161503	3934.9	8289	13.1	0	150.5	10481	1	511	0	0	1
161867	4063.5	8376.9	24.5	0	155.8	10508	1	296	0	0	1
161914	4226.9	8478.9	12.5	0	176.7	10511	1	787	0	0	1
162008	4047.7	9178.6	9.3	0	165.7	10518	1	969	0	0	1
162488	3799.4	8335.9	16.5	0	181	10551	1	735	0	0	1
162502	3471.1	8607.3	11.2	0	156.3	10552	1	827	0	0	1
162524	3451.4	8625.1	10.5	0	164.8	10553	1	779	0	0	1
162550	3914.7	8870.9	18.7	0	188.6	10555	1	582	0	0	1
162778	4229.4	9097.9	11.7	0	159	10571	1	908	0	0	1
163845	3854.2	8890.4	13	0	153	10642	1	548	0	0	1
164122	3934.4	8295.3	10.3	0	152.2	10661	1	852	0	0	1
164246	4213.6	8456	36.1	0	137.5	10671	1	172	0	0	1
164282	4198.8	8439.4	17.3	0	161.7	10674	1	417	0	0	1
164896	3482.7	8611.6	9.8	0	138.3	10715	1	676	0	0	1
164923	4043.2	9184.6	10.7	0	166.1	10717	1	912	0	0	1
165025	4051.8	8453.5	32.4	0	188.7	10723	1	273	0	0	1
165047	4131.7	8464.8	18.8	0	166.3	10724	1	412	0	0	1
165191	4208.6	9101.2	17.8	0	160	10734	1	331	0	0	1
166207	3729.1	8345.3	26.6	0	128.4	10801	1	158	0	0	1
166912	4264.7	8691.1	19.1	0	179.9	10850	1	474	0	0	1
167210	4340.8	8647.4	12.1	0	157.7	10869	1	658	0	0	1
167902	4209.9	8456.5	14.5	0	169.8	10914	1	593	0	0	1
167917	4212.3	8427.5	22.8	0	157.5	10915	1	285	0	0	1
167926	4237.3	9077.7	13.8	0	145.5	10916	1	525	0	0	1
168194	4253.2	8472.6	22.8	0	144.4	10934	1	259	0	0	1
168203	4196.2	8492.8	19.3	0	171.4	10935	1	701	0	0	1
168239	4239.7	8428.7	16.2	0	194.4	10937	1	852	0	0	1
168322	3674	8418.1	23.3	0	150.3	10943	1	323	0	0	1
169454	3485.9	8632.9	32.2	0	151.5	11020	1	169	0	0	1
169717	3477.3	8586.8	15.3	0	177.3	11039	1	676	0	0	1
170355	4021.5	8387.7	14	0	171.3	11086	1	694	0	0	1
170705	4033.3	8381.5	16.6	0	165.1	11110	1	451	0	0	1
171191	3627.7	8522.3	26.4	0	109	11143	1	165	0	0	1
171632	3806.5	8302.5	12.3	0	169.3	11171	1	669	0	0	1
171825	4060.6	8335.8	17.7	0	170.7	11184	1	504	0	0	1
171952	4194.8	8411.6	32.1	0	151.1	11192	1	186	0	0	1
172121	4361.5	8781.2	18.8	0	170.1	11206	1	378	0	0	1
172171	4219.7	8451.5	11.3	0	137.8	11209	1	559	0	0	1
172265	4257.5	8474.2	22.6	0	167.5	11215	1	610	0	0	1
172279	4214.1	8491.4	24.5	0	142	11216	1	272	0	0	1
172554	3484.4	8594.1	8.3	0	151.2	11235	1	1160	0	0	1
172566	4310.3	8629.9	18.9	0	180.8	11235	1	552	0	0	1
173594	4236	8973.2	19.3	0	196	11309	1	471	0	0	1
173613	4245.9	9000.9	16	0	197.4	11310	1	710	0	0	1
173698	3642.7	8961	20.3	0	140.5	11316	1	389	0	0	1
173714	3634.5	8932.5	9.6	0	144.9	11317	1	820	0	0	1
173822	3838.2	8261.2	19	0	160.9	11323	1	294	0	0	1
175017	3923.4	8266.4	12	0	143.2	11404	1	617	0	0	1
175941	4261.2	8614.8	39.2	0	160.4	11467	1	214	0	0	1
175993	4301.9	8505.6	27.2	0	196.4	11470	1	341	0	0	1
176098	4059.2	8407.7	15.9	0	193.3	11476	1	583	0	0	1
176155	4211.5	8657.3	17.8	0	154.1	11481	1	361	0	0	1
176433	4045.4	9185.8	11.1	0	153.7	11501	1	730	0	0	1
176788	4064.2	8346.1	16.5	0	171.3	11525	1	500	0	0	1
176943	4055.2	8818.9	30	0	110.9	11536	1	132	0	0	1
177668	4027.9	8875.7	23.9	0	101.3	11589	1	148	0	0	1
177888	3965.4	8310.7	19.2	0	154.3	11603	1	317	0	0	1
178141	3753.2	8657.7	24.9	0	160.9	11625	1	428	0	0	1
178276	3629.6	9078.8	15.1	0	190.5	11635	1	728	0	0	1
178404	3944.7	8264.3	13.3	0	152.7	11644	1	479	0	0	1
178838	4084.8	8464.3	17.3	0	177.5	11676	1	782	0	0	1
179610	4223.7	8670.9	15	0	179.6	11730	1	561	0	0	1
179630	4245.5	8712.9	17.3	0	180	11731	1	703	0	0	1
180351	3485.4	8594.2	15	0	143.8	11768	1	340	0	0	1
180372	3648.2	8949.8	21.8	0	137.7	11770	1	175	0	0	1
180494	4032	8381.9	14.6	0	199.5	11776	1	777	0	0	1
181204	3719.9	8665.7	26.3	0	150.9	11814	1	226	0	0	1
181339	4066.7	8434.1	18.8	0	171.2	11822	1	460	0	0	1
181600	4224.4	8462.9	10.4	0	141.8	11835	1	843	0	0	1
181623	4208	8486	10.1	0	142.5	11836	1	935	0	0	1
181805	4250.1	8709.9	21.2	0	175.1	11846	1	422	0	0	1
181855	3506.3	8664	21.3	0	107.4	11848	1	237	0	0	1
181857	3516.6	8630.1	35.4	0	107	11849	1	156	0	0	1
182244	3851.6	8913.7	17.7	0	165.4	11870	1	567	0	0	1
182266	3771	8875	19.7	0	195	11871	1	728	0	0	1
182554	3478.1	8611.4	7.4	0	160.4	11886	1	1229	0	0	1
182597	4238.7	8440.4	18.6	0	188.4	11888	1	657	0	0	1
182754	4048.5	9161.5	13.5	0	148.6	11896	1	498	0	0	1
183493	4217.4	9092.8	12.3	0	147.1	11933	1	722	0	0	1
183728	3950.1	8849.1	7.1	0	146.2	11945	1	1333	0	0	1
184456	4191.3	8413.5	8.7	0	167.7	11984	1	1444	0	0	1
185479	4151.1	8455.9	9.4	0	169.3	169	2	1747	0	1	1
185507	3949.4	8286.7	5	0	142.9	174	2	2822	0	0	1
185524	3948.1	8851.8	7.1	0	144.1	178	2	1626	0	0	1
185714	4028.1	8404.7	9.5	0	177.3	230	2	1414	0	2	1
185757	4096	8434.7	4.8	0	173.6	242	4	9990	0	1	1
185930	4193.7	8894.2	4.4	0	153.1	281	2	2689	0	0	1
185938	4208	8895.8	4	0	148.9	283	4	5168	0	0	1
186660	3740.3	8349.8	2.4	0	160	445	8	21853	0	2	1
186959	3943.6	8848.8	6.6	0	138	516	2	1615	0	0	1
187052	4214.9	8489.3	5.6	0	167.1	542	2	6197	0	0	1
187255	4205.8	8675.1	7.8	0	159.7	588	2	1724	0	1	1
187292	3829.2	8310.5	5.3	0	159.9	596	3	4682	0	0	1
187502	3458.6	8600.9	7.6	0	157	646	4	7035	0	1	1
188131	4227.8	8467.4	7.8	0	145.4	804	2	1493	0	2	1
188152	3475.1	8613.9	3.3	0	147.7	809	3	4683	0	0	1
188250	3710.5	8439.8	4.8	0	147.6	835	4	3339	0	0	1
188292	3839	8906.3	7.7	0	151.2	847	3	1541	0	1	1
188317	3841.4	8903.4	6.2	0	156.1	853	4	2471	0	1	1
188390	3847.3	8905.4	5.3	0	163.3	874	4	4603	0	1	1
188468	3474.6	8605.1	5.3	0	149.9	896	3	4757	0	0	1
188950	3597.1	8817.5	8.2	0	148.6	1003	2	1653	0	0	1
189843	3953.9	8824.1	7	0	151.8	1216	2	1629	0	0	1
189986	3453.3	8605.7	6.8	0	159.7	1253	3	3882	0	0	1
190109	3627.7	8791.7	5.9	0	147.1	1286	2	4166	0	0	1
190550	4020.8	8377.3	8.5	0	167.1	1390	2	1016	0	0	1
190706	4016.6	8353.8	9.4	0	169.5	1425	2	1812	0	0	1
190800	4042.8	9191.3	7	0	162.3	1449	2	3100	0	2	1
191798	3896.9	8464.6	4.5	0	153.1	1688	5	11293	0	0	1
191862	3632.6	8925.5	7.9	0	139.3	1705	2	1098	0	0	1
191946	4068.5	8348.3	7.4	0	173.7	1724	3	1533	0	2	1
192066	3905.5	8453.9	3.3	0	156.2	1757	6	15237	0	3	1
192078	3942.6	8452.5	5.1	0	171.8	1760	2	6922	0	1	1
192486	3829.4	8316.4	4.1	0	173.2	1869	3	3617	0	0	1
192862	4217.4	9110.4	4.6	0	156.9	1970	2	3681	0	0	1
193062	3930.6	8282.7	3.7	0	147.2	2022	4	7156	0	0	1
193114	3462.8	8467.4	5.4	0	157	2037	2	1716	0	0	1
193540	4232.5	8458	10.4	0	149.4	2148	2	1083	0	0	1
193974	4209.7	8996.2	5.2	0	193.7	2255	4	8150	0	3	1
193999	4218.9	8988.4	5.9	0	187.9	2260	5	6591	0	2	1
194111	4016.5	8391.7	5.8	0	174.4	2289	4	3475	0	2	1
194246	3922.2	9120.1	8.8	0	154.6	2325	2	1738	0	0	1
194303	4062.1	8404.1	10.5	0	188	2339	2	1542	0	0	1
195289	3455.4	8594.3	7.6	0	153.7	2573	2	1415	0	0	1
195322	3910.6	9147.2	8.1	0	151.1	2579	2	1321	0	0	1
195822	4044.7	9179.1	4.6	0	150.5	2683	3	4164	0	0	1
196184	3658.8	8932.8	5.9	0	152.3	2761	2	2572	0	0	1
196573	4114.4	8427.3	10.9	0	196.1	2849	2	1547	0	0	1
196769	4223.1	8989	9.7	0	185.8	2889	4	3547	0	0	1
196806	4215.3	8988.7	4.4	0	188.7	2895	5	5538	0	0	1
197071	3557.9	8784.5	6.2	0	151	2950	3	2688	0	1	1
197201	4044.3	8369.8	8.4	0	182.5	2980	3	1752	0	1	1
197207	4013.6	8386.3	8.8	0	170.9	2982	3	1623	0	3	1
197362	3660.1	8948.1	8.4	0	144.5	3018	2	1069	0	0	1
197627	3955.7	8850.4	6.3	0	156.6	3075	4	3594	0	1	1
197645	3968.5	8852.8	5.8	0	157.5	3078	4	3337	0	2	1
197676	3951.1	8850.1	5.5	0	151.5	3085	3	2826	0	0	1
197776	3675.6	8828.9	4.2	0	171.6	3107	5	6540	0	0	1
197833	3680.3	8821.4	9.2	0	156.6	3118	2	1609	0	2	1
197850	3677.5	8853.6	8.5	0	181.2	3123	2	1723	0	0	1
198130	3949.5	8304.5	7	0	146.5	3184	2	1057	0	0	1
198241	4094.6	8364.9	8.2	0	179.5	3213	2	1210	0	1	1
198341	3949.1	8845.5	6.1	0	138.8	3236	2	3032	0	0	1
198815	3962	8873.2	9.8	0	152.3	3347	2	965	0	1	1
198836	3935.2	8434.9	12.5	0	165	3353	2	904	0	2	1
199313	4030.8	8388.9	10.9	0	189.5	3464	2	1303	0	0	1
199334	3731.5	8422	8.5	0	177.7	3470	2	1438	0	0	1
200000	3951.2	9023.4	6.2	0	158.1	3636	2	1577	0	0	1
200480	4061.6	9181.5	6.5	0	151.7	3752	2	2933	0	0	1
201328	3885.7	8893.6	12.3	0	160.4	3950	3	1613	0	0	1
201343	3856	8898.7	6.2	0	154.5	3953	4	1951	0	1	1
201389	4020.8	8319.7	7.4	0	176.9	3962	2	3072	0	0	1
201500	4025.3	8333.2	7.7	0	176.5	3992	2	1825	0	0	1
201515	4139.4	8405.1	6.7	0	193.1	3996	2	4022	0	0	1
202014	4184.6	8411.2	10.3	0	147.7	4131	2	798	0	1	1
202041	4237	8446.6	6.6	0	148.9	4137	3	1786	0	0	1
202188	3956.3	9034.8	6.9	0	144.8	4182	2	993	0	0	1
202480	4209	8475.6	7.6	0	177.3	4253	2	3124	0	0	1
202953	4213.7	8413.8	7.1	0	161.6	4370	2	1286	0	0	1
203328	4030.3	8370.8	5.4	0	182.6	4477	4	3714	0	0	1
203531	4090.9	8431.6	5.2	0	171.4	4533	4	3703	0	0	1
203745	3822.8	8335.3	7.8	0	149.6	4590	2	1584	0	0	1
203900	3960.9	9026.7	9.1	0	158.4	4634	2	1262	0	0	1
204019	4072	9185.9	9.4	0	179.3	4661	2	1531	0	0	1
204339	4216.4	8422.3	10.4	0	156.4	4744	2	1442	0	0	1
204807	3948	8895.4	7.8	0	162.4	4848	2	2041	0	0	1
205044	3477	8613	7.5	0	149.1	4906	2	999	0	0	1
205086	4348	8639.9	8.8	0	171.9	4916	2	1339	0	0	1
206205	4037.4	9170.6	7.8	0	169.6	5186	2	1417	0	0	1
206475	3878	8329.5	9.8	0	174.2	5253	2	1572	0	0	1
206552	4225.6	8491.6	7.6	0	151	5271	2	1208	0	0	1
206571	3638.5	8928.5	5.3	0	151.3	5276	3	3002	0	0	1
206602	3919.9	8339.8	9.3	0	161.2	5283	2	1012	0	0	1
206747	3855.7	8323.6	8.4	0	160.5	5324	2	1019	0	1	1
206936	4026.7	8378.9	7	0	174.2	5368	2	1812	0	0	1
206957	4327	8719.3	10	0	184.2	5373	2	1527	0	0	1
207459	4227.1	8479.4	4.1	0	178.4	5495	3	7592	0	1	1
207760	3950.9	8841.4	5.4	0	147.6	5576	2	2580	0	0	1
207898	3940.9	9030.5	4.2	0	154.5	5612	2	4233	0	0	1
208113	3806	8325	9.5	0	173.8	5669	2	983	0	0	1
208761	3486.4	8600.6	7.3	0	153.8	5822	2	1063	0	0	1
209046	4237.6	9101.4	6.9	0	145.2	5891	2	1175	0	0	1
209345	4228.9	9073.8	8.2	0	159.6	5968	2	2495	0	0	1
209636	3895.2	9128.3	3.8	0	160.6	6042	3	4964	0	0	1
210374	4216.1	8468.9	4.5	0	156.5	6248	2	2924	0	0	1
210914	4355.6	8784.1	5	0	176.2	6388	3	3507	0	1	1
211305	4209.4	8674	4.6	0	154.6	6484	3	4080	0	0	1
211806	3681.4	8785.5	7.8	0	163.6	6599	2	1062	0	0	1
212379	3963.6	8822.5	4.3	0	162.9	6749	4	11107	0	0	1
212450	3734.1	8626.9	7.5	0	153.7	6768	2	1559	0	0	1
212472	3651.8	8791.4	5.7	0	147.4	6774	2	1840	0	0	1
213062	3942	9030.1	2.4	0	153.7	6931	5	10439	0	0	1
213180	3951.6	8840.4	4.5	0	155.8	6960	2	3823	0	0	1
213368	3939.5	8290.8	5	0	140.7	7012	4	2643	0	1	1
213861	4203.8	8480.6	5.1	0	188	7133	5	19891	0	2	1
215417	4207.9	8675.7	4.6	0	161.1	7537	4	3619	0	0	1
215492	3972.6	8869.6	13.1	0	152.6	7558	2	473	0	0	1
215550	4047.6	8330	7.8	0	186.4	7572	2	1456	0	0	1
216044	3425.8	8760.2	8.9	0	158.5	7698	2	942	0	0	1
216996	3807.3	8328.8	3.9	0	157	7942	6	8831	0	1	1
217045	3809.9	8329.8	7.9	0	161.9	7954	2	1647	0	0	1
218462	4049.2	8390.3	11.5	0	181.9	8355	2	897	0	0	1
218591	4202.5	8684.6	5.2	0	162.1	8396	3	3161	0	0	1
218817	3835.6	8893.5	6.9	0	164.5	8453	2	1788	0	0	1
218853	4069.7	8387.5	9.4	0	187.9	8464	2	1624	0	0	1
219534	4059	8402.1	10.6	0	176	8640	2	926	0	0	1
219751	3954.1	8291.7	6.6	0	140.1	8706	2	1212	0	0	1
220236	3467.3	8599.6	5.5	0	148.6	8835	2	1977	0	0	1
220349	3727.2	8338.1	6.9	0	155.3	8864	3	1742	0	1	1
220419	3946.3	8281.7	7.5	0	137.6	8882	3	1265	0	0	1
220671	4061.4	8341.8	7.3	0	168.8	8941	2	1180	0	0	1
221129	4031.3	8319.8	7.4	0	163.5	9058	2	1806	0	0	1
221148	3414.9	8770.1	8.5	0	167.7	9064	2	1072	0	0	1
221649	4049.2	8452.3	9.9	0	170.3	9212	2	1298	0	0	1
222603	3619.2	8932.2	9.3	0	146.6	9471	2	862	0	0	1
223392	3415.5	8798.7	12.7	0	183	9682	2	793	0	0	1
223613	3969	8923.1	7.2	0	195.1	9740	2	1807	0	0	1
223851	3832.1	8874.5	9.4	0	147.7	9806	2	921	0	0	1
224137	4036.6	8414.8	10.4	0	173	9880	2	848	0	1	1
224214	4241	9099.1	6.7	0	146.1	9903	2	1138	0	0	1
224472	3827	8352.3	6.6	0	151.1	9968	2	1240	0	0	1
225444	4229.2	9096.3	6.3	0	148.2	10227	2	1590	0	0	1
225603	4203.3	8449.1	9.9	0	166.4	10275	2	1349	0	0	1
225765	4026.8	8346.9	11	0	170.6	10320	2	825	0	0	1
225810	4013.6	8344.9	8.5	0	163.3	10332	4	1024	0	4	1
226715	4037.2	8415.1	11.2	0	174.1	10590	2	839	0	0	1
226966	4203.6	8421.6	4.7	0	149.7	10672	2	1728	0	0	1
227002	3428.9	8784.4	7.6	0	146.4	10686	2	889	0	0	1
227081	3431.7	8798.5	3.8	0	159.4	10708	3	4312	0	0	1
227100	3473.3	8595.4	8.1	0	142.9	10713	2	979	0	0	1
227142	3859.9	8307.1	8.2	0	158.4	10725	2	1384	0	0	1
227908	4227.7	8457	8.2	0	161.7	10938	2	999	0	0	1
228074	3716.7	8629.5	8.6	0	153.9	10989	2	810	0	0	1
228334	4017.7	8352.3	10.4	0	177.8	11064	2	890	0	0	1
228363	4217.7	8459.6	7.1	0	148.6	11071	3	1975	0	0	1
228633	3650.9	8497	13.3	0	107	11144	2	258	0	0	1
228747	3812.9	8338.7	7.9	0	147.6	11172	2	1016	0	0	1
228877	4229.9	8459.8	6	0	154.9	11210	5	2510	0	0	1
229322	3842.1	8301.5	8.1	0	163	11321	2	1127	0	0	1
229370	3945.5	8303.2	4.1	0	142.5	11337	3	4261	0	0	1
229604	3941	8278.4	8.1	0	145.4	11403	2	884	0	1	1
230192	3929.8	9153.9	4.1	0	154.3	11566	3	3269	0	0	1
230625	4228.1	8458.9	6.6	0	144.1	11692	2	1395	0	0	1
230849	3954.3	8288.8	5.3	0	152.4	11752	4	2853	0	0	1
230999	4213.9	8397	11.5	0	157.1	11791	2	669	0	0	1
231592	3735.6	8421.6	8.5	0	153	11947	2	1710	0	0	1
Orientation 	1
ROI width 	1005
ROI height 	1005
ROI x1 	3370
ROI x2 	4375
ROI y1 	8260
ROI y2 	9265
1
