12362.5 6722.5
13472.5 12332.5
5582.5 15242.5
18272.5 10862.5
17852.5 14672.5
19202.5 18572.5
11192.5 10652.5
9452.5 8492.5
14162.5 7862.5
14552.5 22142.5
5732.5 18602.5
14732.5 11192.5
20792.5 19412.5
19442.5 18602.5
9422.5 22682.5
14462.5 17762.5
10232.5 14912.5
19142.5 8432.5
17552.5 16832.5
16472.5 21962.5
8042.5 20822.5
6512.5 19622.5
20552.5 8282.5
7232.5 12932.5
10202.5 17642.5
13142.5 6902.5
12332.5 8192.5
12422.5 9062.5
8342.5 9692.5
3872.5 8762.5
10082.5 4412.5
2912.5 7862.5
17042.5 6692.5
10592.5 18542.5
13982.5 20582.5
