Index	X	Y	Precision	SEM	PSF	First_Frame	N_detections	Photons	Intensity	Frames_missing	Channel
206	9599.9	8905.1	19	0	150.7	12	1	911	0	0	1
595	9393.3	8034.3	20	0	172.5	30	1	703	0	0	1
739	9459.1	8418.8	10.5	0	142.7	39	1	1059	0	0	1
2683	9522.8	8674.5	29	0	175.5	156	1	573	0	0	1
3035	9457.2	8046.3	12.7	0	176.3	177	1	938	0	0	1
3052	9495.4	8072.4	10.9	0	170.5	178	1	989	0	0	1
3063	9477.1	8050	11	0	178.5	179	1	1217	0	0	1
3243	9528.1	8698.5	19	0	156.2	192	1	658	0	0	1
3261	9520.3	8652	18.9	0	197.2	193	1	925	0	0	1
3930	9539.6	8021.6	25.4	0	167.6	235	1	494	0	0	1
4056	9511	8812.7	18.9	0	178.4	243	1	945	0	0	1
4258	9484.7	8466.1	18.9	0	150.5	257	1	747	0	0	1
4325	9477.8	8448.5	27.6	0	186.2	261	1	616	0	0	1
4687	9496.6	8050.5	18	0	166.6	285	1	530	0	0	1
4838	9499.5	8048.3	14.7	0	155.7	296	1	676	0	0	1
5195	9720.8	8371.4	29.5	0	176	321	1	507	0	0	1
5730	9425.3	8255.9	19.9	0	131.2	362	1	363	0	0	1
5742	9430.7	8221.6	11.7	0	166.8	363	1	1077	0	0	1
5821	9660.4	8732.6	14.7	0	152.3	368	1	692	0	0	1
6029	9682.1	8444.7	15.7	0	139.9	384	1	955	0	0	1
6377	9466	8068.8	29.1	0	153	409	1	368	0	0	1
6417	9439.7	8037.1	30.9	0	175.8	412	1	428	0	0	1
6439	9676.4	8789.1	42.9	0	183.3	413	1	471	0	0	1
6498	9219.3	8494.9	18.4	0	155.5	417	1	511	0	0	1
6893	9782.2	8313.8	14.1	0	139.7	444	1	577	0	0	1
6922	9758.4	8316.2	37.2	0	165.9	445	1	310	0	0	1
7518	9470.8	8083.4	21.3	0	168.3	486	1	573	0	0	1
7617	9289.8	8526.3	8.9	0	153	492	1	1167	0	0	1
7632	9323.5	8535.3	17.9	0	161	493	1	498	0	0	1
7853	9664.5	8680.5	12	0	151	508	1	919	0	0	1
7907	9498.2	8071.9	10.6	0	173.3	512	1	944	0	0	1
8112	9462.9	8698.1	14.9	0	165.5	527	1	808	0	0	1
8287	9480.1	8062.5	14.5	0	166.1	540	1	833	0	0	1
8330	9776.7	8206.6	11.7	0	175.6	543	1	1088	0	0	1
8500	9471.1	8085.7	24.3	0	158.9	555	1	456	0	0	1
8581	9293.8	8633	38.9	0	107	560	1	123	0	0	1
8741	9896.3	8364.5	18.5	0	198.8	571	1	852	0	0	1
9194	9428.2	8237.9	8.2	0	153.6	603	1	1373	0	0	1
9412	9650.2	8063.4	9.7	0	159.7	618	1	1098	0	0	1
9807	9637.1	8765.2	15.8	0	173.8	648	1	1141	0	0	1
10051	9647.9	8671.6	16	0	146.8	667	1	661	0	0	1
10963	9654.8	8423.2	17.7	0	156.7	736	1	556	0	0	1
10993	9624.2	8068.6	15	0	178	738	1	704	0	0	1
11042	9805	8325.9	7.7	0	156.3	742	1	1529	0	0	1
11065	9783.8	8310.7	17.8	0	155.9	743	1	473	0	0	1
11428	9591	8649.3	17.8	0	151.8	769	1	567	0	0	1
11442	9539.9	8682.9	32.1	0	185.1	770	1	440	0	0	1
11455	9518.8	8701.5	18.3	0	198.7	771	1	1013	0	0	1
11532	9514.2	8717.8	8.7	0	177.4	777	1	1941	0	0	1
11579	9449.2	8706.2	9.5	0	131.1	781	1	843	0	0	1
11590	9526.4	8698.8	13.8	0	170.6	782	1	1020	0	0	1
11601	9663.7	8740.9	26.1	0	146.5	783	1	450	0	0	1
11626	9137.4	8153.6	17.9	0	154.1	785	1	533	0	0	1
12083	9220.4	8488.7	15.2	0	145.1	820	1	440	0	0	1
12110	9208	8506.3	24.6	0	159.7	822	1	460	0	0	1
12120	9193.4	8490.5	12.8	0	159.4	823	1	913	0	0	1
12153	9626.9	8758.8	7.3	0	151.9	825	1	2309	0	0	1
12250	9124.7	8850.2	24.4	0	121.9	832	1	251	0	0	1
12841	9497.8	8736.3	13.4	0	192.6	878	1	1448	0	0	1
12895	9120.4	8810.3	20.5	0	141.5	881	1	427	0	0	1
13659	9828.9	8650.2	23.4	0	181.3	948	1	505	0	0	1
13918	9848.7	8668.2	11.2	0	182.4	970	1	1540	0	0	1
14333	9581.9	8902	9	0	151	1007	1	1409	0	0	1
14476	9177.3	8334.7	15.8	0	144.5	1018	1	445	0	0	1
14551	9796.6	8307.1	11.2	0	154.1	1025	1	984	0	0	1
14565	9490.9	8054.5	12.2	0	164.1	1026	1	1425	0	0	1
14707	9649.2	8745	16.7	0	155.8	1038	1	693	0	0	1
15019	9700.8	8874.2	6.5	0	145.8	1064	1	2568	0	0	1
15300	9449.5	8049.3	21.2	0	146.4	1088	1	280	0	0	1
15393	9458.1	8061.9	25.8	0	148	1096	1	383	0	0	1
15479	9474.6	8088.3	18	0	155.7	1102	1	425	0	0	1
15543	9412.2	8117.4	23.2	0	187.1	1108	1	669	0	0	1
15798	9456.6	8085.8	23.3	0	134.6	1127	1	233	0	0	1
15823	9547.6	8946.9	8	0	160.1	1129	1	2199	0	0	1
16623	9277.8	8716.1	30.5	0	120.8	1193	1	201	0	0	1
16878	9452.4	8067.4	18.2	0	140	1213	1	359	0	0	1
16887	9472.7	8061.9	12.7	0	149.1	1214	1	633	0	0	1
17580	9490.8	8047.9	17.8	0	119.7	1266	1	267	0	0	1
17622	9388.6	8046.6	23.2	0	196.9	1268	1	594	0	0	1
17665	9696.2	8650.9	26.1	0	140.5	1271	1	269	0	0	1
17705	9581.3	8686.7	8.3	0	152.2	1275	1	1739	0	0	1
17825	9463.2	8086.2	24.4	0	162.1	1285	1	290	0	0	1
17830	9464.3	8028.9	15.3	0	143.7	1286	1	520	0	0	1
18163	9202.8	8518.4	11.7	0	153	1313	1	904	0	0	1
18692	9277.4	8546.7	13.9	0	159.5	1359	1	709	0	0	1
18865	9403.7	8251.9	8.8	0	186.6	1375	1	1760	0	0	1
18875	9429.2	8286.8	8.8	0	178.7	1376	1	1523	0	0	1
18962	9706.8	8862	6	0	141.6	1384	1	2209	0	0	1
18975	9685	8875	5.4	0	147.7	1385	1	3368	0	0	1
19117	9463.6	8250	14.3	0	183.4	1398	1	1663	0	0	1
19419	9459.1	8069.3	21.1	0	128	1421	1	335	0	0	1
19437	9717.2	8880.7	11.1	0	157.3	1423	1	1107	0	0	1
19649	9394.9	8054.2	12.7	0	176.8	1441	1	978	0	0	1
19980	9696.9	8823.3	7.2	0	157.1	1468	1	2940	0	0	1
20359	9578.5	8900.6	18.7	0	173.1	1501	1	859	0	0	1
20519	9475.4	8062.4	24	0	156.1	1514	1	352	0	0	1
20695	9778.6	8748.8	48.2	0	169.2	1525	1	227	0	0	1
20723	9702.1	8576	14.1	0	194.1	1528	1	1260	0	0	1
20735	9707.6	8520.7	18.1	0	175.5	1529	1	745	0	0	1
20918	9448.2	8073.1	25.7	0	130.6	1543	1	215	0	0	1
21021	9564.7	8737.4	14.9	0	173.7	1553	1	881	0	0	1
21176	9469.4	8058	15.2	0	141.4	1565	1	537	0	0	1
21343	9357.7	8027.5	17.4	0	176.1	1579	1	742	0	0	1
21427	9638.1	8429.3	20.7	0	122.3	1586	1	222	0	0	1
21533	9311.6	8364.3	32	0	119	1595	1	171	0	0	1
21606	9476.3	8079.1	16.3	0	155.7	1602	1	541	0	0	1
21725	9456.6	8053	23.2	0	149.7	1612	1	323	0	0	1
21780	9453	8055.8	24.1	0	186.4	1616	1	455	0	0	1
21787	9525.4	8052.7	18.1	0	184.2	1617	1	630	0	0	1
21816	9532.7	8012.2	17.3	0	196.3	1618	1	711	0	0	1
21831	9404.7	8013.9	26.9	0	140.1	1619	1	241	0	0	1
21841	9408.8	8088	42.7	0	159.9	1620	1	183	0	0	1
22224	9654.9	8093.9	23.4	0	141.4	1652	1	273	0	0	1
22575	9648	8441.2	16.2	0	124.1	1682	1	280	0	0	1
22657	9717.4	8646.8	17	0	184.8	1689	1	620	0	0	1
23385	9482	8423.9	18	0	140.3	1755	1	389	0	0	1
23393	9466.3	8454.1	7.9	0	144.4	1756	1	1122	0	0	1
23403	9496.9	8479	8	0	154.5	1757	1	1673	0	0	1
23709	9600.9	8566.6	18.4	0	130.3	1780	1	341	0	0	1
23767	9684	8636.8	20	0	126.6	1784	1	318	0	0	1
24054	9470.3	8688.5	15.8	0	169.8	1808	1	564	0	0	1
25122	9547.6	7999.4	35.2	0	175.9	1896	1	303	0	0	1
25142	9477	8101.5	23	0	150.3	1898	1	300	0	0	1
25146	9508.9	8062.5	10.8	0	140.6	1899	1	646	0	0	1
26329	9305.7	8353.7	10.5	0	140.9	2000	1	881	0	0	1
26394	9455.2	8734.8	19.2	0	166.4	2006	1	558	0	0	1
26409	9431.4	8711.4	14.5	0	155.5	2007	1	715	0	0	1
26950	9375.5	8658	12.8	0	131.1	2053	1	486	0	0	1
26989	9307.5	8368.3	30.8	0	111.4	2056	1	134	0	0	1
27019	9314	8327.5	35.9	0	111.2	2058	1	108	0	0	1
27030	9401.3	8142.1	35.8	0	169.7	2059	1	238	0	0	1
27062	9855.4	8700.5	27.7	0	175.9	2062	1	443	0	0	1
27099	9589.3	8739.1	16.7	0	162.2	2066	1	540	0	0	1
27285	9178	8469.9	15.9	0	139.4	2081	1	488	0	0	1
27466	9569.6	8887.8	10.6	0	179.5	2097	1	1581	0	0	1
27493	9426.7	8339.5	36.8	0	103.2	2098	1	97	0	0	1
28074	9568.9	8881.2	12	0	142.8	2146	1	790	0	0	1
28255	9552.9	8928	16	0	149.4	2161	1	420	0	0	1
28306	9846.8	8313	18.7	0	139.8	2165	1	288	0	0	1
28751	9802.8	8306.1	12.8	0	131.6	2205	1	476	0	0	1
29015	9804.5	8184.3	19.1	0	110.2	2226	1	204	0	0	1
29070	9782.8	8119.5	43.6	0	144.7	2231	1	234	0	0	1
29489	9885.6	8657	22.7	0	195.5	2266	1	597	0	0	1
29705	9874.8	8682.3	19.7	0	177.6	2280	1	511	0	0	1
30345	9612.8	8748.6	13.1	0	173.7	2324	1	915	0	0	1
30474	9702.5	8849.7	11.1	0	135.5	2333	1	744	0	0	1
30534	9436.6	8070.8	21.1	0	191.5	2336	1	859	0	0	1
30548	9378.7	8011.5	19.1	0	170.9	2337	1	573	0	0	1
30863	9485.1	8730	18.8	0	181.5	2360	1	535	0	0	1
30912	9393.9	8031.4	14.3	0	157.1	2365	1	703	0	0	1
31067	9603.2	8734.7	9.3	0	157	2375	1	1123	0	0	1
31326	9557.7	8187.7	13.5	0	181.6	2396	1	868	0	0	1
32342	9387.7	8676.4	18.3	0	156.4	2473	1	694	0	0	1
32423	9245.2	8484.1	43.5	0	190.7	2478	1	374	0	0	1
32472	9486.1	8076	14.4	0	154	2481	1	411	0	0	1
32480	9517.1	8056	12.9	0	141.6	2482	1	793	0	0	1
32635	9427	8466	17.7	0	159.6	2494	1	480	0	0	1
33216	9676.9	8427	11.8	0	151.6	2538	1	699	0	0	1
33231	9652.6	8436.1	16.9	0	138.3	2539	1	279	0	0	1
33458	9638.5	8747.9	7.8	0	154.5	2558	1	1211	0	0	1
33507	9793.9	8219.4	9.1	0	148.4	2561	1	966	0	0	1
34125	9525.4	8706.8	15.4	0	170.5	2609	1	766	0	0	1
34794	9633.4	8756.9	15.3	0	135.3	2664	1	416	0	0	1
34818	9602.7	8779.2	23.2	0	142	2666	1	362	0	0	1
34881	9615.2	8737.5	8.7	0	155.9	2672	1	1204	0	0	1
34907	9675.5	8715.7	9.8	0	152.4	2675	1	1100	0	0	1
34923	9631.6	8755.1	10.6	0	130.7	2676	1	501	0	0	1
35185	9660.5	8669	13.1	0	143.2	2698	1	714	0	0	1
35291	9647	8806.4	28.5	0	168.8	2706	1	429	0	0	1
35399	9599.4	8717.4	17.3	0	151.3	2715	1	543	0	0	1
35420	9615.7	8746.4	15.5	0	159.1	2716	1	550	0	0	1
35469	9624.9	8809.7	24.2	0	150.5	2720	1	320	0	0	1
35481	9617.8	8785.6	31.3	0	159.8	2721	1	269	0	0	1
35489	9618.7	8748.6	14.8	0	130.9	2722	1	376	0	0	1
35553	9674.8	8429.8	19.1	0	160.5	2727	1	697	0	0	1
35599	9668.7	8773.5	29.4	0	131.8	2730	1	254	0	0	1
35609	9635.6	8743.7	22.9	0	125.1	2731	1	298	0	0	1
35626	9649.8	8789.6	20.1	0	138	2732	1	330	0	0	1
35736	9622.4	8775.5	26.1	0	156.6	2741	1	321	0	0	1
35791	9642.6	8767.5	15.7	0	133.2	2746	1	470	0	0	1
35839	9648.3	8747.4	25.8	0	131.8	2750	1	341	0	0	1
35866	9752.5	8279.7	9.3	0	168.9	2753	1	1474	0	0	1
35929	9660.8	8445	11.3	0	182.9	2758	1	1607	0	0	1
35992	9618.1	8770.7	27.2	0	137.4	2762	1	189	0	0	1
35996	9691.8	8852.4	5.2	0	147.9	2763	1	3008	0	0	1
36045	9622.6	8757.2	16.9	0	141.4	2767	1	412	0	0	1
36069	9624.1	8778	21.4	0	144.5	2769	1	273	0	0	1
36161	9580.2	8959.5	8.6	0	169.2	2777	1	1954	0	0	1
36199	9632.9	8768.4	25.8	0	135.6	2779	1	265	0	0	1
36269	9619.6	8765	18.7	0	109.6	2785	1	199	0	0	1
36289	9620.4	8736	4.1	0	151.8	2787	1	4663	0	0	1
36346	9651.9	8720.9	32.3	0	168.6	2791	1	376	0	0	1
36352	9585.7	8711.2	10.7	0	164.1	2792	1	1090	0	0	1
36378	9597.6	8746.3	23.8	0	124.1	2793	1	190	0	0	1
36386	9632.3	8812.3	19.2	0	159.5	2794	1	486	0	0	1
36407	9653	8809.2	22.4	0	163.3	2796	1	400	0	0	1
36451	9599.4	8632.9	30.3	0	118.4	2799	1	129	0	0	1
36510	9628.1	8777.4	32.7	0	125.1	2805	1	178	0	0	1
36628	9646.5	8525.5	11.4	0	182.9	2814	1	1407	0	0	1
36696	9647.8	8815.7	23.9	0	182.4	2819	1	439	0	0	1
36778	9203.7	8328.4	10.8	0	159.9	2826	1	911	0	0	1
37070	9631.3	8808.7	21.5	0	142.1	2848	1	351	0	0	1
37233	9686.1	8804.5	9.3	0	175	2861	1	1670	0	0	1
37308	9235.7	8329.7	17.7	0	170.7	2866	1	568	0	0	1
37320	9212	8328.1	14.4	0	164.7	2867	1	735	0	0	1
37366	9621	8753.5	13.8	0	128.5	2871	1	461	0	0	1
37456	9291.3	8591.6	11	0	166.2	2878	1	1356	0	0	1
37478	9286.3	8555.3	10.1	0	158.5	2879	1	1334	0	0	1
37617	9628.1	8763.5	16.5	0	121.7	2889	1	315	0	0	1
37731	9643.5	8688.3	8.2	0	148.2	2899	1	1333	0	0	1
37746	9644.3	8709.9	6.2	0	148.7	2900	1	1630	0	0	1
37763	9259.1	8511.4	19.9	0	141.4	2901	1	535	0	0	1
37837	9616.1	8746.2	13.4	0	133.2	2906	1	474	0	0	1
37917	9608.3	8775	22.2	0	140.4	2913	1	325	0	0	1
38033	9176.5	8195.1	5.7	0	148.1	2924	1	2772	0	0	1
38303	9632.8	8771	19.1	0	150.8	2945	1	520	0	0	1
38327	9599.9	8829.6	37.7	0	138.1	2947	1	203	0	0	1
38505	9597.5	8743.6	16.8	0	180.9	2962	1	832	0	0	1
38595	9631.5	8741.9	35.2	0	143.8	2968	1	228	0	0	1
38661	9318.6	8339.1	33.5	0	100.5	2974	1	92	0	0	1
38685	9639.6	8794.5	22.4	0	168.5	2976	1	493	0	0	1
38716	9591.1	8755.3	15.4	0	184.1	2979	1	950	0	0	1
38747	9628.9	8765.4	23	0	142.7	2982	1	327	0	0	1
38945	9635.1	8788.5	31.3	0	151.5	2997	1	272	0	0	1
38972	9598.2	8752.5	28.8	0	155.9	3000	1	252	0	0	1
38976	9621.1	8775.5	13.8	0	152.5	3001	1	526	0	0	1
39101	9560.7	8661.5	22.4	0	165.9	3011	1	438	0	0	1
39123	9428.2	8463.4	17.2	0	154.9	3013	1	714	0	0	1
39165	9304.8	8377	23	0	146.8	3017	1	358	0	0	1
39188	9615.2	8763.3	30.9	0	128.9	3019	1	156	0	0	1
39320	9612.4	8791.9	18.5	0	172.5	3030	1	631	0	0	1
39420	9598.6	8731.6	27.4	0	150.2	3038	1	320	0	0	1
39472	9609.3	8736.6	19.8	0	155.7	3042	1	381	0	0	1
39574	9507.3	8516.8	16.3	0	196	3051	1	1835	0	0	1
39665	9637.9	8755.5	13.5	0	141.2	3058	1	578	0	0	1
39674	9692.7	8820.6	12.8	0	171.1	3059	1	1105	0	0	1
39746	9567.8	8126.1	13.2	0	191.5	3066	1	1347	0	0	1
39754	9575.7	8176.5	8	0	177.9	3067	1	1942	0	0	1
39954	9632.9	8748	12.7	0	132.4	3085	1	485	0	0	1
40087	9600.7	8779.2	30	0	177.6	3094	1	346	0	0	1
40104	9441.7	8718.4	18.3	0	183.3	3095	1	542	0	0	1
40364	9620.3	8768.5	12.9	0	141.5	3115	1	442	0	0	1
40410	9600.9	8750.7	11.2	0	174.6	3119	1	1131	0	0	1
40543	9621.8	8787	15.5	0	171.3	3130	1	724	0	0	1
40599	9604.9	8757	11.9	0	171.5	3135	1	807	0	0	1
40624	9630.4	8778.6	12.8	0	171	3138	1	1100	0	0	1
40652	9572.3	8881	8.2	0	143.9	3141	1	1431	0	0	1
40782	9643.6	8755.8	15.7	0	162.1	3151	1	524	0	0	1
40791	9614.8	8784.6	15.2	0	154.5	3152	1	455	0	0	1
41122	9637.8	8801.2	16.2	0	165.6	3182	1	637	0	0	1
41187	9659.1	8809.7	22.2	0	184.5	3187	1	550	0	0	1
41404	9616.3	8768.1	16.5	0	137.6	3206	1	349	0	0	1
41467	9648.8	8757.2	21.6	0	139.2	3210	1	262	0	0	1
41500	9658	8843.4	35.1	0	187.2	3213	1	456	0	0	1
41573	9207.4	8511.2	26	0	149	3220	1	268	0	0	1
41610	9182.5	8514.5	30.7	0	140.9	3223	1	175	0	0	1
41798	9550.2	8816.9	10.8	0	173.1	3241	1	1414	0	0	1
41914	9613.9	8764.1	21.4	0	128.6	3250	1	344	0	0	1
41932	9653.3	8795.9	43.3	0	135.2	3251	1	160	0	0	1
42054	9630.5	8790.2	21.6	0	166.6	3261	1	541	0	0	1
42067	9641.5	8766.1	20.4	0	125.2	3262	1	223	0	0	1
42205	9131.6	8834.9	5.2	0	191.5	3276	1	6249	0	0	1
42272	9429.4	8131.3	13	0	199.9	3282	1	2102	0	0	1
42281	9442	8157.7	7.4	0	195.4	3283	1	3853	0	0	1
42315	9152.1	8848.4	13.7	0	188	3286	1	1002	0	0	1
42399	9610.9	8764.7	17.1	0	143.7	3293	1	439	0	0	1
42464	9608.5	8789.2	28.7	0	130.3	3299	1	345	0	0	1
42552	9589.8	8782	21.4	0	144.7	3307	1	309	0	0	1
42560	9614.6	8762.1	8.3	0	147.7	3308	1	1147	0	0	1
42703	9613.5	8754.5	19.2	0	147.4	3320	1	315	0	0	1
42741	9515.9	8706.6	22.7	0	191.8	3323	1	563	0	0	1
42808	9620.4	8800.9	22.9	0	162.7	3328	1	359	0	0	1
42831	9602.6	8787	23.2	0	153.8	3330	1	287	0	0	1
42915	9176.7	8336.4	10	0	150.5	3338	1	884	0	0	1
43036	9500.3	8772.2	20.8	0	177.4	3348	1	581	0	0	1
43147	9671.4	8813.7	20	0	157.1	3356	1	475	0	0	1
43453	9553.6	8234.8	36.6	0	177.4	3382	1	314	0	0	1
43476	9274.9	8556.8	10.6	0	163.5	3384	1	1183	0	0	1
43503	9324.1	8469	17.9	0	156.5	3386	1	452	0	0	1
43515	9650.8	8619.3	37.8	0	132.5	3387	1	178	0	0	1
43533	9812.3	8324.8	17.3	0	155.2	3389	1	574	0	0	1
43592	9662.5	8821.8	22	0	182.5	3394	1	645	0	0	1
43744	9643.9	8822.5	24.8	0	122.2	3406	1	162	0	0	1
43779	9587.6	8186.2	14	0	169.3	3409	1	690	0	0	1
43787	9584.4	8165.6	12.8	0	164.5	3410	1	680	0	0	1
44362	9523.8	8719.9	13.3	0	168.7	3457	1	862	0	0	1
44370	9634.8	8667.5	5.6	0	188.8	3458	1	4882	0	0	1
44570	9676.4	8682.2	24.1	0	177.2	3473	1	462	0	0	1
44765	9617.1	8772.7	32.4	0	127	3490	1	151	0	0	1
44777	9652	8833.2	42.2	0	174.6	3491	1	219	0	0	1
44786	9584.1	8784.5	24.4	0	168.2	3492	1	309	0	0	1
44828	9601.5	8771.2	38.9	0	122.8	3495	1	160	0	0	1
44839	9318.6	8373	9	0	122.5	3497	1	805	0	0	1
45024	9610.5	8479.3	22.8	0	151.5	3513	1	299	0	0	1
45115	9636	8800.8	22.8	0	153.4	3521	1	407	0	0	1
45128	9594.2	8769	14.6	0	117.1	3522	1	349	0	0	1
45279	9192.3	8132.3	14.9	0	186.3	3537	1	1294	0	0	1
45511	9420.2	8031.2	21.9	0	170.7	3555	1	358	0	0	1
45603	9624.1	8739	7.7	0	161.1	3563	1	1662	0	0	1
46691	9323.5	8455.8	18.4	0	147.4	3660	1	400	0	0	1
47070	9664.9	8902.3	10.1	0	155.5	3695	1	1163	0	0	1
47158	9517.9	8665.8	13.7	0	149.6	3703	1	572	0	0	1
48018	9525.3	8811.1	16.4	0	163.2	3776	1	701	0	0	1
48133	9193.5	8346.3	9.5	0	149.9	3788	1	827	0	0	1
48153	9162	8306	18.7	0	140.3	3789	1	293	0	0	1
48521	9333.2	8969	21.1	0	129.6	3819	1	325	0	0	1
49058	9724.8	8890.7	15.6	0	167.6	3868	1	1069	0	0	1
49336	9642.9	8056.1	27.6	0	135.3	3890	1	241	0	0	1
49505	9416.5	8311.6	23.1	0	161.4	3906	1	402	0	0	1
49519	9445.7	8320.6	24.8	0	168.4	3907	1	503	0	0	1
49682	9475.9	8771.2	38.4	0	150.4	3920	1	214	0	0	1
50071	9864.6	8761.9	41.8	0	197.6	3956	1	467	0	0	1
50127	9410.9	8302	8.9	0	176.8	3961	1	1258	0	0	1
50445	9656.5	8436.1	6.7	0	169.5	3989	1	1988	0	0	1
50511	9417.7	8338	12	0	176.8	3994	1	902	0	0	1
51077	9469.2	8748.6	18.1	0	150.1	4045	1	358	0	0	1
51205	9340.2	8977.2	26.4	0	154.9	4054	1	221	0	0	1
51230	9862.3	8319	12.2	0	168.6	4057	1	1136	0	0	1
51421	9481.9	8439.5	20.9	0	148.3	4074	1	395	0	0	1
52190	9471.8	8430.3	14.8	0	135.2	4145	1	452	0	0	1
52912	9060.7	8455.2	19.6	0	161.2	4211	1	382	0	0	1
52943	9418	8066.6	10.9	0	166.3	4215	1	760	0	0	1
53015	9525.8	8966.8	18.5	0	143.6	4223	1	328	0	0	1
53504	9389.2	8023.6	15.7	0	156.6	4269	1	429	0	0	1
53612	9546.1	8700.8	8.2	0	169	4276	1	1865	0	0	1
53676	9080.6	8764.5	13.9	0	190.7	4281	1	926	0	0	1
53750	9824.8	8332.4	12.3	0	144	4288	1	543	0	0	1
54670	9576.1	8710.8	26.1	0	166.3	4369	1	397	0	0	1
54675	9601.1	8745.7	9.3	0	162.6	4370	1	1219	0	0	1
54751	9666.2	8671.6	15	0	154.3	4377	1	616	0	0	1
55179	9486.1	8021.8	19.5	0	135.2	4412	1	259	0	0	1
55196	9444.1	8084.7	26.1	0	165.1	4413	1	276	0	0	1
55300	9169.9	8493.9	18.6	0	187.4	4422	1	649	0	0	1
55312	9193.2	8484.2	16.8	0	140.5	4423	1	369	0	0	1
55477	9289	8388.1	43.2	0	104.5	4439	1	91	0	0	1
55508	9625.5	8712	8.3	0	148.9	4442	1	1342	0	0	1
55520	9577.9	8748.5	7.2	0	170.4	4443	1	2629	0	0	1
55536	9562.1	8767.1	7.2	0	180	4444	1	2094	0	0	1
55546	9516.4	8809.1	8.5	0	156.7	4445	1	1388	0	0	1
55757	9632.7	8634	21.4	0	179.8	4463	1	545	0	0	1
55809	9646.7	8687.7	11.9	0	143.1	4468	1	794	0	0	1
56053	9476.9	8423.4	12.9	0	147	4488	1	546	0	0	1
56112	9692.2	8929.5	14.7	0	171.1	4493	1	773	0	0	1
56151	9124.6	8141.5	19.4	0	164.5	4496	1	403	0	0	1
56454	9320.5	8579.9	27.2	0	197.3	4522	1	377	0	0	1
56936	9737.7	8661.2	18.7	0	198.1	4564	1	762	0	0	1
57298	9267.9	8722.5	32	0	111.5	4596	1	179	0	0	1
57876	9681	8082.7	23.2	0	145.3	4643	1	214	0	0	1
57939	9668.3	8436.2	26.2	0	145.2	4650	1	217	0	0	1
58055	9486	8074.3	10.5	0	152.9	4662	1	758	0	0	1
58063	9535.7	8969.1	12.1	0	161.6	4663	1	1012	0	0	1
58464	9550.1	8939.5	11.3	0	154	4699	1	747	0	0	1
58598	9184.8	8508.5	13	0	162.1	4711	1	646	0	0	1
58742	9677.5	8515.6	13.2	0	181	4724	1	1077	0	0	1
59098	9435	8322.2	16.3	0	184	4755	1	617	0	0	1
60078	9000.5	8323	21.3	0	186.2	4840	1	633	0	0	1
60899	9644.4	8864.4	9.3	0	159.9	4911	1	1278	0	0	1
62084	9364.7	8507.3	26	0	190	4987	1	724	0	0	1
62171	9592	8172.5	11.6	0	173.4	4992	1	886	0	0	1
62181	9570.6	8158.1	5.9	0	173.6	4993	1	2364	0	0	1
62216	9589.1	8214	23.4	0	162.6	4994	1	293	0	0	1
62889	9625.9	8148.7	30.9	0	100.1	5037	1	90	0	0	1
62973	9137.6	8857.7	26.3	0	101.1	5044	1	155	0	0	1
63995	9415.8	8412.4	25.2	0	142.6	5114	1	303	0	0	1
64002	9435.4	8507.5	23	0	130.5	5115	1	255	0	0	1
64022	9410.3	8482.6	17.4	0	161.3	5116	1	523	0	0	1
64031	9420.4	8443.3	9.7	0	133.9	5117	1	730	0	0	1
64375	9446.9	8691.1	5.9	0	150	5141	1	2999	0	0	1
64656	9672.3	8905.9	14.9	0	166.4	5162	1	823	0	0	1
64961	9584.3	8754.8	14.4	0	167.8	5183	1	813	0	0	1
64980	9610.6	8201.9	22	0	165.1	5184	1	562	0	0	1
64994	9596.7	8731.7	6.6	0	166.2	5186	1	2465	0	0	1
65285	9404.4	8434.4	7.8	0	149.9	5207	1	1431	0	0	1
65535	9623.7	8169.6	29.2	0	172.8	5226	1	368	0	0	1
65543	9577	8164.3	11.6	0	189	5227	1	1106	0	0	1
65561	9609.2	8205.4	13.4	0	181.1	5228	1	1028	0	0	1
65823	9476.9	8535.2	22.2	0	173.8	5245	1	777	0	0	1
65867	9425.8	8469.6	22.6	0	166.3	5247	1	331	0	0	1
65882	9423.6	8421	13.2	0	148.9	5249	1	904	0	0	1
66611	9565.5	8970.9	30.2	0	145.1	5298	1	217	0	0	1
67006	9290.9	8363	16.3	0	165.9	5325	1	514	0	0	1
67192	9584.7	8686.8	8.2	0	186.4	5340	1	3111	0	0	1
67205	9651.2	8689.6	10.8	0	157.8	5341	1	1326	0	0	1
67222	9656.5	8716.8	19.1	0	138.3	5342	1	462	0	0	1
67950	9527.7	8944.8	15.6	0	154.2	5392	1	591	0	0	1
68535	9163.8	8494	23.7	0	170	5435	1	294	0	0	1
68926	9439.6	8734.3	21.6	0	162.4	5466	1	483	0	0	1
68939	9485.3	8751.7	23.4	0	165.7	5467	1	525	0	0	1
68951	9457.4	8723.9	17.2	0	163.1	5468	1	711	0	0	1
69666	9042.5	8458.4	7.6	0	169.3	5521	1	1464	0	0	1
69867	9492	8474	23.9	0	173.5	5536	1	542	0	0	1
70083	9644.2	8687	9.7	0	139.2	5554	1	720	0	0	1
71068	9317.6	8521.2	18	0	173.5	5628	1	876	0	0	1
71206	9655.8	8463.1	19.3	0	160.6	5639	1	378	0	0	1
71299	9415.6	8036.3	13	0	172.9	5646	1	829	0	0	1
71508	9727.3	8620.8	16.1	0	195.6	5663	1	741	0	0	1
71662	9632.6	8764.5	8.3	0	169.2	5675	1	2119	0	0	1
71820	9575.4	8900.6	16.9	0	132.2	5686	1	363	0	0	1
72148	9616.6	8131.7	39.8	0	111.5	5711	1	103	0	0	1
72510	9110.4	8731.1	6.8	0	151.2	5739	1	2192	0	0	1
72556	9602.1	8743.1	23.1	0	158.6	5742	1	310	0	0	1
73122	9630.6	8761.5	12.7	0	139.2	5788	1	619	0	0	1
73259	9595.8	8370.6	14.8	0	182.6	5800	1	758	0	0	1
73417	9580.3	8207.5	19.4	0	197.7	5810	1	669	0	0	1
73900	9549.1	8697.9	32	0	157.6	5849	1	247	0	0	1
73906	9632.2	8775.3	9.8	0	159.5	5850	1	1257	0	0	1
74227	9449.3	8719.3	18.1	0	145	5875	1	514	0	0	1
74763	9559.5	8885.5	10.1	0	145.5	5919	1	758	0	0	1
74780	9590.4	8901.5	20.4	0	139.6	5920	1	293	0	0	1
75226	9621.4	8717.2	14.5	0	164.1	5954	1	583	0	0	1
75393	9626.4	8736.6	13.3	0	173.8	5969	1	1009	0	0	1
76319	9721.6	8854.3	15.3	0	153.7	6035	1	781	0	0	1
76618	9716.8	8650.9	18.2	0	152.4	6060	1	530	0	0	1
76876	9344.1	8666.9	18.8	0	135	6080	1	292	0	0	1
76919	9484.6	8054.5	8.6	0	159.7	6084	1	1147	0	0	1
77438	9314.9	8357.3	9.5	0	139.1	6124	1	790	0	0	1
77974	9403.3	8028.9	26.7	0	131	6168	1	152	0	0	1
78651	9850.6	8674.2	32.5	0	130.3	6222	1	156	0	0	1
78829	9664.5	8431.3	5	0	172.8	6237	1	4081	0	0	1
78851	9538.9	8981.9	18.9	0	157.9	6239	1	610	0	0	1
79181	9634.5	8041	8.3	0	159.9	6267	1	1509	0	0	1
79299	9564.2	8892.1	7.8	0	146.2	6276	1	1701	0	0	1
79611	9463.5	8455.2	14.6	0	141.9	6299	1	568	0	0	1
79628	9462	8487.2	30.7	0	126.9	6300	1	206	0	0	1
80961	9401.5	8046.4	16.3	0	166.6	6407	1	646	0	0	1
81053	9523.2	8690.8	26.9	0	134.2	6416	1	259	0	0	1
81082	9703.4	8690.3	21	0	160.3	6418	1	462	0	0	1
81649	9690.9	8657.7	7.8	0	167.3	6463	1	2083	0	0	1
81723	9676	8461.6	14	0	149.9	6470	1	615	0	0	1
81730	9676.4	8437.8	14.5	0	150.9	6471	1	483	0	0	1
83223	9432.2	8467.9	18.7	0	198.5	6590	1	911	0	0	1
83502	9657	8427.8	8.3	0	139.2	6610	1	1022	0	0	1
83694	9385.1	8669.8	10.7	0	151.1	6627	1	998	0	0	1
83857	9688.9	8666.2	12.4	0	163.8	6641	1	952	0	0	1
84229	9442	8305.7	32.4	0	196.8	6674	1	387	0	0	1
84462	9657.2	8855.3	30.5	0	166.5	6694	1	272	0	0	1
86179	8997.5	8295.5	27.1	0	151.2	6842	1	253	0	0	1
87693	9379.2	8046.3	18.8	0	142.4	6973	1	282	0	0	1
87712	9399.4	7996.7	25.4	0	159.2	6974	1	284	0	0	1
88333	9712.4	8522.6	29.1	0	124.2	7022	1	220	0	0	1
88512	9468.6	8427.6	13.1	0	152.9	7035	1	623	0	0	1
88526	9567	8935.2	24.3	0	127.8	7036	1	268	0	0	1
88673	9702.4	8858.2	6.1	0	142.5	7048	1	2248	0	0	1
88933	9388.3	8038.6	19.8	0	175.9	7067	1	445	0	0	1
89207	9570.7	8714.1	7.7	0	182.7	7088	1	2482	0	0	1
89402	9564.1	8888.9	4.7	0	143.5	7104	1	2972	0	0	1
89674	9489.1	8439.3	32.1	0	123.5	7126	1	182	0	0	1
89714	9445.9	8427	40.6	0	132.2	7129	1	180	0	0	1
90273	9672.3	8455.9	11.7	0	168.8	7177	1	1038	0	0	1
90666	9286.4	8683.9	34.5	0	110.7	7207	1	95	0	0	1
90841	9381.4	8059	26.1	0	176.5	7222	1	323	0	0	1
90857	9498.4	8821.2	13	0	155.2	7223	1	973	0	0	1
92408	9665.2	8900.3	6	0	151.5	7359	1	2058	0	0	1
92839	9301.7	8455.5	11.7	0	160.1	7394	1	767	0	0	1
92886	9480.2	8424.5	21.6	0	116.4	7399	1	185	0	0	1
92951	9464.5	8480.4	16.8	0	148.8	7404	1	508	0	0	1
93044	9287.5	8550	13.1	0	159.2	7410	1	763	0	0	1
93171	9836.4	8329.8	15	0	154	7420	1	784	0	0	1
93692	9398.3	8052.8	18.4	0	160.5	7466	1	446	0	0	1
93724	9409.5	8029	10.8	0	163	7469	1	851	0	0	1
94714	9317	8530	19	0	188.9	7556	1	953	0	0	1
94766	9730.3	8853.3	11.8	0	149.2	7561	1	726	0	0	1
94860	9723	8881.6	22.3	0	137.8	7569	1	413	0	0	1
94868	9751.5	8860	13	0	177.8	7570	1	1258	0	0	1
94944	9725.8	8834	13.5	0	128.9	7577	1	409	0	0	1
94970	9447.8	8446	18.1	0	110.4	7578	1	207	0	0	1
95140	9452.4	8442.7	9.6	0	147.7	7591	1	718	0	0	1
95218	9386	8046.9	18.5	0	183.2	7597	1	512	0	0	1
95670	9327.5	8346.7	15.5	0	141.9	7638	1	497	0	0	1
95699	9717.2	8853.3	26.4	0	135.7	7641	1	278	0	0	1
96743	9656.6	8431.9	7.3	0	153.4	7729	1	1616	0	0	1
97208	9462.5	8494.5	26.3	0	156.7	7769	1	264	0	0	1
97228	9485.2	8447.6	25.9	0	139.1	7770	1	239	0	0	1
97646	9523.5	8020.4	23.3	0	152.7	7806	1	305	0	0	1
97661	9504.3	8063.4	10.1	0	147	7807	1	863	0	0	1
98080	9481	8068.3	16.6	0	170.2	7843	1	592	0	0	1
98139	9498.6	8806.6	10	0	168.3	7847	1	1132	0	0	1
98378	9714.9	8781.7	16.5	0	195.5	7868	1	1041	0	0	1
98514	9848.7	8633.3	20.9	0	193.6	7881	1	515	0	0	1
98663	9526.1	8533.8	28.3	0	187.9	7891	1	404	0	0	1
98817	9302.6	8455.4	18.8	0	158.9	7903	1	457	0	0	1
99014	9643.6	8561.5	38.3	0	129.2	7918	1	147	0	0	1
99338	9316.7	8543.4	13.5	0	154.2	7941	1	822	0	0	1
99446	9557.3	8584.4	24.4	0	116.7	7951	1	207	0	0	1
99535	9688.7	8513.1	12.9	0	173.2	7958	1	1139	0	0	1
100217	9663.2	8454.3	15.9	0	153.3	8016	1	668	0	0	1
100237	9667.2	8425.1	8	0	137.6	8017	1	1191	0	0	1
101005	9662.3	8763.1	9.2	0	170.8	8079	1	1244	0	0	1
101191	9665.2	8536.6	16.5	0	156.9	8094	1	489	0	0	1
101771	8995.2	8339.3	16.2	0	183.6	8142	1	638	0	0	1
101785	9658.5	8047.6	11.8	0	161.3	8144	1	785	0	0	1
101984	9589.6	8670	15.7	0	195.7	8162	1	1806	0	0	1
102002	9625.7	8719.3	6.2	0	181.5	8163	1	2659	0	0	1
102011	9661.6	8754.9	15.7	0	195.2	8164	1	964	0	0	1
102039	9643.4	8769.1	10.3	0	186.2	8165	1	1349	0	0	1
102191	9670.5	8905	9.2	0	169.3	8178	1	1193	0	0	1
102307	9577.3	8915.8	14.9	0	165.4	8187	1	936	0	0	1
102665	9704.1	8772	46.4	0	197.9	8215	1	232	0	0	1
102816	9682.9	8891.7	26.9	0	185.7	8228	1	522	0	0	1
102852	9654.7	8706.6	11.6	0	173	8232	1	1012	0	0	1
103224	9662.6	8744.9	28	0	196.6	8265	1	335	0	0	1
103292	9620.7	8188.9	36.4	0	193.1	8271	1	302	0	0	1
103442	9685.1	8818.7	28.5	0	199.8	8283	1	440	0	0	1
103550	9629.2	8838.9	28	0	198.5	8293	1	418	0	0	1
103574	9716.1	8773.7	46.9	0	178.2	8295	1	288	0	0	1
103704	9654.7	8885.8	34.4	0	126.1	8306	1	115	0	0	1
103760	9623.9	8791.6	23	0	188	8310	1	390	0	0	1
103852	9658.6	8783.3	40.3	0	175.7	8318	1	242	0	0	1
104097	9662.9	8897.5	11.3	0	159	8338	1	924	0	0	1
104128	9684.2	8812.1	30.5	0	154.5	8341	1	215	0	0	1
104213	9476.6	8717	10.1	0	161	8349	1	927	0	0	1
104348	9615.6	8800.7	26.5	0	171.7	8363	1	313	0	0	1
104430	9634.8	8762.4	14.6	0	169.1	8371	1	714	0	0	1
104547	9685.3	8805.8	31	0	168	8382	1	272	0	0	1
104571	9475.6	8709.5	8.7	0	174.3	8384	1	1581	0	0	1
104582	9494.1	8718.8	11.1	0	185.7	8385	1	1052	0	0	1
104736	9647.6	8643.1	21.9	0	168.8	8399	1	340	0	0	1
105244	9679.9	8780.4	29.6	0	194.6	8442	1	423	0	0	1
105298	9603.3	8716.7	24.5	0	173.1	8447	1	444	0	0	1
105313	9623.1	8721.4	12.1	0	175.2	8448	1	1057	0	0	1
105413	9171	8176.2	13.8	0	140.1	8457	1	486	0	0	1
105445	9200.2	8194.5	19.7	0	149.4	8459	1	313	0	0	1
105464	9646.2	8041.7	13.1	0	157.9	8462	1	596	0	0	1
105614	9611.6	8723.3	7	0	158.4	8475	1	2920	0	0	1
105625	9587.2	8704.5	20.4	0	134.1	8476	1	299	0	0	1
105709	9192	8498.8	9.9	0	157.5	8482	1	967	0	0	1
105791	9131	8427.5	17.6	0	181.5	8488	1	746	0	0	1
105894	9292.4	8519.9	14.3	0	169.4	8496	1	722	0	0	1
106584	9467.3	8430.3	7	0	146.6	8551	1	1383	0	0	1
106739	9555.1	8893.5	16.3	0	148.3	8565	1	459	0	0	1
107144	9601.9	8767.1	10.2	0	145.4	8595	1	810	0	0	1
107177	9653.5	8673.6	9	0	150.4	8597	1	1177	0	0	1
107557	9320.6	8382.1	11.9	0	147.4	8626	1	823	0	0	1
107591	9318.8	8325.2	14.6	0	161.3	8627	1	608	0	0	1
108423	9801.7	8361.8	8.6	0	152.1	8695	1	1000	0	0	1
108449	9597.9	8704.8	10.9	0	178.3	8697	1	1136	0	0	1
108639	9822.8	8699.6	28	0	199.8	8713	1	452	0	0	1
108774	9682.7	8563.5	24.6	0	118.7	8725	1	232	0	0	1
108822	9653.1	8585.9	33.1	0	113.5	8728	1	106	0	0	1
109001	9493.9	8081.3	16.1	0	141.7	8743	1	338	0	0	1
109086	9503.1	8089.7	7.8	0	146	8749	1	1182	0	0	1
109104	9456.2	8445.5	9.1	0	149.4	8751	1	965	0	0	1
109286	9642.3	8046.6	18.2	0	133.2	8765	1	243	0	0	1
109580	9501.2	8084.4	8.4	0	149.6	8791	1	1050	0	0	1
109759	9667.1	8441.6	18	0	148.1	8805	1	727	0	0	1
110035	9717.7	8880.6	35.4	0	152.7	8826	1	234	0	0	1
110201	9651.7	8745	13.3	0	160.8	8839	1	840	0	0	1
110229	9621.6	8778	20.6	0	130.2	8840	1	293	0	0	1
112188	9132.8	8843.7	20	0	172.9	8988	1	615	0	0	1
112625	9739.5	8550.5	30.3	0	144.8	9027	1	193	0	0	1
112681	9466.2	8090.4	25.5	0	113.2	9032	1	113	0	0	1
112692	9421	8406.2	8.6	0	162.4	9034	1	1560	0	0	1
112815	9435	8432.6	8.2	0	137.2	9043	1	891	0	0	1
112830	9414	8431.5	11.3	0	143.4	9044	1	578	0	0	1
112904	9308.3	8406.2	19.6	0	128.9	9051	1	280	0	0	1
112921	9308.7	8376.7	12.3	0	139.5	9052	1	428	0	0	1
113348	9536.4	8941.4	6.5	0	147.2	9085	1	1578	0	0	1
113464	9677	8775	30.3	0	193.6	9094	1	452	0	0	1
113473	9661.9	8755.7	12.3	0	159	9095	1	893	0	0	1
113814	9646	8833.7	12	0	182.5	9121	1	1336	0	0	1
113824	9602.2	8745.8	16.3	0	139	9122	1	362	0	0	1
113908	9611.4	8803.1	23.5	0	172.5	9128	1	401	0	0	1
113982	9617.7	8757.3	10.2	0	129	9133	1	621	0	0	1
114061	9590.3	8787	18.7	0	142.7	9140	1	599	0	0	1
114075	9608.6	8770.7	25	0	137.2	9141	1	343	0	0	1
114160	9624.5	8785.5	26.2	0	130.4	9148	1	296	0	0	1
114222	9626.1	8761.4	21.4	0	119.4	9151	1	180	0	0	1
114259	9616.9	8747.4	8	0	131.4	9155	1	850	0	0	1
114431	9619.4	8731.6	9.4	0	143.4	9171	1	887	0	0	1
114476	9598.1	8842.9	30	0	116.3	9175	1	143	0	0	1
114619	9596.3	8788.7	28.4	0	155.4	9187	1	230	0	0	1
114784	9639.4	8731.3	11.8	0	131.1	9202	1	721	0	0	1
114837	9659.6	8722.4	14.5	0	153.6	9206	1	583	0	0	1
114926	9606.1	8736.1	28.5	0	119.8	9214	1	179	0	0	1
115107	9338.5	8439.2	36.5	0	119.5	9226	1	159	0	0	1
115161	9610.5	8780.3	24.7	0	125.1	9231	1	147	0	0	1
115209	9539.1	8716.1	10.1	0	163.6	9235	1	1202	0	0	1
115268	9330.2	8361	7.1	0	142.3	9240	1	1108	0	0	1
115353	9634.9	8739.7	8.5	0	128.5	9246	1	801	0	0	1
115421	9622.5	8747.1	6.9	0	127.8	9251	1	954	0	0	1
115550	9627.5	8753.1	24.7	0	113.7	9260	1	180	0	0	1
115635	9593.7	8757.2	12.3	0	122.9	9266	1	486	0	0	1
115868	9307	8540.8	8.5	0	169.7	9282	1	1354	0	0	1
115911	9590.6	8818.8	8.7	0	148.7	9285	1	1147	0	0	1
115923	9548	8898.7	32	0	150.2	9286	1	230	0	0	1
116037	9622.9	8771.4	26.7	0	124.5	9296	1	166	0	0	1
116124	9626.7	8748.7	8.5	0	127.2	9302	1	858	0	0	1
116184	9610	8741.4	10.8	0	126.5	9307	1	475	0	0	1
116260	9627.3	8826.2	11	0	151.4	9311	1	946	0	0	1
116266	9625.2	8784.9	14.4	0	142.5	9312	1	461	0	0	1
116297	9623.3	8756.9	12.2	0	118.2	9314	1	336	0	0	1
116337	9628.3	8768.4	17.8	0	119.7	9317	1	239	0	0	1
116458	9502.2	8716.3	9.3	0	158.5	9325	1	1113	0	0	1
116507	9636.3	8749.1	10.7	0	128.9	9329	1	667	0	0	1
116725	9633.2	8713.1	10.8	0	147.3	9346	1	808	0	0	1
116747	9657.2	8749.6	23.3	0	135.3	9349	1	178	0	0	1
116774	9734.7	8831.2	8.7	0	138	9352	1	716	0	0	1
117002	9623	8772.5	10.7	0	139.5	9370	1	1061	0	0	1
117085	9678.7	8551.3	14.8	0	169.6	9378	1	684	0	0	1
117249	9640	8768.8	8.7	0	137.2	9392	1	733	0	0	1
117255	9651.9	8740.3	18.2	0	136.1	9393	1	300	0	0	1
117405	9637.4	8771.5	19.7	0	122.1	9404	1	251	0	0	1
117462	9626.8	8787.8	9	0	148.3	9408	1	1157	0	0	1
117534	9611.6	8753.8	10	0	141	9415	1	779	0	0	1
117648	9623.5	8726.4	7.3	0	136.4	9424	1	1017	0	0	1
117681	9625.2	8757.2	15.2	0	137.3	9427	1	484	0	0	1
117694	9614.6	8732.7	7.7	0	150.6	9428	1	1164	0	0	1
117708	9631.2	8716.9	9.5	0	156	9429	1	1115	0	0	1
117801	9637.5	8744.9	10.4	0	134.4	9437	1	845	0	0	1
117849	9629.7	8761.8	14.2	0	115	9441	1	299	0	0	1
117927	9586	8733.7	14.8	0	151.5	9446	1	765	0	0	1
117951	9605.8	8751.6	10.6	0	143.1	9447	1	974	0	0	1
118128	9616.9	8743	9.8	0	137.3	9462	1	721	0	0	1
118186	9646.7	8776.1	29.7	0	127.4	9466	1	167	0	0	1
118278	9203.7	8307.7	10.4	0	164.2	9475	1	1305	0	0	1
118323	9607.4	8710	24.5	0	103.2	9479	1	129	0	0	1
118408	9615.3	8735.2	18.5	0	134.1	9486	1	271	0	0	1
118479	9593.9	8740.4	9.1	0	148.8	9492	1	1041	0	0	1
118515	9624.4	8815.1	37.7	0	136.7	9494	1	191	0	0	1
118691	9601.5	8763.1	12.5	0	138.5	9506	1	491	0	0	1
118738	9612.5	8763.1	23.3	0	126.5	9510	1	225	0	0	1
118746	9628.9	8750.4	16.7	0	138.1	9511	1	334	0	0	1
118756	9591.4	8694.4	26.7	0	108.7	9512	1	108	0	0	1
118794	9530.7	8726.7	10	0	188.1	9515	1	1475	0	0	1
118808	9419.5	8733	12.3	0	194.2	9516	1	1035	0	0	1
118973	9648.4	8510.3	8.2	0	173.1	9529	1	1990	0	0	1
119054	9444.6	8443.4	25.6	0	134.6	9536	1	158	0	0	1
119122	9636.2	8760.5	16.8	0	132.8	9541	1	374	0	0	1
119150	9679.3	8759	26.4	0	134.1	9543	1	198	0	0	1
119182	9661.9	8801.9	34.6	0	185.8	9546	1	286	0	0	1
119203	9588.4	8169.8	17.1	0	180.4	9548	1	653	0	0	1
119377	9631.6	8805.8	14.1	0	151.4	9563	1	610	0	0	1
119391	9532.9	8964.2	8.5	0	158.5	9564	1	1281	0	0	1
119419	9642.5	8743.8	12.8	0	129.5	9567	1	433	0	0	1
119456	9746.6	8702	11.8	0	199.4	9571	1	1756	0	0	1
119868	9635.5	8754.9	22.1	0	135.8	9604	1	299	0	0	1
119929	9625.8	8744.2	19.2	0	128.8	9608	1	294	0	0	1
119942	9188.9	8344.6	17.6	0	138.8	9609	1	295	0	0	1
120756	9396.5	8044.2	14.7	0	166.8	9678	1	543	0	0	1
121116	9181.1	8327.2	12.6	0	150.7	9709	1	560	0	0	1
121307	9691	8060.8	25.9	0	163.2	9725	1	450	0	0	1
122104	9490.8	8058.4	10.1	0	165.8	9787	1	1001	0	0	1
122205	9655.8	8511.1	15.8	0	181.8	9795	1	646	0	0	1
122574	9833.8	8638	20.1	0	198.1	9826	1	507	0	0	1
122683	9664.3	8491	15.7	0	147.2	9836	1	453	0	0	1
122705	9160.1	8189.7	8.8	0	150.5	9837	1	1144	0	0	1
122716	9175.2	8173	20.8	0	149.1	9838	1	314	0	0	1
122795	9575.8	8702	24.2	0	185.8	9846	1	382	0	0	1
122852	9170.2	8170.4	13.3	0	148.5	9852	1	707	0	0	1
122995	9690.5	8877	8.7	0	152.7	9863	1	1438	0	0	1
123533	9141	8827.9	7	0	176.9	9908	1	4533	0	0	1
123582	9424.5	8662	11	0	167.8	9911	1	1533	0	0	1
123593	9721	8853.6	10	0	160.5	9912	1	1205	0	0	1
123851	9455.1	8435.5	15.3	0	149.2	9934	1	380	0	0	1
124214	9479.7	8067.4	10.8	0	137.5	9964	1	558	0	0	1
124241	9516.9	8052.1	16.4	0	154.6	9965	1	498	0	0	1
124455	9458.2	8342.6	22.2	0	189.8	9982	1	511	0	0	1
124655	9683.1	8624.7	26.3	0	158.5	9997	1	213	0	0	1
124751	9367.5	8042	17	0	168.5	10006	1	406	0	0	1
125089	9181.3	8214.5	21.4	0	143.6	10034	1	341	0	0	1
125678	9660.7	8061.7	21.1	0	137.7	10078	1	266	0	0	1
126069	9208.6	8304.7	30.7	0	127.6	10108	1	133	0	0	1
126834	9572.5	8933.3	22.9	0	162.8	10169	1	295	0	0	1
126881	9709.1	8746.4	33	0	144.8	10172	1	187	0	0	1
127176	9703.1	8603.1	29.7	0	190.5	10197	1	338	0	0	1
127332	9443.7	8686.5	12.6	0	186.6	10209	1	1308	0	0	1
127412	9681.8	8455.2	26.9	0	167.3	10216	1	342	0	0	1
127424	9661.6	8434.5	11.2	0	157.6	10217	1	965	0	0	1
128525	9665	8668.1	13.5	0	147	10307	1	639	0	0	1
129267	9628.7	8734.1	8.8	0	159.9	10369	1	1090	0	0	1
129369	9839.3	8381	31.4	0	171.7	10378	1	298	0	0	1
129883	9618.5	8777.7	12.9	0	157.4	10415	1	502	0	0	1
130101	9535.1	8088.7	27.4	0	158.3	10434	1	235	0	0	1
130261	9651.1	8070.2	23.1	0	149.2	10446	1	342	0	0	1
130318	9707	8864.3	7.9	0	150.2	10451	1	1131	0	0	1
130508	9650.4	8890.8	11.5	0	168.2	10467	1	808	0	0	1
130516	9664.5	8874.8	16.4	0	154	10468	1	595	0	0	1
130598	9814.1	8669.4	17.2	0	193	10475	1	689	0	0	1
130666	9429	8221.8	20	0	134.3	10480	1	252	0	0	1
131056	9430	8701.3	7	0	155.7	10512	1	1360	0	0	1
131168	9693.6	8869	9	0	136.7	10522	1	876	0	0	1
131355	9642.7	8477	13.2	0	164.3	10540	1	732	0	0	1
131444	9189.3	8472	12.8	0	162.4	10547	1	597	0	0	1
132194	9635.4	8065.1	15.5	0	140.7	10612	1	361	0	0	1
132877	9657.9	8782.7	10.3	0	187.5	10669	1	1290	0	0	1
133042	9700.9	8651.4	13.5	0	154.7	10683	1	570	0	0	1
133247	9891.8	8324.8	17.3	0	197.2	10699	1	621	0	0	1
133730	9863.3	8672.8	26	0	171.9	10741	1	304	0	0	1
133735	9833.7	8665.6	24.7	0	197.1	10742	1	517	0	0	1
134689	9697.2	8839	10.2	0	181.3	10818	1	1210	0	0	1
134714	9725	8629.5	21.2	0	191.8	10819	1	512	0	0	1
135142	9627	8908.2	25.5	0	148.7	10856	1	211	0	0	1
135428	9746.2	8860.2	14.6	0	176.2	10883	1	758	0	0	1
135532	9671	8430.8	10.9	0	150.9	10892	1	817	0	0	1
135760	9166.8	8188.7	18.5	0	153.5	10911	1	472	0	0	1
135822	9171.1	8188.7	12.7	0	165.6	10915	1	650	0	0	1
136333	9871.8	8676.5	18.9	0	189.7	10953	1	554	0	0	1
136767	9713.9	8893.8	30.8	0	167.4	10989	1	282	0	0	1
136960	9511.4	8095.9	10.7	0	153.6	11005	1	722	0	0	1
136969	9499.2	8072.3	15.8	0	151.7	11006	1	394	0	0	1
137491	9391.3	8658.7	25	0	164.2	11047	1	361	0	0	1
137501	9394.4	8635.1	11.2	0	162	11048	1	960	0	0	1
137544	9532.1	8975.4	30.8	0	140.1	11052	1	160	0	0	1
137649	9534.4	8947.7	7.6	0	174.8	11064	1	1698	0	0	1
137751	9559	8167.2	9.4	0	192	11074	1	1511	0	0	1
137945	9540.5	8931.8	8.5	0	158.9	11092	1	980	0	0	1
138325	9406.7	7995.5	25.6	0	156.4	11122	1	374	0	0	1
138419	9566.2	8906.6	13.5	0	172.2	11130	1	844	0	0	1
138461	9392.7	8052	12.9	0	168.9	11133	1	660	0	0	1
138886	9550.9	8565.6	25.3	0	107.2	11171	1	127	0	0	1
138912	9534.8	8583.2	20	0	103.2	11173	1	220	0	0	1
138935	9587.6	8601.5	36.6	0	105.9	11176	1	126	0	0	1
139030	9477	8440.9	9.9	0	129.4	11184	1	489	0	0	1
139686	9444	8068.5	20.7	0	167.2	11242	1	522	0	0	1
139722	9178.5	8241.7	27.7	0	188.2	11245	1	397	0	0	1
139896	9600.8	8613.2	38.8	0	107.6	11258	1	84	0	0	1
140654	9428.7	8036.8	32	0	176.9	11315	1	290	0	0	1
140672	9427.5	7992.8	17	0	181.3	11316	1	569	0	0	1
141017	9418.2	8713.3	16.3	0	137.8	11347	1	379	0	0	1
141034	9440.8	8703.7	10.5	0	153.5	11348	1	859	0	0	1
141135	9393.3	8352.7	29.1	0	159	11357	1	228	0	0	1
141460	9398.9	8037.5	13.4	0	182.7	11385	1	766	0	0	1
141464	9440.3	8016.8	29.7	0	192.6	11386	1	361	0	0	1
141735	9555.2	8230.4	17.9	0	154.3	11410	1	501	0	0	1
141776	9633.4	8869.8	15.2	0	179.9	11413	1	622	0	0	1
142057	9638.6	8469.1	25	0	107.7	11436	1	111	0	0	1
142260	9692.4	8565.3	18	0	189.3	11454	1	584	0	0	1
142270	9492.4	8818.1	9.6	0	171.6	11455	1	1388	0	0	1
143176	9196.3	8492.3	9.5	0	146.2	11527	1	810	0	0	1
144013	9673.4	8631.9	14.9	0	123.5	11593	1	368	0	0	1
144285	9806.9	8347.1	10.2	0	159.3	11616	1	1083	0	0	1
144377	9566.8	8904.5	8.2	0	152.9	11624	1	1548	0	0	1
144639	9164.8	8165	14.9	0	161.8	11644	1	509	0	0	1
144651	9124.2	8192.9	20.3	0	182.6	11645	1	527	0	0	1
144769	9493.1	8088.5	15.9	0	166.2	11656	1	500	0	0	1
144778	9490.1	8054	15.4	0	157	11657	1	426	0	0	1
144796	9466.9	8443	24.8	0	149.8	11658	1	254	0	0	1
144828	9539.8	8921.7	6	0	152.6	11661	1	1709	0	0	1
144861	9492.7	8056.6	26.8	0	169.3	11664	1	285	0	0	1
145097	9638.7	8426.4	22.6	0	118.5	11684	1	191	0	0	1
145106	9664.9	8446	10.4	0	137.2	11685	1	674	0	0	1
145448	9679.5	8502.3	23.4	0	151.3	11712	1	317	0	0	1
145821	9483.8	8462.8	13.5	0	163.3	11748	1	567	0	0	1
145837	9538.5	8479.6	8.9	0	183.8	11749	1	1613	0	0	1
146073	9488	8072.3	10.9	0	170.9	11768	1	846	0	0	1
146200	9398.4	8053.8	20.3	0	191.4	11780	1	580	0	0	1
146345	9669.7	8439.6	10.5	0	149.3	11793	1	561	0	0	1
146853	9564.5	8880.5	12.7	0	147.4	11833	1	580	0	0	1
147301	9659.5	8468.7	19.6	0	146.1	11872	1	371	0	0	1
147559	9667.4	8454.4	37.3	0	131.4	11893	1	125	0	0	1
147593	9465.3	8074.5	25.4	0	160.2	11895	1	244	0	0	1
147615	9492.7	8073.6	9.8	0	167	11896	1	941	0	0	1
148458	9521.2	8962.3	9.1	0	160	11965	1	999	0	0	1
149038	9501.5	8663.7	7.1	0	172	32	2	2284	0	0	1
149057	9491.9	8704.7	9.8	0	181.9	35	2	2200	0	0	1
149062	9472.7	8379.2	11.4	0	159.6	37	2	1615	0	0	1
149530	9493.6	8696	8.9	0	163.4	130	2	1315	0	0	1
149818	9506	8721.9	7.2	0	172.2	190	2	2332	0	0	1
149851	9206.7	8493.6	6.1	0	157.7	197	2	2554	0	0	1
150124	9619.4	8747.9	3.9	0	140	266	2	3715	0	0	1
150252	9672.4	8425.8	6	0	146.2	297	2	2147	0	0	1
150849	9644.9	8041.6	4.3	0	149.9	437	3	4629	0	0	1
151648	9415.4	8444.5	2	0	155.6	628	2	10727	0	0	1
151755	9424.1	8047.3	6.7	0	178.1	656	2	3086	0	0	1
152492	9624.5	8738.7	7.3	0	135.4	827	2	1988	0	1	1
152881	8991.5	8339	5	0	181	925	2	3244	0	0	1
153338	9460.9	8434.2	5.1	0	146.2	1039	2	2672	0	0	1
153579	9478.4	8059	6.6	0	144	1107	4	1855	0	1	1
153599	9446.8	8445.8	4	0	153.6	1113	3	3910	0	0	1
153630	9467.6	8061.1	10.8	0	147.1	1125	2	743	0	2	1
154371	9129.4	8834	3.2	0	161.8	1321	3	6844	0	0	1
154742	9643.4	8037.6	5.8	0	160.4	1417	3	2560	0	0	1
154919	9698.5	8847	4.1	0	141.6	1466	2	3269	0	0	1
155217	9462.7	8062.4	3.5	0	156.9	1544	6	7665	0	2	1
155371	9611.3	8723.7	5.3	0	160.7	1584	2	2739	0	0	1
155421	9449.9	8065.2	7.8	0	142.9	1601	2	914	0	1	1
155452	9408.1	8223	5.6	0	153.7	1607	2	3036	0	0	1
155509	9480.4	8058.2	4.7	0	155.5	1621	2	2573	0	0	1
155615	9667.2	8074.5	8.4	0	162.6	1653	2	1622	0	0	1
156005	9564.9	8450.6	4.2	0	164.7	1758	2	3580	0	0	1
156559	9181.7	8494.1	4.2	0	165.7	1911	3	4419	0	0	1
156721	9477.2	8086.7	6.8	0	150.5	1954	2	2182	0	0	1
157290	9529.3	8461.7	5.3	0	178.9	2099	2	4654	0	0	1
157460	9621.9	8861.3	3.8	0	159.6	2151	3	10133	0	0	1
157781	9512.3	8691.9	7.8	0	179.5	2251	2	2050	0	1	1
157949	9397	8230.1	7.7	0	149	2300	2	1364	0	0	1
158752	9317.5	8361.3	6.9	0	142.1	2497	2	1569	0	0	1
158894	9560.6	8684.6	6	0	151.3	2531	2	1945	0	0	1
159440	9648.4	8727.8	4	0	188	2673	2	10620	0	0	1
159537	9621.5	8765.2	11.8	0	122.5	2697	2	454	0	2	1
159801	9631	8757.8	4.5	0	141.9	2772	3	3896	0	0	1
159915	9615.6	8756	8	0	142.8	2800	2	1280	0	2	1
159933	9643.4	8803.8	15	0	144.8	2807	2	538	0	1	1
159990	9618.8	8764.9	12	0	154.3	2820	2	945	0	1	1
160107	9204.3	8346.5	5.9	0	154.2	2853	7	4459	0	1	1
160265	9656.3	8755.5	11	0	150.3	2893	2	894	0	2	1
160398	9626.3	8755.8	6.5	0	150	2932	2	1433	0	2	1
160404	9626.2	8814.3	13.7	0	159.1	2934	2	763	0	1	1
160721	9651.5	8794.7	10.9	0	164.2	3023	2	1265	0	0	1
160822	9468.3	8451.8	4.6	0	149.3	3049	3	6502	0	1	1
161306	9617.5	8749.5	8.2	0	140.5	3180	2	864	0	0	1
161479	9637.7	8775.8	12.7	0	152.5	3228	2	698	0	0	1
161635	9633.9	8773.4	11.4	0	170.2	3272	2	1116	0	1	1
161774	9610.6	8769	9	0	147.8	3312	2	892	0	0	1
161789	9662.1	8463	10.6	0	158.9	3315	2	904	0	0	1
162231	9448.9	8704.1	6.4	0	140.7	3441	2	2013	0	0	1
162304	9692.4	8668.3	4.5	0	164.8	3459	3	5071	0	0	1
162486	9467.5	8071.8	8.9	0	150.1	3524	2	1252	0	0	1
162521	9153.4	8182.3	5.4	0	140.6	3535	2	1522	0	0	1
162951	9673.9	8457.1	5	0	146.7	3654	2	3064	0	0	1
163346	9505.3	8812.7	7.6	0	162.8	3774	2	2229	0	0	1
164139	9426.1	8305.1	6.1	0	182.5	3995	2	3957	0	0	1
164192	9332.9	8345.6	5.2	0	156.7	4012	2	3144	0	0	1
164199	9322.6	8370.2	4.9	0	153	4014	2	2162	0	0	1
164290	9661.8	8794.5	7.8	0	188.5	4036	2	1936	0	0	1
164335	9473.3	8722.8	8.4	0	161.2	4046	2	2358	0	0	1
166132	9665.8	8883.8	5.7	0	168.2	4589	2	2111	0	0	1
166216	9651.3	8438.6	7.6	0	151.2	4615	2	1322	0	0	1
166651	9423.2	8450.5	3.8	0	135.7	4737	4	4757	0	0	1
168139	9819	8353.3	8	0	152.2	5148	2	2547	0	0	1
168333	9099.6	8724.5	6.1	0	150.2	5202	2	2091	0	0	1
168932	9327	8043.7	6.7	0	167.8	5366	3	2508	0	0	1
169215	9328.7	8476.6	7.4	0	174.2	5439	2	1847	0	0	1
169306	9444.1	8697.8	7.1	0	148.7	5464	2	2319	0	0	1
169507	9028.5	8439	6.7	0	157.9	5522	2	1203	0	0	1
169699	9632.9	8763.3	8.7	0	165.9	5575	2	2121	0	0	1
170514	9638.6	8416.3	4.9	0	167.5	5797	3	8268	0	0	1
170658	9116.4	8722.4	4.2	0	151.4	5834	4	7651	0	0	1
170792	9449.9	8701.4	8.5	0	145.7	5872	3	1293	0	0	1
171234	9323.8	8461.3	5.4	0	164.3	5991	2	2695	0	0	1
172281	9454.9	8464.5	8	0	154.9	6293	2	1131	0	0	1
172319	9529.3	8833.5	6.5	0	157.1	6303	3	3471	0	0	1
172840	9488.1	8073.4	6.1	0	153.3	6447	2	1931	0	0	1
173016	9470.9	8451.1	6.9	0	140.9	6495	2	1247	0	0	1
173365	9468.5	8446.7	4.9	0	151.3	6591	2	2605	0	0	1
174283	9473.7	8063.1	6.4	0	152.9	6859	2	1616	0	0	1
177065	9509.4	8832.7	10.6	0	161.8	7691	2	1102	0	0	1
177976	9665.6	8485.7	3.7	0	170.1	7956	2	6384	0	0	1
178586	9633.4	8732.6	4.6	0	171.2	8151	4	9993	0	4	1
178588	9646	8766.9	7.7	0	171.6	8153	3	1787	0	2	1
178646	9640.5	8747.6	6.9	0	176.5	8172	3	6819	0	0	1
178830	9638.1	8764.4	7.8	0	161.1	8229	3	4792	0	0	1
179525	9526.4	8816.4	5.1	0	164.2	8430	2	2214	0	0	1
179662	9626.4	8771.2	6.8	0	177.9	8470	2	2439	0	0	1
179699	9685.9	8809.4	7.5	0	159.3	8479	2	1997	0	0	1
179962	9114.6	8722.7	7.6	0	158.5	8553	2	2745	0	0	1
180102	9436.7	8699.2	6.5	0	157.3	8600	2	2093	0	0	1
180278	9702.5	8870.7	5.4	0	140.3	8648	2	2942	0	0	1
180796	9686.8	8399.9	8.2	0	144.6	8806	2	980	0	0	1
180804	9674.3	8392.7	4.4	0	144.8	8808	4	4295	0	1	1
180866	9720	8837.1	3.3	0	150.9	8827	3	5094	0	0	1
181767	9640.4	8760.2	6.8	0	134.7	9090	2	1211	0	2	1
181793	9620.3	8751.9	5.4	0	127.3	9098	2	1160	0	0	1
181808	9612.6	8752.6	6.3	0	132.5	9103	2	1167	0	0	1
181837	9637.3	8629.5	7.7	0	188.6	9109	3	2214	0	1	1
181858	9602.5	8762.6	9.9	0	129.4	9115	2	610	0	2	1
181863	9634.5	8756.3	8.1	0	129.5	9116	2	1159	0	0	1
181887	9626.3	8745.9	4.2	0	134.5	9123	5	3246	0	0	1
181952	9619.8	8756.9	5	0	127.7	9142	5	2682	0	1	1
181985	9621.3	8719.9	8.4	0	137.9	9149	2	1579	0	0	1
182042	9634.7	8728.8	9.8	0	135.8	9162	2	695	0	0	1
182055	9623.6	8752.7	3.7	0	134.5	9164	8	5374	0	3	1
182174	9623.8	8749.7	6.3	0	132.1	9198	2	1387	0	2	1
182186	9610.1	8785	7.1	0	145.8	9200	2	1479	0	2	1
182209	9625.3	8753.3	6	0	134.7	9205	2	1262	0	1	1
182243	9622.9	8753.1	3	0	127.9	9212	9	5973	0	3	1
182301	9616.6	8751.7	5	0	132.9	9227	5	3478	0	2	1
182335	9628.8	8745.2	5.7	0	131.4	9236	2	1461	0	0	1
182363	9626.3	8755.1	6.8	0	128.2	9243	2	1093	0	1	1
182384	9620.4	8748.2	7.1	0	130.1	9247	4	1902	0	0	1
182441	9617.4	8756.6	5	0	131	9267	3	1521	0	0	1
182477	9620.5	8749.1	5.3	0	134.8	9276	5	2594	0	3	1
182555	9622.2	8752	10.2	0	124.3	9290	2	718	0	2	1
182569	9321.6	8445.7	10	0	169	9294	2	1003	0	0	1
182582	9624.8	8746.8	7.4	0	143.1	9297	2	1455	0	0	1
182590	9599.5	8749.7	11.1	0	138.1	9299	2	754	0	1	1
182633	9625.1	8745.1	5.3	0	137.2	9313	7	3971	0	5	1
182678	9602	8772.5	11.5	0	145.6	9328	2	673	0	1	1
182691	9619.9	8752.3	6.2	0	134.2	9332	3	1800	0	0	1
182714	9616	8745.5	4.4	0	132.8	9338	2	1725	0	0	1
182721	9625.8	8749.7	3.3	0	130.4	9340	9	5935	0	3	1
182791	9618.9	8750.3	5.4	0	142.7	9362	4	2493	0	1	1
182832	9623.7	8747.4	5.1	0	131.8	9371	4	2312	0	0	1
182844	9626.4	8746.3	3.9	0	131.8	9375	5	2910	0	2	1
182885	9621.7	8747.9	3.4	0	131.2	9386	7	5076	0	5	1
182960	9616.4	8755.5	5.1	0	128.5	9406	2	1523	0	0	1
182999	9628.6	8745.6	4.8	0	128.3	9417	2	1579	0	1	1
183015	9644.8	8748.2	8.2	0	143.1	9422	2	1739	0	0	1
183065	9619.5	8735.7	7.8	0	130.8	9436	2	730	0	1	1
183087	9610.6	8748.7	7.4	0	136.4	9442	2	1540	0	0	1
183115	9633.4	8745.9	5.5	0	133	9451	4	2587	0	2	1
183151	9636	8753.4	5.1	0	143.1	9460	4	2302	0	1	1
183179	9622.7	8754.9	6.2	0	131.7	9468	3	1438	0	2	1
183230	9621.7	8755.6	6.7	0	132.7	9484	2	1318	0	0	1
183269	9629.5	8747.4	5.5	0	132	9497	2	1249	0	0	1
183341	9616.9	8748	5.5	0	133.3	9520	4	2076	0	1	1
183359	9632.1	8745.2	5.7	0	134.6	9525	2	1720	0	2	1
183363	9615.8	8761.7	9.6	0	134.3	9526	2	600	0	0	1
183379	9654	8437.2	3.5	0	163.2	9530	3	15397	0	0	1
183390	9654.6	8467.9	4.1	0	172	9533	2	5836	0	0	1
183425	9612.8	8762.8	5.6	0	134.8	9544	3	1580	0	1	1
183453	9621	8750.8	5.6	0	129.7	9551	3	1932	0	1	1
183466	9627.2	8739.3	7.1	0	134	9556	2	1264	0	0	1
183471	9619.7	8765.1	8	0	134.9	9558	3	1317	0	2	1
183496	9617.4	8745.4	4.9	0	134.9	9565	2	1372	0	0	1
183546	9625.2	8749.9	5.3	0	130.1	9580	8	3141	0	5	1
183586	9623.9	8748.6	4.9	0	132.6	9593	3	1923	0	0	1
183623	9617.3	8747.9	4.3	0	138.8	9601	2	1894	0	1	1
183660	9045.4	8462.6	4.8	0	167.9	9614	3	2930	0	0	1
183677	9627.4	8748.7	5.8	0	119.6	9620	2	989	0	0	1
184002	9664.4	8052.7	5.8	0	155.8	9722	3	2469	0	0	1
184400	9532.6	8658.7	7.8	0	195.8	9844	2	1910	0	0	1
184711	9449	8421	4	0	152.1	9931	3	5033	0	0	1
185109	9680.3	8413.5	3.9	0	157.3	10043	2	3158	0	0	1
185357	9629	8731.4	6.9	0	160.8	10124	2	1857	0	2	1
185392	9328.4	8365.7	4.2	0	142.3	10133	2	4992	0	0	1
185416	9619.6	8714.2	4.5	0	158	10140	3	3352	0	0	1
185985	9646.2	8677.5	5.2	0	144.6	10312	2	2237	0	0	1
186044	9508.1	8056.3	9	0	154	10333	2	1503	0	0	1
186338	9649	8749.5	6.8	0	173.8	10416	2	1973	0	0	1
186742	9405.5	8438	5.2	0	151	10534	2	1815	0	0	1
186981	9658.7	8042.6	4.1	0	153	10609	3	3244	0	0	1
187279	9316.6	8376.8	6.2	0	149.8	10707	2	3124	0	0	1
188015	9686.7	8540.8	8.1	0	167.4	10950	2	1271	0	0	1
188129	9494.6	8075.4	10.7	0	146.1	10987	2	646	0	0	1
188869	9681.5	8536.7	8	0	162.2	11222	2	1808	0	0	1
188927	9480.9	8075.6	3.3	0	156.7	11239	3	4386	0	0	1
189015	9548.3	8924.9	6.7	0	162.9	11275	2	1484	0	0	1
189464	9632.8	8848.4	5.4	0	173.2	11397	3	3357	0	0	1
189600	9110.3	8723.7	7	0	163.3	11431	2	1210	0	0	1
190219	9561.5	8888	3.2	0	151.9	11619	5	10119	0	0	1
190574	9666.9	8533.3	18.3	0	109.2	11732	2	188	0	0	1
191161	9624.7	8700.4	8.5	0	182.7	11907	2	2042	0	0	1
Orientation 	1
ROI width 	1005
ROI height 	1005
ROI x1 	8950
ROI x2 	9955
ROI y1 	7990
ROI y2 	8995
1
