Index	X	Y	Precision	SEM	PSF	First_Frame	N_detections	Photons	Intensity	Frames_missing	Channel
964	13497.1	12324.5	27.6	0	111.2	52	1	271	0	0	1
1840	13347.7	12343.2	17.3	0	141.4	105	1	758	0	0	1
2027	13051.8	12089.8	48.2	0	137.6	115	1	251	0	0	1
2447	13836.9	12059.8	18.8	0	162.4	142	1	732	0	0	1
2673	13599.1	12303.6	23.2	0	195	155	1	823	0	0	1
2714	13775.1	12372.3	15	0	172.3	158	1	1213	0	0	1
3422	13193.2	12485.4	22.5	0	142.9	204	1	671	0	0	1
4520	13813	12066.7	11.5	0	190.2	274	1	1544	0	0	1
4537	13852.3	12081.1	17.5	0	167.7	275	1	761	0	0	1
5431	13159.9	12637.5	21.7	0	118.1	338	1	369	0	0	1
5473	13737.8	12279.7	9.7	0	163.7	341	1	1638	0	0	1
5502	13734.4	12238.6	21.4	0	162.2	344	1	856	0	0	1
5604	13496.1	12340.7	43.5	0	108.7	353	1	165	0	0	1
5814	13818.8	12382.9	16.4	0	184.9	368	1	1754	0	0	1
6127	13854.3	12367.8	32.9	0	141.5	390	1	296	0	0	1
6149	13610.8	12325.7	15.9	0	132.4	393	1	1037	0	0	1
7005	13596.3	12330.7	13.3	0	154.2	450	1	1563	0	0	1
7024	13564.7	12342.7	14.9	0	159.3	451	1	817	0	0	1
7267	13837	12442.4	16.3	0	144.9	469	1	781	0	0	1
7280	13809.8	12448.9	14.6	0	136.8	470	1	946	0	0	1
7296	13827.7	12478.9	17.5	0	133.1	471	1	639	0	0	1
7503	13029.2	12113	10.7	0	149.4	485	1	840	0	0	1
7558	13882.1	12544.7	18.2	0	190.9	488	1	988	0	0	1
7611	13549.7	12277.2	34.3	0	166.4	491	1	355	0	0	1
8017	13758.3	12405.9	32.9	0	134.5	519	1	227	0	0	1
8124	13688.6	11973.4	22.4	0	155	528	1	689	0	0	1
8133	13710.2	11969.5	16	0	174.7	529	1	1195	0	0	1
8270	13744.9	12265.8	12.5	0	140.3	539	1	1110	0	0	1
8281	13747.4	12243.7	16	0	146.9	540	1	1231	0	0	1
9233	13558.7	12296.9	10.8	0	154.2	605	1	1615	0	0	1
9403	13879.7	12477.9	30.3	0	181.6	617	1	606	0	0	1
10239	13854.5	12341.9	21.7	0	195.7	682	1	1151	0	0	1
11045	13817.4	12340.1	19.7	0	153.4	742	1	706	0	0	1
11116	13500.2	12351.7	20.1	0	133.8	747	1	612	0	0	1
11490	13559.8	12271.6	15.9	0	163.1	774	1	928	0	0	1
11608	13806.4	12345.1	12.8	0	171.7	784	1	1372	0	0	1
12439	13804.8	12436.3	15.8	0	150.7	847	1	1026	0	0	1
12924	13844.3	12044.8	18.8	0	192.9	884	1	1309	0	0	1
13079	13847.6	12045.4	13.4	0	177.2	899	1	1382	0	0	1
13089	13831.5	12031.1	16	0	177.8	900	1	943	0	0	1
13285	13610.7	12317.4	30.7	0	120.1	917	1	220	0	0	1
14254	13656.2	12288.4	15.3	0	147.4	999	1	1141	0	0	1
15950	13225.3	12049	12	0	185.2	1139	1	1479	0	0	1
16546	13046.6	12106.7	6.5	0	151.1	1187	1	2778	0	0	1
17024	13519	12578.3	12.7	0	172.3	1225	1	1292	0	0	1
17037	13548.8	12561	34.4	0	189.2	1226	1	486	0	0	1
17213	13800.8	12515.3	10.4	0	158.3	1239	1	1425	0	0	1
17550	13566.2	12283.7	11.3	0	155.3	1264	1	1244	0	0	1
17961	13943.2	12227.5	13.7	0	159.9	1296	1	922	0	0	1
18003	13586.2	12292.1	17.4	0	152.4	1299	1	796	0	0	1
18086	13815.1	12317.4	19.6	0	189.3	1307	1	1029	0	0	1
18218	13783	12286.5	11.3	0	192.5	1317	1	1970	0	0	1
18276	13770.1	12402.2	10.2	0	177.5	1322	1	3561	0	0	1
18370	13850.6	12422.1	17.1	0	167.5	1330	1	1190	0	0	1
18378	13834.5	12439.3	7.1	0	149.4	1331	1	2355	0	0	1
18390	13833.2	12398	22.3	0	182.8	1332	1	773	0	0	1
18474	13755	12429.5	14.9	0	165	1340	1	721	0	0	1
18582	13829.8	12364.8	25.7	0	149.9	1351	1	501	0	0	1
18636	13336.8	12428.3	10.7	0	138.2	1355	1	686	0	0	1
19133	13824.5	12413.1	14.5	0	151.6	1399	1	782	0	0	1
19970	13716	12298.4	8.8	0	162.4	1467	1	1180	0	0	1
20205	13802.9	12561.7	8.6	0	145.6	1488	1	1218	0	0	1
20378	13453.4	12691.1	20.1	0	168.1	1502	1	520	0	0	1
20417	13499.3	12794	18.3	0	175.9	1506	1	486	0	0	1
20528	13025.4	12104.5	11.6	0	160.7	1515	1	1185	0	0	1
20802	13809.9	12411.8	7.2	0	150.8	1534	1	1547	0	0	1
20814	13781.2	12413	4.8	0	159.1	1535	1	3660	0	0	1
20829	13759.5	12433.6	6.4	0	155.6	1536	1	2095	0	0	1
20965	13504.5	12317.1	10.1	0	140.5	1548	1	622	0	0	1
20980	13505.5	12340.4	10.4	0	128.5	1549	1	570	0	0	1
21150	13804.8	12042.5	14.2	0	140.8	1563	1	513	0	0	1
21445	13836.2	12478.7	16.7	0	189.3	1588	1	1305	0	0	1
21455	13807.8	12489.7	17.6	0	185.3	1589	1	1017	0	0	1
21536	13812.3	12403.6	6.8	0	160.8	1596	1	1583	0	0	1
21551	13528.6	12350.5	13.4	0	139.8	1597	1	496	0	0	1
21932	13185.7	12494.3	19.7	0	120	1629	1	329	0	0	1
21941	13495.9	12377.3	15.3	0	163.9	1630	1	660	0	0	1
22048	13900.7	12266.2	27	0	168.4	1638	1	293	0	0	1
22254	13510.2	12602	16.3	0	166.9	1655	1	693	0	0	1
22285	13834	12411.1	14.6	0	138.5	1658	1	487	0	0	1
22805	13801.3	12462.8	14.8	0	154	1703	1	492	0	0	1
22959	13796.5	12368.3	20.4	0	187.6	1717	1	603	0	0	1
23152	13823	12381.5	25.3	0	141.8	1734	1	275	0	0	1
23162	13800.9	12078.4	11.3	0	146.7	1735	1	646	0	0	1
23215	13808.4	12406	6	0	157.6	1740	1	2152	0	0	1
23460	13806.9	12406	20.6	0	163.1	1761	1	392	0	0	1
23550	13724.6	12360.5	21.8	0	167.3	1768	1	457	0	0	1
23652	13796.9	12441.2	20.7	0	178	1776	1	455	0	0	1
23704	13845.9	12405.5	9.6	0	144.7	1780	1	958	0	0	1
23780	13663.5	12356.6	15.4	0	190	1785	1	1401	0	0	1
23811	13771.8	12442.4	16.1	0	167.9	1787	1	524	0	0	1
23882	13829.8	12279.6	5.9	0	171.3	1793	1	3100	0	0	1
23896	13819.4	12261.5	9.8	0	196.7	1794	1	1635	0	0	1
23910	13792.9	12463.3	15	0	160.9	1795	1	566	0	0	1
23970	13817.3	12473.5	15.9	0	167.9	1800	1	628	0	0	1
24052	13802.5	12487.9	13.4	0	174.6	1808	1	884	0	0	1
24069	13776.4	12507.1	24.9	0	150	1809	1	272	0	0	1
24091	13832.6	12597.6	35.5	0	145.6	1810	1	178	0	0	1
24132	13848.5	12538.8	23.1	0	180.2	1814	1	552	0	0	1
24187	13831.7	12546.9	18.6	0	193.6	1818	1	1499	0	0	1
24258	13672.1	12388.2	16.1	0	148.9	1823	1	436	0	0	1
24512	13745.4	12448.7	25.9	0	128.7	1845	1	198	0	0	1
24707	13774	12454.1	12.4	0	155.6	1863	1	1053	0	0	1
24731	13827.8	12503.5	16	0	179	1865	1	613	0	0	1
24745	13834.9	12467.7	12.5	0	170.7	1867	1	852	0	0	1
24877	13708.4	12363.4	34.1	0	160.4	1878	1	277	0	0	1
25114	13558	12372.8	24.2	0	160.1	1895	1	294	0	0	1
25328	13026	12446	10.7	0	136.1	1915	1	652	0	0	1
25583	13577.7	12320.3	8.7	0	140.8	1937	1	931	0	0	1
25762	13523	12365.9	8.3	0	142.8	1953	1	1095	0	0	1
26219	13802.2	12435.7	22	0	167.1	1989	1	615	0	0	1
26231	13806.1	12412.3	15.8	0	156.3	1990	1	719	0	0	1
26285	13129.7	12653.6	30.1	0	140.5	1995	1	222	0	0	1
26485	13117.6	12050.8	30	0	198.8	2012	1	507	0	0	1
26720	13798.6	12092.6	11.1	0	150.5	2034	1	857	0	0	1
27127	13189.6	12502.7	16.5	0	161.3	2068	1	477	0	0	1
27145	13141	12484.4	29.1	0	126.9	2069	1	153	0	0	1
27292	13834.1	12452.2	20	0	165.7	2081	1	367	0	0	1
27360	13753.5	11996.6	28.4	0	102.5	2086	1	149	0	0	1
27410	13193	12101.5	21.6	0	157.1	2091	1	384	0	0	1
27491	13583.5	12331.1	36.6	0	173.1	2098	1	325	0	0	1
27820	13791.1	12486.8	7.4	0	160.9	2126	1	2228	0	0	1
28020	13776.5	12447.9	32.5	0	151.2	2141	1	197	0	0	1
28073	13178.2	12522	8.1	0	147.8	2146	1	1126	0	0	1
28157	13507	12296.7	27	0	135.4	2151	1	201	0	0	1
28480	13845.9	12435.3	21.7	0	178.2	2181	1	518	0	0	1
28490	13800	12394.8	15.4	0	149.8	2182	1	617	0	0	1
28508	13783.8	12274.9	32.2	0	149.8	2183	1	244	0	0	1
28678	13817.1	12448.9	17.5	0	133.9	2198	1	345	0	0	1
28690	13854.3	12451.7	17.5	0	169.9	2199	1	796	0	0	1
28769	13870.1	12448.8	12.7	0	184.6	2208	1	1266	0	0	1
28781	13810.3	12478.7	9.6	0	160.2	2209	1	1217	0	0	1
28800	13783.8	12530.2	13.3	0	155.2	2210	1	801	0	0	1
28836	13677.8	12355.5	40.9	0	189.9	2212	1	353	0	0	1
29412	13727.3	12424.3	29.6	0	148.6	2259	1	230	0	0	1
29761	13178.1	12130.4	22.8	0	171.3	2284	1	543	0	0	1
29929	13496.9	12339.1	11.7	0	147.8	2295	1	750	0	0	1
29981	13212.4	12098.6	18.5	0	168.5	2298	1	607	0	0	1
30018	13855.7	12062.7	23	0	163	2300	1	493	0	0	1
30082	13699	11989.7	13.5	0	151.2	2305	1	780	0	0	1
30155	13552.3	12373.1	8.2	0	148.2	2310	1	1352	0	0	1
30415	13799.2	12126.7	19.9	0	173	2329	1	743	0	0	1
30491	13068.2	12534.3	41.4	0	125	2333	1	162	0	0	1
30634	13528.9	12371.2	12.1	0	150.5	2343	1	699	0	0	1
31299	13579.1	12324.5	11.3	0	180.5	2394	1	2217	0	0	1
31815	13819.9	12255.7	10.6	0	157.7	2432	1	933	0	0	1
31973	13748	12237.2	16	0	191.4	2444	1	766	0	0	1
32080	13545.3	12340.7	10.9	0	178.7	2452	1	1201	0	0	1
32745	13693.2	12299.6	11.3	0	152.3	2502	1	746	0	0	1
33646	13802.5	12233.3	13.8	0	170.5	2572	1	975	0	0	1
33682	13747.6	12306.2	23.7	0	177.7	2574	1	396	0	0	1
33690	13736.6	12286.6	9.8	0	166.5	2575	1	1104	0	0	1
34031	13738.5	12306.7	30.1	0	133	2600	1	175	0	0	1
34055	13842.6	12274.8	22.2	0	173.6	2602	1	457	0	0	1
34296	13657.6	12375.8	12.3	0	164.5	2622	1	1356	0	0	1
34313	13642.9	12343.2	6.5	0	167.3	2623	1	2458	0	0	1
34324	13721.6	12392.5	5.2	0	191.2	2624	1	4904	0	0	1
34335	13766.3	12399	4.4	0	183.3	2625	1	5727	0	0	1
34359	13818.1	12444.8	20.1	0	187.3	2626	1	631	0	0	1
34559	13463	12615.9	45.6	0	109.8	2645	1	142	0	0	1
35170	13466.5	12693.4	20.7	0	161.8	2696	1	461	0	0	1
35188	13801.8	12068.9	15.7	0	155.1	2698	1	538	0	0	1
35262	13797.9	12377.2	21.3	0	156.4	2704	1	364	0	0	1
35268	13761.9	12385.6	17.4	0	148.7	2705	1	466	0	0	1
35294	13741.1	12376.8	20.9	0	152	2706	1	424	0	0	1
35306	13797.1	12346.9	18	0	190.3	2707	1	700	0	0	1
35501	13822.7	12441.3	7.2	0	179.6	2723	1	2432	0	0	1
35716	13178.2	12629.8	11.4	0	167.9	2740	1	805	0	0	1
35841	13720	12340.4	20.4	0	165.2	2750	1	445	0	0	1
35855	13778.7	12291.1	18.9	0	158.6	2751	1	427	0	0	1
35931	13790.8	12396.6	15.1	0	171.3	2758	1	767	0	0	1
35952	13790.7	12450.4	26.7	0	161.8	2759	1	401	0	0	1
36359	13783.1	12542.9	39.6	0	121.9	2792	1	141	0	0	1
36587	13756.2	12378.1	8.1	0	169	2811	1	1959	0	0	1
36715	13374.6	12371.2	20.9	0	159.4	2821	1	526	0	0	1
36852	13539.6	12353.1	11.9	0	172.9	2831	1	1028	0	0	1
37304	13633.3	12354.4	12.8	0	163.9	2866	1	723	0	0	1
37321	13780.2	12360.9	14.5	0	173.6	2867	1	816	0	0	1
37543	13521.4	12318.8	16	0	143.9	2883	1	488	0	0	1
37757	13542.6	12329.1	19.4	0	150.8	2900	1	305	0	0	1
37999	13783.6	12561	10.9	0	161.7	2921	1	978	0	0	1
38519	13731.2	12297.7	14.9	0	184.2	2963	1	805	0	0	1
38646	13836.4	12257.3	9.4	0	151.1	2973	1	935	0	0	1
38777	13512.7	12314.2	23.8	0	157.2	2984	1	464	0	0	1
38870	13207.9	12644.8	20.4	0	149.1	2992	1	354	0	0	1
38986	13840.2	12410	9.4	0	152.2	3002	1	1235	0	0	1
39107	13496.6	12337.8	9.5	0	147.8	3012	1	1007	0	0	1
39703	13588.8	12334.8	8.4	0	160.4	3062	1	1794	0	0	1
39896	13582.6	12365	16.2	0	187.3	3080	1	989	0	0	1
40374	13528.1	12376.6	9.3	0	138.2	3116	1	804	0	0	1
40544	13533	12366	15.5	0	140	3130	1	400	0	0	1
40849	13735.5	12328.9	16.3	0	149.4	3158	1	493	0	0	1
41039	13188.1	12505.3	16.6	0	145.8	3175	1	357	0	0	1
41233	13510.3	12322.2	9.3	0	151.7	3191	1	887	0	0	1
41492	13472.3	12696.8	22.2	0	164.1	3212	1	347	0	0	1
41498	13453.4	12707.1	16.4	0	159.4	3213	1	515	0	0	1
41528	13055.7	12489.8	12.6	0	152.4	3217	1	1427	0	0	1
41862	13818.6	12245	9.2	0	146.6	3246	1	841	0	0	1
42216	13780.7	12360.5	34.6	0	178	3276	1	259	0	0	1
42301	13715.8	11983.1	10.1	0	149.7	3285	1	780	0	0	1
42401	13760.9	12554.3	25.5	0	156.1	3293	1	333	0	0	1
42407	13791.7	12560.6	9.7	0	157.2	3294	1	1034	0	0	1
42488	13798.2	12230.7	20.5	0	149.4	3301	1	400	0	0	1
42621	13575.2	12324.2	8.3	0	154.5	3313	1	1227	0	0	1
42645	13745.6	12020.7	35	0	167.7	3314	1	267	0	0	1
42745	13778.1	12447.2	9.2	0	158.2	3324	1	1661	0	0	1
42828	13734.4	11951.1	16.9	0	162	3330	1	478	0	0	1
43346	13532	12763.8	22.6	0	190.7	3373	1	477	0	0	1
43920	13841.4	12448.3	33.3	0	126.5	3421	1	180	0	0	1
44038	13534.3	12347.9	7.3	0	149.2	3432	1	1405	0	0	1
44261	13774.5	12387.3	25	0	158.5	3449	1	385	0	0	1
44616	13756.9	12421.3	12.5	0	151.3	3477	1	603	0	0	1
44725	13224.3	12608.6	31.9	0	116.3	3486	1	124	0	0	1
44814	13730.3	12404.6	6.3	0	164.8	3495	1	2690	0	0	1
44831	13750.6	12399.3	11.9	0	178	3496	1	913	0	0	1
45135	13794.9	12371.8	28.6	0	138.8	3522	1	208	0	0	1
45160	13814.7	12382.4	8.8	0	145.1	3525	1	869	0	0	1
45399	13553	12328.4	11.6	0	133.3	3547	1	579	0	0	1
45411	13513.2	12310.9	9.3	0	157.4	3548	1	1176	0	0	1
46267	13002.6	12271.3	42.1	0	132.3	3621	1	184	0	0	1
47571	13624.5	12355.7	7.5	0	155.1	3739	1	1462	0	0	1
47797	13426.1	12680.3	25.1	0	177	3756	1	374	0	0	1
48067	13606.7	12175.3	19.6	0	184.8	3781	1	406	0	0	1
48498	13787	12116.1	16.7	0	142.3	3817	1	378	0	0	1
48630	13640.9	12308.5	22.5	0	167.4	3830	1	350	0	0	1
49064	13810.2	12412.9	7.1	0	157.4	3869	1	1443	0	0	1
49201	13815.7	12480.1	7.9	0	147	3880	1	1216	0	0	1
49254	13391.3	11853.6	29.6	0	198.9	3883	1	389	0	0	1
49617	13370.2	12363.4	11.6	0	154.3	3915	1	835	0	0	1
50125	13342.9	12419.5	9.9	0	154.2	3961	1	899	0	0	1
50378	13731.5	12352.3	21	0	131.9	3982	1	250	0	0	1
50714	13389.6	11890.7	20.6	0	184.7	4013	1	412	0	0	1
50778	13813.3	12266.6	12.4	0	140	4020	1	709	0	0	1
50914	13603.3	12287	25.5	0	135	4031	1	203	0	0	1
51587	13413.4	11944.9	27	0	182.5	4089	1	422	0	0	1
51601	13353.2	11867.9	22.1	0	164.8	4090	1	363	0	0	1
51723	13705.2	12388.8	7.3	0	152	4103	1	1560	0	0	1
51736	13698.7	12369.4	14.8	0	179.8	4104	1	910	0	0	1
51852	13235.4	12637.3	22.8	0	187.2	4115	1	1124	0	0	1
51869	13204.4	12648.5	20.6	0	155.4	4116	1	478	0	0	1
51949	13513.8	12597.8	23.3	0	182.8	4123	1	491	0	0	1
52198	13524.2	12309.8	14.3	0	148.5	4146	1	402	0	0	1
52338	13815	12375.1	15.2	0	197.3	4159	1	1124	0	0	1
52814	13817.2	12536.6	12.7	0	146.3	4201	1	587	0	0	1
53345	13681.6	12305.3	12.8	0	184.4	4254	1	1059	0	0	1
53766	13828.4	12071.3	11.9	0	149.9	4290	1	641	0	0	1
54079	13798.8	12494	10	0	166.2	4316	1	1064	0	0	1
54098	13757.4	12418.4	5	0	191	4318	1	6816	0	0	1
54326	13789	12254	10.8	0	132.9	4339	1	679	0	0	1
54576	13809.7	12402.8	11.1	0	170.9	4362	1	1182	0	0	1
54775	13716.6	12265.9	8.5	0	146	4380	1	967	0	0	1
54832	13724.9	11967	19.2	0	150.8	4384	1	338	0	0	1
54954	13033.5	12115.8	5.9	0	142.7	4395	1	1764	0	0	1
54974	13006.9	12165.9	24.3	0	154.3	4396	1	232	0	0	1
55474	13221.4	12519.6	22.8	0	135	4439	1	235	0	0	1
55879	13204.1	12045.4	27.5	0	151.3	4473	1	257	0	0	1
56546	13517.3	12332.1	8.5	0	149.5	4530	1	1026	0	0	1
56655	13524.6	12350.7	17.2	0	154.2	4539	1	681	0	0	1
56757	13758.3	12419.4	17.3	0	140	4548	1	393	0	0	1
57156	13336.5	12423.9	18.3	0	152.6	4583	1	378	0	0	1
57853	13525.9	12340.3	32.1	0	135.7	4641	1	178	0	0	1
58214	13198.6	12104.1	23.2	0	165.2	4676	1	467	0	0	1
58226	13251.8	12048.5	18.6	0	174.6	4677	1	551	0	0	1
58276	13225.3	12074.8	23.1	0	123.3	4681	1	205	0	0	1
58286	13173.2	12072.2	18.3	0	173.7	4682	1	510	0	0	1
58788	13808.5	12317.5	23.4	0	162.2	4727	1	270	0	0	1
58793	13041.3	12128.6	8.1	0	162.5	4728	1	1305	0	0	1
58821	13030.5	12163.1	23.4	0	158.5	4730	1	290	0	0	1
58837	13450.8	12803	39.9	0	145.8	4731	1	162	0	0	1
58926	13234.3	12667.2	15.3	0	160.1	4739	1	485	0	0	1
59212	13788.5	12371.6	14.6	0	162.7	4763	1	535	0	0	1
59225	13812.3	12372.5	17.7	0	146	4764	1	402	0	0	1
59303	13858.9	12392.9	19.4	0	199.2	4771	1	1148	0	0	1
59343	13749.7	12328.2	9.5	0	151.7	4774	1	1007	0	0	1
59364	13713.9	12267.1	32.9	0	123.7	4775	1	155	0	0	1
59730	13800.4	12470.5	11.8	0	161.8	4811	1	1272	0	0	1
59789	13174.4	12653.4	22.9	0	140.6	4816	1	225	0	0	1
59850	13757.6	12417.6	11.1	0	150	4821	1	833	0	0	1
59902	13613.3	12309.2	28.4	0	178.9	4826	1	347	0	0	1
59916	13582.3	12337.4	14.5	0	158.4	4827	1	621	0	0	1
59969	13770.3	12368	11.4	0	166.1	4832	1	1084	0	0	1
60063	13817.9	12387	13.4	0	168.9	4839	1	707	0	0	1
60089	13042.7	12117.6	14.1	0	149	4841	1	535	0	0	1
60333	13690.9	12372.2	13.9	0	173.1	4864	1	739	0	0	1
60346	13656.1	12353.5	11.5	0	176	4865	1	1337	0	0	1
61021	13813.2	12391.3	13.2	0	161.7	4919	1	1061	0	0	1
61252	13514.8	12330	15.8	0	171.1	4932	1	708	0	0	1
61449	13784.9	12123.3	10.4	0	152.4	4945	1	936	0	0	1
61488	13686.2	12375.9	21.2	0	170	4947	1	407	0	0	1
61734	13636.2	12313.3	15	0	155.2	4963	1	436	0	0	1
61914	13885.8	12248.6	19.3	0	146.2	4975	1	338	0	0	1
61921	13871.3	12262.8	8.4	0	155.9	4976	1	1304	0	0	1
62147	13714.8	12391.8	10.1	0	148.7	4991	1	1018	0	0	1
62268	13226.9	12437.1	45.6	0	163	4997	1	250	0	0	1
62431	13810.4	12437.5	17.8	0	135.6	5007	1	324	0	0	1
62453	13849	12429.6	27.4	0	147.3	5008	1	276	0	0	1
62725	13826.7	12240.1	23.9	0	174.4	5026	1	468	0	0	1
62736	13777.1	12248.4	16.2	0	188.2	5027	1	838	0	0	1
63192	13707.1	12255.9	18.9	0	122.9	5059	1	437	0	0	1
63241	13360.8	12389.6	11.3	0	152.2	5062	1	838	0	0	1
63499	13781.6	12371.1	9.9	0	164.4	5080	1	1039	0	0	1
63642	13749.5	12461.3	14	0	154.2	5089	1	638	0	0	1
64102	13181.8	12060.2	23.8	0	190.7	5121	1	452	0	0	1
64263	13613.3	12330.2	7.1	0	156.6	5133	1	1912	0	0	1
64595	13161.9	12656.8	13.3	0	144.8	5158	1	588	0	0	1
64604	13182.8	12620.8	12.1	0	150	5159	1	1413	0	0	1
64632	13480.8	12347	24.8	0	150.2	5160	1	297	0	0	1
64886	13373.1	12353.1	11.9	0	147	5178	1	693	0	0	1
65122	13775.5	12065.2	19.5	0	175.6	5194	1	438	0	0	1
65308	13601.3	12318.6	12.5	0	151.3	5208	1	676	0	0	1
65318	13559.5	12322	10.1	0	142.9	5209	1	1062	0	0	1
65459	13834	12406.1	5.9	0	153.1	5221	1	2532	0	0	1
65486	13863.3	12385.3	20.1	0	184.1	5222	1	562	0	0	1
65601	13547.6	12342	16.3	0	142.8	5230	1	489	0	0	1
65772	13844.9	12509.2	23	0	138.5	5241	1	257	0	0	1
66035	13659	12372.4	10.6	0	164.7	5259	1	972	0	0	1
66049	13587.8	12332.9	5.2	0	159.3	5260	1	3465	0	0	1
66287	13527.8	12329.3	17.5	0	161.5	5276	1	534	0	0	1
66351	13188.5	12664.6	10.6	0	142.8	5280	1	658	0	0	1
67234	13326.2	12410.2	8.3	0	148.3	5343	1	1021	0	0	1
67279	13730.6	12300.8	18.9	0	185.6	5346	1	498	0	0	1
67424	13605.2	12320.9	14.8	0	151.9	5355	1	544	0	0	1
67437	13598.4	12298.4	13.3	0	147.8	5356	1	673	0	0	1
67491	13704.9	11982.6	11.7	0	167.7	5360	1	1213	0	0	1
67565	13573	12321.9	13	0	153	5365	1	710	0	0	1
67674	13623.6	12341.7	16.5	0	147.3	5371	1	378	0	0	1
67919	13824.3	12241.5	23.2	0	154.4	5389	1	314	0	0	1
68641	13832.5	12431.8	14.2	0	152.1	5443	1	533	0	0	1
68868	13208.9	12102.5	21.8	0	194.2	5462	1	425	0	0	1
69192	13160.9	12597.4	31.8	0	141.4	5486	1	258	0	0	1
69201	13177.5	12641.7	10.7	0	151.7	5487	1	953	0	0	1
69261	13029.7	12113.5	8.1	0	151.9	5491	1	1181	0	0	1
69278	13043.8	12080.2	17.4	0	163.6	5492	1	447	0	0	1
69298	13536.1	12331.7	11.4	0	156	5494	1	751	0	0	1
69395	13729.5	12313.3	16.1	0	170.7	5500	1	612	0	0	1
69769	13915.6	12545.7	12.7	0	176.4	5529	1	898	0	0	1
69847	13625	12295.1	22.8	0	178.9	5534	1	695	0	0	1
69853	13701.6	11988.6	8.7	0	155.8	5535	1	1069	0	0	1
70334	13575	12296.8	22.9	0	143.1	5573	1	259	0	0	1
70346	13590.9	12328.4	11.5	0	153.6	5574	1	820	0	0	1
70671	13429	12692.5	21.6	0	147.3	5598	1	281	0	0	1
70714	13641.1	12350.8	11	0	160.2	5602	1	1200	0	0	1
70844	13842	12412.3	11.6	0	168.3	5610	1	1004	0	0	1
71082	13574	12304.1	16.6	0	161.9	5629	1	579	0	0	1
71665	13489.1	12789.7	11.5	0	172.7	5675	1	950	0	0	1
71817	13802.8	12394.8	4.6	0	165.6	5686	1	5129	0	0	1
71988	13600.4	12336.3	12.9	0	148.9	5699	1	530	0	0	1
72298	13831.4	12373.6	17.6	0	161.9	5724	1	421	0	0	1
72411	13520.5	12377.6	6.1	0	134	5732	1	1987	0	0	1
72599	13497.8	12783.4	23.4	0	129.6	5746	1	183	0	0	1
72611	13499.6	12808.7	17.6	0	170.6	5747	1	580	0	0	1
73021	13527.1	12373	8.3	0	182.9	5780	1	2048	0	0	1
73300	13722	12385.2	7.9	0	171	5802	1	1834	0	0	1
73308	13700.3	12378.2	13.4	0	159.1	5803	1	621	0	0	1
73769	13727.6	12260.5	37.1	0	185	5837	1	263	0	0	1
73856	13777.3	12095.8	9.6	0	145.6	5844	1	964	0	0	1
73914	13755.1	12633.8	24.5	0	188	5850	1	380	0	0	1
74445	13589.6	12332.4	15.9	0	145.3	5892	1	602	0	0	1
74674	13229.5	12077.8	17.1	0	149	5912	1	453	0	0	1
74786	13938.7	12216.7	15.4	0	168.1	5921	1	649	0	0	1
75116	13192.8	12666.7	11.1	0	145.3	5945	1	715	0	0	1
75184	13215.1	12142.8	13.6	0	158.3	5951	1	617	0	0	1
75517	13565.5	12332.6	10.5	0	162.5	5978	1	842	0	0	1
76095	13913.3	12289.9	21.7	0	176	6018	1	434	0	0	1
76107	13941.4	12262.8	18.5	0	146.4	6019	1	450	0	0	1
76273	13344.1	11871.6	14.2	0	165	6032	1	544	0	0	1
76386	13536.1	12318.3	21.4	0	186.8	6041	1	634	0	0	1
76506	13805.8	12279.7	33.1	0	173.5	6051	1	356	0	0	1
76587	13045.4	12126.1	6.2	0	144	6058	1	1798	0	0	1
76943	13801.8	12410.6	10.8	0	147.8	6085	1	730	0	0	1
77145	13018.3	12125	8	0	156.7	6101	1	1379	0	0	1
77855	13776.3	12411.6	11.8	0	155.5	6158	1	733	0	0	1
78283	13516.6	12333.1	11.3	0	144.4	6192	1	768	0	0	1
78583	13425.6	12714.4	33.7	0	181.8	6216	1	408	0	0	1
78695	13177.6	12095.1	14.5	0	171	6226	1	586	0	0	1
79144	13702	12400.9	12.8	0	134.3	6264	1	570	0	0	1
79510	13388	11879.2	23.3	0	190.9	6291	1	571	0	0	1
79720	13518.5	12316.5	15.4	0	158.2	6307	1	528	0	0	1
79759	13708.8	12428.1	11.2	0	150.6	6311	1	785	0	0	1
79821	13495.4	12616.9	16.9	0	161.8	6316	1	441	0	0	1
80223	13771.8	12075.9	21.5	0	162	6347	1	420	0	0	1
80238	13792.3	12121.6	25.5	0	155	6348	1	302	0	0	1
80503	13846.4	12563.1	18.1	0	197.3	6371	1	836	0	0	1
81321	13528.7	12346	11.5	0	128.5	6437	1	479	0	0	1
81351	13726.6	12211.6	34.1	0	182.4	6439	1	275	0	0	1
81404	13783.5	12378	38.1	0	196	6443	1	270	0	0	1
81619	13237.3	11993.8	18.7	0	166.3	6460	1	433	0	0	1
81630	13239.9	11960	13.5	0	178.7	6461	1	750	0	0	1
81776	13690.8	12277.4	24.4	0	137.7	6475	1	300	0	0	1
82269	13756.7	12375.9	24.7	0	197.3	6513	1	611	0	0	1
82282	13810.3	12408	9.7	0	165.9	6514	1	1121	0	0	1
82484	13772.1	12421.9	11.1	0	152.9	6529	1	955	0	0	1
82501	13743.8	12400.4	22.3	0	166.5	6530	1	377	0	0	1
82537	13231.4	12086.6	15.5	0	180.4	6533	1	703	0	0	1
82556	13244.2	12066.3	19.2	0	145.7	6534	1	327	0	0	1
82968	13080.9	12190.6	30.7	0	110.9	6569	1	147	0	0	1
82984	13107.2	12228.7	34.4	0	115.9	6570	1	112	0	0	1
82995	13077.8	12214.2	36.1	0	105.2	6571	1	99	0	0	1
83366	13088.4	12273.1	43.2	0	110.2	6600	1	120	0	0	1
83668	13227.2	11968.5	29.1	0	146.6	6624	1	186	0	0	1
83716	13779.2	12460	16.9	0	153	6628	1	577	0	0	1
84168	13435.5	12676.4	22.1	0	146.9	6670	1	263	0	0	1
84218	13748.8	12314.2	24.3	0	120.9	6673	1	144	0	0	1
84786	13584.8	12310.3	9	0	153.2	6723	1	1123	0	0	1
84798	13566.2	12299.8	18.2	0	162	6724	1	730	0	0	1
84881	13130.2	12612.9	29.9	0	167.5	6731	1	630	0	0	1
85156	13684.2	12364.1	9.7	0	149.6	6754	1	934	0	0	1
85605	13490.5	12345.5	15.6	0	132.7	6792	1	283	0	0	1
86035	13853.3	12556.4	14.1	0	172.4	6829	1	738	0	0	1
86043	13798.5	12523.2	12.3	0	148.7	6830	1	637	0	0	1
86856	13764.7	12419.3	19.1	0	141	6899	1	327	0	0	1
86881	13719.4	12430.2	14.8	0	184.1	6902	1	904	0	0	1
87352	13699.6	12308.6	9.6	0	157.2	6943	1	880	0	0	1
88355	13648.7	12630.4	32.6	0	104.6	7023	1	134	0	0	1
88461	13756.6	12440.8	29.5	0	144	7031	1	190	0	0	1
88544	13779.4	12097.6	4.3	0	153.4	7037	1	3678	0	0	1
88553	13804.9	12093.3	5.9	0	151.5	7038	1	1987	0	0	1
88988	13635.5	12367	11.1	0	157.5	7072	1	867	0	0	1
89412	13023.2	12109.3	11.1	0	140.6	7105	1	602	0	0	1
89442	13822.9	12470	8.3	0	143.9	7107	1	1053	0	0	1
89528	13021.4	12135.2	33.9	0	156.9	7113	1	199	0	0	1
90135	13442.3	12656.3	28.5	0	188	7165	1	382	0	0	1
90141	13465.4	12700.7	13	0	155.4	7166	1	543	0	0	1
90176	13820.9	12252.7	11.9	0	147	7169	1	611	0	0	1
90800	12988.2	12363.5	11.2	0	179.3	7218	1	877	0	0	1
90807	13011	12339.7	11.7	0	175.4	7219	1	727	0	0	1
90897	13800.1	12048.9	19.5	0	167.2	7227	1	517	0	0	1
91078	13800.4	12542	10.1	0	155.4	7242	1	708	0	0	1
91580	13509.3	12616.1	10.8	0	155.2	7285	1	730	0	0	1
91695	13060.8	12068.3	16.1	0	195.9	7295	1	821	0	0	1
91752	13172.9	12587.8	40.8	0	105.8	7300	1	90	0	0	1
91823	13208.9	12662.4	12.9	0	148.4	7305	1	484	0	0	1
91830	13175.6	12639	16.8	0	145.5	7306	1	368	0	0	1
91847	13768.4	12246.2	16	0	171.1	7307	1	502	0	0	1
92072	13782.2	12490.4	13.1	0	147.9	7329	1	839	0	0	1
92374	13518.3	12265.7	15	0	166.7	7356	1	805	0	0	1
92656	13812.2	12473.6	24.1	0	162.4	7380	1	340	0	0	1
92725	13209.7	12621.3	29	0	123.1	7386	1	134	0	0	1
93313	13206.3	12640.1	23.9	0	162.4	7432	1	330	0	0	1
93698	13781.2	12245.2	16.8	0	159.3	7467	1	483	0	0	1
93711	13802	12238.5	16.7	0	163.9	7468	1	447	0	0	1
93776	13709.2	11993.8	9.8	0	143.3	7473	1	963	0	0	1
94025	13206.1	11998.4	23.5	0	170.5	7495	1	306	0	0	1
94107	13458.8	12718.4	20.7	0	157.6	7501	1	402	0	0	1
94166	13528.7	12350.1	25.7	0	137.4	7505	1	199	0	0	1
94449	13504	12581.2	20.5	0	156.7	7531	1	363	0	0	1
94466	13539.4	12579.6	23.8	0	181.6	7533	1	361	0	0	1
95037	13022.7	12125.2	27.7	0	160.9	7582	1	232	0	0	1
95466	13636.1	12645.3	28.4	0	192.3	7621	1	453	0	0	1
95479	13510.6	12638.7	22.5	0	166.9	7622	1	337	0	0	1
95671	13898	12275.3	24.6	0	153.1	7638	1	258	0	0	1
95759	13791.2	12294.2	20.9	0	161.6	7645	1	343	0	0	1
96171	13776.7	12088.6	21	0	161	7679	1	302	0	0	1
96593	13757.2	12361.7	10.2	0	143.9	7715	1	891	0	0	1
96683	13794.6	12546.8	14	0	156.8	7724	1	476	0	0	1
96946	13212.4	12653	9.4	0	156.9	7747	1	1114	0	0	1
96961	13178.7	12657.6	9.3	0	150.5	7748	1	967	0	0	1
97072	13762.3	12415.3	11.3	0	150.1	7758	1	1000	0	0	1
97089	13742	12422.7	13.2	0	164.3	7759	1	737	0	0	1
97100	13753.8	12490.6	15	0	138.4	7760	1	620	0	0	1
97119	13794.3	12471.1	10.2	0	130.7	7761	1	601	0	0	1
97383	13505.2	12323.6	13.3	0	140.2	7782	1	490	0	0	1
97653	13731.8	12299.4	24.3	0	162.5	7806	1	387	0	0	1
97898	13517.2	12797.3	15.1	0	161	7826	1	477	0	0	1
98015	13607.4	12341.3	4.9	0	168.6	7836	1	4607	0	0	1
98027	13636.2	12366.6	9.3	0	191.2	7837	1	2915	0	0	1
98504	13617.6	12353.2	12.5	0	137.4	7881	1	850	0	0	1
98536	13596.2	12348.9	19.5	0	133.9	7882	1	236	0	0	1
98578	13049.8	12106.8	15.4	0	119.4	7885	1	233	0	0	1
100233	13221.2	12662.9	21.1	0	141.4	8017	1	259	0	0	1
100397	13783.2	12097	10.2	0	148.8	8031	1	721	0	0	1
100527	13786.5	12093.2	10.1	0	153.2	8042	1	650	0	0	1
100965	13468.2	12732.8	28.3	0	185.2	8076	1	303	0	0	1
100984	13466.8	12762.3	28.3	0	181.8	8077	1	331	0	0	1
101097	13514.9	12335.6	14.1	0	149.4	8086	1	857	0	0	1
101105	13515.8	12754.8	29.8	0	153.4	8087	1	207	0	0	1
101441	13836.1	12250.9	22.6	0	164.2	8115	1	333	0	0	1
101545	13746.1	12402.4	28.2	0	131	8123	1	172	0	0	1
101769	13762.4	12407.8	12	0	148.4	8142	1	714	0	0	1
101857	13533.9	12789.1	15	0	172.1	8150	1	542	0	0	1
102003	13818.7	12201.6	16.9	0	175.2	8163	1	763	0	0	1
102016	13838.5	12216.6	10.7	0	170.8	8164	1	1381	0	0	1
102196	13777.2	12252.8	17	0	193	8178	1	608	0	0	1
102209	13747.7	12264.6	30	0	183.4	8179	1	314	0	0	1
102350	13788.9	12569.1	6.3	0	149.2	8190	1	1505	0	0	1
102355	13784.5	12462.4	9.4	0	163.9	8191	1	961	0	0	1
102544	13511.3	12356.4	15	0	152.5	8205	1	460	0	0	1
102722	13788.9	12548.7	21.2	0	177.3	8220	1	543	0	0	1
102938	13881.5	12299.3	31.8	0	163.4	8240	1	284	0	0	1
103018	13443	12696.3	15.7	0	154.4	8247	1	454	0	0	1
103248	13520	12328	15.6	0	149.4	8267	1	531	0	0	1
103445	13632.3	12332.9	20.6	0	127.9	8283	1	220	0	0	1
103765	13802.2	12043.6	11.5	0	146.5	8311	1	889	0	0	1
103794	13535.5	12630.2	29.8	0	178.1	8313	1	359	0	0	1
103821	13477.7	12576.5	33.1	0	147.6	8315	1	242	0	0	1
104184	13766.5	12407	20.7	0	157.8	8347	1	388	0	0	1
104521	13200.8	12086.9	17.8	0	148.5	8380	1	386	0	0	1
104753	13152.1	12082.3	29.2	0	147.8	8401	1	203	0	0	1
104765	13171.5	12074.2	21.8	0	140.2	8402	1	254	0	0	1
104861	13618	12315.6	24	0	148.2	8411	1	358	0	0	1
105266	13800.6	12476.9	20	0	181	8443	1	597	0	0	1
105293	13608.6	12310.6	27.4	0	135.5	8446	1	332	0	0	1
105433	13789.4	12451.6	7.1	0	181.1	8458	1	2601	0	0	1
105786	13321.2	11994.6	22.9	0	198.9	8487	1	459	0	0	1
105925	13751.3	12473.9	30.8	0	147.9	8499	1	177	0	0	1
105977	13827.1	12480.4	20.8	0	161.2	8503	1	366	0	0	1
106303	13819.7	12394.1	12	0	158.7	8528	1	801	0	0	1
106312	13708.3	12379	15.8	0	165.4	8529	1	516	0	0	1
106319	13737.8	12356.8	18.8	0	188	8530	1	533	0	0	1
106724	13732.1	12297.5	19.4	0	146.8	8564	1	309	0	0	1
107127	13492	12281.3	20.2	0	193.9	8594	1	647	0	0	1
107310	13515.6	12605.1	24.4	0	147.8	8607	1	237	0	0	1
107312	13485.1	12616.4	24.8	0	168.8	8608	1	395	0	0	1
107584	13703.9	12222.1	30.9	0	197.1	8627	1	370	0	0	1
107650	13790.9	12388.7	14.8	0	153.1	8632	1	551	0	0	1
108374	13800.9	12377.6	11.8	0	140.7	8691	1	498	0	0	1
108430	13192.5	12101	14.3	0	177.8	8696	1	790	0	0	1
108447	13195	12076.8	15.3	0	170.7	8697	1	523	0	0	1
108604	13491.3	12300.1	16.3	0	146	8711	1	411	0	0	1
108649	13574.3	12321.7	9.2	0	161	8714	1	1136	0	0	1
108705	13423.1	11899	15.7	0	188.3	8719	1	606	0	0	1
108813	13689.9	12389.4	13.8	0	178.1	8728	1	808	0	0	1
109007	13371.1	11957.4	21.9	0	189.7	8744	1	537	0	0	1
109051	13926.5	12451	32.9	0	157.6	8747	1	229	0	0	1
109073	13894.7	12245.3	20.2	0	159	8749	1	516	0	0	1
109087	13833.9	12264.9	13.5	0	176	8750	1	664	0	0	1
110266	13936.7	12256.8	12.6	0	158.9	8844	1	639	0	0	1
110772	12979.9	12333.4	30.4	0	152.2	8884	1	264	0	0	1
110890	13513	12332.7	37.1	0	116.6	8893	1	106	0	0	1
110992	13763	12421.4	17.3	0	140.1	8901	1	493	0	0	1
111120	13189.2	12083.2	17.4	0	170.7	8911	1	562	0	0	1
111133	13199	12112.5	27.8	0	152.9	8912	1	214	0	0	1
111162	13500.4	12350.9	19.6	0	154.1	8913	1	295	0	0	1
111176	13533.8	12594.6	21.5	0	181.6	8914	1	418	0	0	1
111267	13516.2	12591.5	28	0	151.2	8922	1	223	0	0	1
111333	13373.5	12338.9	22.2	0	178.1	8928	1	343	0	0	1
111363	13376.3	11875.4	22.7	0	181.1	8930	1	418	0	0	1
111511	13333.6	12404.8	14.7	0	153.5	8941	1	530	0	0	1
111522	13165.7	12115.5	17.4	0	160.4	8942	1	505	0	0	1
111539	13207.4	12057.7	20	0	170.8	8943	1	483	0	0	1
111556	13228.7	12078.3	37.2	0	149.4	8944	1	357	0	0	1
111573	13207.3	12097.9	10	0	163.5	8945	1	938	0	0	1
111652	13327.2	12380.9	22.1	0	149	8952	1	305	0	0	1
111710	13592.3	12330.7	11.5	0	139.7	8956	1	743	0	0	1
111715	13616.3	12273	15.9	0	192.7	8957	1	1247	0	0	1
111831	13758.9	12395.8	17.6	0	194.2	8963	1	1196	0	0	1
113846	13680.6	12390	21.7	0	133.2	9124	1	225	0	0	1
113913	13072	12159	29.5	0	134.3	9128	1	191	0	0	1
113915	13687.8	12398.3	14	0	124.5	9129	1	327	0	0	1
113970	13032.8	12219.6	7.7	0	167.3	9132	1	1649	0	0	1
113984	13044.3	12167	8	0	150.9	9133	1	1116	0	0	1
114057	13689.7	12355.2	22.1	0	136.9	9139	1	228	0	0	1
114090	13500.2	12321.6	11.9	0	153.9	9142	1	603	0	0	1
114098	13476.9	12319	13.7	0	155.2	9143	1	529	0	0	1
114108	13179.8	12135.7	18.3	0	169.1	9144	1	538	0	0	1
114583	13493.4	12600	15	0	168.1	9184	1	675	0	0	1
115133	13876.8	12623.5	18.6	0	195.2	9228	1	635	0	0	1
115236	13506.2	12828	12.2	0	186.7	9237	1	1550	0	0	1
115403	13782.5	12385.1	12.8	0	133.4	9249	1	467	0	0	1
115627	13490.6	12599.6	17	0	180	9266	1	659	0	0	1
116202	13785.4	12449	44.3	0	129.1	9308	1	126	0	0	1
116243	13352.8	11883.3	8.4	0	170.9	9310	1	1461	0	0	1
116246	13382.3	11894.7	11.5	0	173.7	9311	1	1227	0	0	1
116319	13366.4	11883.7	13.6	0	178.8	9316	1	947	0	0	1
116444	13362.1	12389.9	13.4	0	140.6	9325	1	476	0	0	1
116686	13636.9	12352.2	25.8	0	101.3	9343	1	117	0	0	1
116862	13578.7	12283.2	44.2	0	197.9	9359	1	277	0	0	1
117176	13604.3	12349.8	9	0	150.3	9385	1	960	0	0	1
118076	13687.6	11998.2	39.3	0	170.9	9457	1	219	0	0	1
118245	13398.3	12711.5	12.1	0	187.8	9472	1	1020	0	0	1
118354	13717.4	12261.9	11.2	0	156.8	9481	1	796	0	0	1
118371	13749.6	12273.9	18.1	0	151.7	9482	1	465	0	0	1
118385	13880	12420.1	11.1	0	174.4	9484	1	2086	0	0	1
118403	13915	12460.7	7.4	0	189.8	9485	1	3169	0	0	1
118410	13896	12446.3	11.6	0	185.7	9486	1	1588	0	0	1
118444	13813.9	12403.2	17.7	0	162.2	9489	1	485	0	0	1
118580	13749.4	12362.9	10.3	0	167.4	9499	1	1349	0	0	1
118592	13829.1	12414.4	5.6	0	168.8	9500	1	4193	0	0	1
118616	13803.4	12385.5	8.5	0	156.3	9501	1	1096	0	0	1
118804	13036	12108.7	15.9	0	159.8	9516	1	447	0	0	1
119512	13197.9	12096.9	20.2	0	172.7	9577	1	542	0	0	1
119686	13581.3	12329.2	8	0	151.5	9591	1	1283	0	0	1
119702	13559	12317.1	10.7	0	155.4	9592	1	1340	0	0	1
119736	13134	12136.8	18.2	0	196.2	9595	1	853	0	0	1
119917	13695.6	12244.3	23.2	0	189.5	9607	1	694	0	0	1
120078	13763.7	12401	18.8	0	160.6	9621	1	457	0	0	1
120090	13783.4	12395.9	10.6	0	156.4	9622	1	907	0	0	1
120284	13318.8	12420.4	14.6	0	138.7	9638	1	394	0	0	1
120452	13601.9	12336.4	4.7	0	158.6	9651	1	3531	0	0	1
120457	13549.1	12341.2	19.6	0	152.7	9652	1	371	0	0	1
120480	13746.1	12381.6	20.1	0	146	9654	1	387	0	0	1
120616	13698	12392	21	0	169.3	9666	1	392	0	0	1
120662	13194.2	12665.6	12	0	156.3	9670	1	645	0	0	1
120787	13538.2	12275.2	16.2	0	182.2	9681	1	998	0	0	1
120796	13583.8	12329.7	6.9	0	159.1	9682	1	1673	0	0	1
120988	13777.2	12123.7	16.5	0	152	9700	1	455	0	0	1
121088	13033.6	12100.4	8.9	0	127.9	9708	1	668	0	0	1
121128	13609.7	12357.5	14.1	0	149.3	9711	1	371	0	0	1
121253	13798.3	12503.2	16.2	0	147.8	9721	1	781	0	0	1
121276	13817.5	12491.4	25.2	0	162.5	9722	1	303	0	0	1
121761	13778.4	12069.6	14	0	140.9	9761	1	457	0	0	1
121907	13817	12531.6	13.6	0	144.3	9773	1	624	0	0	1
121989	13551.5	12291.1	21.2	0	151.5	9778	1	265	0	0	1
122197	13880	12596.2	33.4	0	182.8	9794	1	278	0	0	1
122566	13896.4	12227	14.3	0	162.5	9825	1	864	0	0	1
122695	13761.3	12401.1	13	0	156.2	9836	1	747	0	0	1
122969	13477.1	12641.5	42.1	0	102.2	9862	1	76	0	0	1
123190	13684.2	12396.3	9.7	0	155.5	9880	1	872	0	0	1
123308	13481.8	12599.6	25.5	0	154.6	9890	1	317	0	0	1
123353	13336.2	11924.6	22.9	0	179.2	9894	1	455	0	0	1
123819	13513.1	12583.6	24	0	186.4	9931	1	428	0	0	1
124006	13883.5	12295.7	16.1	0	176.3	9947	1	848	0	0	1
124074	13039	12134.7	12.2	0	136.1	9954	1	540	0	0	1
124207	13576.4	12315.7	19.4	0	157.7	9963	1	397	0	0	1
124221	13552.4	12318.3	14.9	0	142.3	9964	1	468	0	0	1
124465	13559.5	12364.1	16.4	0	149.3	9982	1	459	0	0	1
124858	13042.7	12130.3	24.8	0	146.5	10015	1	193	0	0	1
124878	13863	12257.8	13.8	0	153.3	10016	1	559	0	0	1
125045	13673.6	12294.6	19	0	173.1	10030	1	567	0	0	1
125096	13777.7	12405.4	23.4	0	153.1	10034	1	333	0	0	1
125772	13522.2	12586.1	24.5	0	181	10087	1	354	0	0	1
125800	13493.6	12596.7	26.3	0	137	10088	1	202	0	0	1
126255	13747.7	12300.9	16.1	0	184	10123	1	625	0	0	1
126271	13728.2	12289.1	15.3	0	187.7	10124	1	649	0	0	1
126277	13746	12260.9	22.5	0	169.8	10125	1	283	0	0	1
126410	13783.5	12536.3	27.8	0	184.7	10135	1	445	0	0	1
126585	13674.9	11949.5	17.4	0	172.3	10148	1	614	0	0	1
126816	13710	11943.6	30.1	0	163.2	10167	1	249	0	0	1
126846	13774.9	12457	8.4	0	160.6	10169	1	1575	0	0	1
127097	13033.7	12440.4	13.3	0	165.5	10191	1	623	0	0	1
127581	13220.8	12043.4	7.6	0	167.1	10230	1	1634	0	0	1
127675	13604.7	12803.6	23.5	0	185.6	10238	1	413	0	0	1
127696	13082.9	12067.8	36.8	0	163.6	10240	1	263	0	0	1
127777	13511.7	12346.9	23.6	0	148.7	10248	1	359	0	0	1
127864	13222.3	12067.9	19.5	0	168.4	10255	1	463	0	0	1
127876	13258.8	12045.9	24.3	0	179.6	10256	1	459	0	0	1
127912	13515	12329.7	11	0	148.8	10259	1	731	0	0	1
127942	13013	12331.4	11.1	0	166.5	10261	1	861	0	0	1
127954	13059.4	12306.5	32.4	0	136.5	10262	1	166	0	0	1
127981	13235.5	12097	31.7	0	154.5	10264	1	219	0	0	1
128210	13728.6	12314.7	32.4	0	153.8	10282	1	264	0	0	1
128214	13754.4	12312.4	29.6	0	163.4	10283	1	183	0	0	1
128338	13014.2	12452.4	35.7	0	148.3	10291	1	176	0	0	1
128523	13208.4	12668.6	15.1	0	137.4	10307	1	340	0	0	1
129262	13448.8	12723.4	9	0	149.6	10369	1	875	0	0	1
129477	13318.3	12409.6	11.9	0	150.8	10385	1	592	0	0	1
129629	13860.1	12410.4	21.7	0	137.3	10396	1	246	0	0	1
130198	13206.5	12059.8	13.4	0	171.1	10442	1	746	0	0	1
130238	13870.6	12277.1	11.5	0	165.2	10445	1	729	0	0	1
130255	13818.5	12371.8	9.5	0	176.8	10446	1	1206	0	0	1
130266	13530.7	12310.5	21.2	0	124.4	10447	1	222	0	0	1
130362	13830.2	12243.5	14.3	0	170	10455	1	636	0	0	1
130496	13767.4	12632.1	21.4	0	187.1	10466	1	567	0	0	1
130550	13833.7	12364	26	0	148.2	10471	1	204	0	0	1
130744	13926.7	12249.5	17.8	0	187	10487	1	1368	0	0	1
131777	13585.4	12329.9	6.9	0	124.9	10577	1	1178	0	0	1
131872	13808.5	12366.2	16	0	193.8	10587	1	936	0	0	1
131887	13773.6	12376.5	10.8	0	174.9	10588	1	1283	0	0	1
131950	13766.2	12124.7	19.6	0	169.3	10593	1	532	0	0	1
132181	13818.7	12552	12	0	158.6	10611	1	793	0	0	1
132230	13802.1	12055.6	16.1	0	145.2	10616	1	423	0	0	1
132248	13817	12073.9	10.8	0	149.8	10617	1	668	0	0	1
132365	13593.7	12268.6	24.3	0	157.6	10626	1	500	0	0	1
132435	13568.7	12332.3	9.7	0	149.6	10632	1	732	0	0	1
132880	13254.3	12098.8	19.1	0	162.4	10670	1	310	0	0	1
132990	13709.6	12404.6	20	0	160.7	10678	1	537	0	0	1
133330	13590.8	12173.2	19.5	0	194.8	10707	1	457	0	0	1
133768	13506.6	12358.8	14.6	0	149.2	10745	1	464	0	0	1
133831	13663.6	12373.4	14	0	174.9	10750	1	1591	0	0	1
133856	13696.2	12649.5	26.2	0	195.2	10752	1	399	0	0	1
133870	13708.4	12671.3	25	0	196.6	10753	1	400	0	0	1
134417	13820.6	12401.4	23.2	0	190.8	10796	1	515	0	0	1
134486	13572.1	12307.1	21.6	0	173.6	10802	1	397	0	0	1
135025	13408.2	12464.2	28.1	0	170.8	10846	1	348	0	0	1
135231	13601.5	12376.3	25.2	0	141.9	10865	1	252	0	0	1
135257	13840.8	12386	16.3	0	178.8	10868	1	2020	0	0	1
135354	13834.6	12458.9	10.9	0	187.6	10877	1	1082	0	0	1
135423	13735.4	12396.1	30.3	0	137.9	10882	1	146	0	0	1
135547	13102.5	12342.7	30.3	0	181.2	10893	1	264	0	0	1
135554	12997.4	12350.5	28.5	0	164.7	10894	1	214	0	0	1
136178	13211.5	12072.4	18	0	158.7	10942	1	365	0	0	1
136338	13561.5	12367.6	17.9	0	161.7	10953	1	408	0	0	1
137671	13756.4	12316.4	26.9	0	172.3	11066	1	291	0	0	1
137719	13703.1	11985.3	7.7	0	162.4	11071	1	1917	0	0	1
138010	13795.3	12288.1	13.9	0	190.5	11097	1	771	0	0	1
138123	13082.7	12154.5	20	0	115.9	11107	1	201	0	0	1
138233	13185.9	12112.1	19	0	166.9	11116	1	453	0	0	1
138303	13716.3	12297.5	27.2	0	172.5	11121	1	272	0	0	1
138379	13201	12066.1	15.7	0	171.5	11127	1	516	0	0	1
138425	13037.6	12129.3	14.9	0	142.1	11131	1	398	0	0	1
138436	13037.5	12108.4	19	0	137.3	11132	1	292	0	0	1
139012	13796.7	12442	9.3	0	154.1	11183	1	957	0	0	1
139033	13758.9	12425.5	10.7	0	159.3	11184	1	1064	0	0	1
139279	13789.9	12111.6	21	0	137.6	11204	1	229	0	0	1
140135	13787.3	12116.5	23.9	0	139.5	11275	1	230	0	0	1
140321	13031.2	12189.9	28.6	0	161.1	11289	1	270	0	0	1
140431	13174.5	12091.2	16.5	0	173.5	11298	1	571	0	0	1
140933	13825	12416.7	11	0	169.7	11340	1	819	0	0	1
141097	13342	12407.9	14.5	0	141.6	11353	1	396	0	0	1
141106	13320.7	12404.3	8.7	0	144.5	11354	1	1053	0	0	1
141535	13534	12313.2	27.8	0	148.1	11391	1	241	0	0	1
141834	13731.7	12275.7	26.5	0	146.6	11418	1	319	0	0	1
141942	13017.2	12407.2	11.4	0	193.4	11426	1	1306	0	0	1
142066	13855.7	12294.4	12.7	0	190.6	11437	1	1038	0	0	1
142251	13476.1	12361.8	28.5	0	132.1	11453	1	176	0	0	1
142264	13458.6	12712.2	17.3	0	168.6	11454	1	509	0	0	1
142427	13751.2	12226.2	22.6	0	154.6	11468	1	228	0	0	1
143125	13746.9	12340.7	14.7	0	168	11523	1	517	0	0	1
143148	13782.6	12357.7	9.5	0	153.6	11524	1	773	0	0	1
143218	13892.4	12531.1	29.1	0	150.6	11531	1	218	0	0	1
143352	13727.2	12256.2	21	0	143.2	11541	1	301	0	0	1
143473	13012.4	12128.2	21.9	0	156.7	11551	1	258	0	0	1
143573	13385.9	12375.5	12.2	0	147.2	11558	1	564	0	0	1
143839	13516.9	12377.9	13.2	0	162.2	11579	1	654	0	0	1
144140	13807.4	12062.9	14.7	0	149.4	11604	1	466	0	0	1
144168	13832.9	12062.9	28.8	0	155	11605	1	241	0	0	1
144175	13804.8	12097.3	23.1	0	167.3	11606	1	320	0	0	1
144338	13584.8	12340.9	13.4	0	142.1	11621	1	547	0	0	1
144349	13624.7	12361.5	7.3	0	146.8	11622	1	1330	0	0	1
144857	13739.1	12308.1	24	0	115.8	11664	1	153	0	0	1
145839	13025.5	12464.5	19.4	0	175.6	11749	1	487	0	0	1
145956	13577.6	12351.7	27	0	136.3	11758	1	191	0	0	1
145962	13564.7	12327	6.1	0	149.9	11759	1	1748	0	0	1
145973	13598.3	12309.8	7.5	0	160.8	11760	1	1551	0	0	1
146816	13341.5	11879.1	28.9	0	192.1	11830	1	327	0	0	1
147424	13455	12700.8	8.1	0	136.3	11882	1	898	0	0	1
147778	13768.8	12373.5	7.9	0	150.3	11911	1	1159	0	0	1
148004	13553.8	12362	23.3	0	153.3	11926	1	225	0	0	1
148014	13644.4	12416.6	10	0	188	11927	1	1631	0	0	1
148019	13798.7	12560.3	8.6	0	158.6	11928	1	1005	0	0	1
148039	13764.8	12552.8	22	0	159.9	11929	1	373	0	0	1
148090	13251.1	12041.8	29.3	0	189.5	11934	1	369	0	0	1
148274	13779.6	12411.3	15	0	153	11949	1	642	0	0	1
148377	13230.8	12081.6	18.8	0	195	11959	1	749	0	0	1
148462	13609.5	12310.4	22.7	0	183.3	11966	1	617	0	0	1
148543	13691.7	12018.3	22.9	0	168.5	11973	1	356	0	0	1
149375	13197.1	12658.7	5.9	0	142.9	94	2	2734	0	0	1
149640	13576.2	12314.8	6.2	0	162.2	153	2	6199	0	0	1
149792	13773.3	12440.6	4.1	0	170.2	184	6	22931	0	1	1
150744	13008.4	12317.8	5.7	0	166.7	412	2	2861	0	0	1
151076	13516.6	12326.2	9.5	0	155.1	489	2	1606	0	0	1
151410	13835.9	12064.9	5.1	0	151.6	570	2	2548	0	0	1
151603	13843.4	12501.4	12.5	0	172.9	618	2	1377	0	0	1
151801	13236	11959.9	4.5	0	177.3	666	3	5643	0	1	1
151821	13257.1	11965.5	5.2	0	168.6	670	2	4554	0	0	1
152207	13575.6	12318.5	5.4	0	156.9	756	3	7457	0	0	1
152520	13818.3	12436.8	4.5	0	155.5	834	4	9153	0	0	1
152543	13779.4	12437.8	4	0	181.5	838	2	12637	0	0	1
152555	13772.7	12415.5	3	0	185.5	841	3	17838	0	0	1
154336	13873.4	12245.2	6.2	0	154.6	1314	2	2510	0	1	1
154382	13747.9	12411.1	4.5	0	156.4	1323	2	7110	0	0	1
154553	13779.6	12086.8	7.4	0	162.1	1371	2	2177	0	0	1
154877	13529.9	12349.8	3.6	0	135.7	1452	4	4762	0	2	1
155282	13817.1	12055.1	4.3	0	139	1560	3	4079	0	0	1
155378	13793.2	12435.5	7.8	0	174.3	1586	2	1884	0	0	1
155663	13768.4	12410.6	4.1	0	155	1664	3	4202	0	0	1
155916	13803.9	12371.6	6.8	0	177.9	1737	2	5046	0	0	1
155937	13767.9	12426.1	3.5	0	153	1741	3	5530	0	0	1
156148	13793	12504.4	7.8	0	195.7	1798	2	3022	0	0	1
156251	13701.6	12391.3	4.9	0	158.7	1824	2	3762	0	0	1
156283	13751	12424.2	6	0	136.5	1835	2	1749	0	0	1
156411	13805.5	12467.4	5.4	0	163.3	1866	2	2458	0	2	1
156692	13363	12373.8	6.4	0	146.8	1945	2	1579	0	0	1
156775	13742.8	12471.3	8.8	0	148.5	1969	2	1507	0	0	1
157037	13812.9	12078.7	7.6	0	145.4	2035	2	1556	0	0	1
157646	13822.2	12431.5	5.9	0	152.6	2205	3	3239	0	0	1
157831	13790.2	12075.6	2.6	0	146	2266	4	9399	0	1	1
157979	13524.9	12366.8	4.6	0	146.6	2307	3	3297	0	0	1
158159	13197.7	12082.3	2.9	0	165.2	2347	5	16449	0	3	1
158203	13190.7	12082.6	3.2	0	164.2	2361	5	12421	0	1	1
158342	13453.9	12701.1	10.8	0	167.1	2397	2	1128	0	0	1
158452	13023.7	12334.9	7.9	0	160.9	2422	2	1255	0	0	1
158547	13741.3	12261.5	10.2	0	168.4	2445	2	1019	0	0	1
158784	13602.8	12341.3	4.4	0	158.9	2506	2	3243	0	0	1
159719	13763.7	12314.2	12.7	0	165.3	2749	2	855	0	2	1
159946	13729	12274.5	4	0	136.7	2809	2	2682	0	0	1
160455	13841.7	12231.9	8.7	0	147.9	2946	2	1260	0	0	1
160589	13780.6	12242.5	6.7	0	164.7	2986	2	1954	0	0	1
160611	13177	12645.9	3.1	0	152.3	2989	3	5700	0	0	1
160834	13186.2	12075.1	4.2	0	163.7	3052	2	3413	0	0	1
160913	13794.1	12555.5	3.1	0	168.6	3073	5	9289	0	0	1
161064	13790.6	12574.6	6.4	0	148.9	3114	2	1801	0	0	1
161360	13197.5	12115.8	8.8	0	155.8	3197	3	1177	0	2	1
161441	13044.3	12445.1	5	0	147	3218	3	5854	0	0	1
161495	13542.2	12338.8	5	0	129.1	3231	2	1546	0	0	1
161711	13598.5	12331.2	6.3	0	147.6	3291	2	1350	0	0	1
161804	13379.4	11883.8	5.8	0	173.4	3317	4	4180	0	1	1
162023	13500.4	12790.1	10.1	0	181.9	3374	2	1212	0	0	1
162815	13070.1	12163	13.4	0	144.8	3618	2	498	0	0	1
163023	13192	12085.2	4.6	0	168.6	3677	5	11739	0	0	1
163484	13773.4	12388.1	6.1	0	156	3812	2	3943	0	0	1
163532	13793.5	12097.5	9.3	0	135.8	3827	2	925	0	0	1
164091	13816.8	12451.7	4.9	0	148	3974	3	2611	0	0	1
164107	13718.1	12284.4	2.8	0	131.6	3980	4	6790	0	1	1
164209	13832.4	12238.9	6.6	0	161.4	4018	3	3089	0	1	1
164700	13630.4	12364.4	4.6	0	151.8	4162	3	4309	0	0	1
164780	13807.3	12404	5.2	0	151	4189	2	2028	0	0	1
164890	13477.8	12593.5	4.9	0	168.2	4218	4	5357	0	2	1
164988	13813.9	12261.1	6.6	0	137.8	4252	2	2072	0	0	1
165314	13624.7	12313	4	0	174.4	4349	3	3648	0	0	1
165340	13536.6	12370.1	4.7	0	146.9	4357	5	4876	0	0	1
165443	13707.4	11978.6	4.1	0	150	4385	2	3345	0	0	1
165975	13552.4	12335.7	4.7	0	160.8	4537	2	4450	0	0	1
166065	13776	12415.8	5.3	0	159.7	4567	2	2340	0	0	1
166253	13740	12286.9	4.4	0	149.3	4623	3	3209	0	0	1
166355	13361.8	11895.9	9.6	0	161.6	4654	2	986	0	0	1
167018	13623.8	12321.7	3.1	0	155.1	4845	2	5675	0	0	1
167443	13632.4	12337.8	5.2	0	169.1	4969	3	3407	0	0	1
168468	13587.2	12324.7	7	0	161.8	5239	2	2152	0	0	1
168487	13703	12403	8.5	0	171.3	5245	2	1280	0	0	1
168667	13690.1	11994.5	7.2	0	165.4	5291	2	2200	0	0	1
169007	13789.8	12075.4	6	0	143.3	5386	2	1179	0	0	1
169222	13626.8	12328.1	6.9	0	148	5440	2	1946	0	0	1
169293	13188.7	12079.9	3.3	0	164.8	5460	2	5382	0	0	1
169451	13730.6	12292.7	10.9	0	150.7	5505	2	593	0	0	1
169492	13771.9	12377.4	3.1	0	158.9	5516	4	8744	0	0	1
169645	13730.1	12292.7	8.8	0	180.7	5559	3	2370	0	0	1
169724	13821.4	12408.4	4.6	0	156	5581	2	2959	0	0	1
170041	13754.8	12407.9	6.5	0	163.9	5671	2	4658	0	0	1
170080	13822.7	12406.5	3.1	0	149.3	5685	3	9599	0	1	1
170172	13722.5	12278.8	4.7	0	134.5	5706	3	2886	0	0	1
170453	13478.6	12673	9.6	0	165.3	5783	2	1727	0	0	1
170959	13949.8	12235.4	6.7	0	164.5	5918	3	2458	0	0	1
171137	13731.9	12274	4.4	0	147.7	5967	3	3058	0	0	1
171259	13567.3	12346.6	9.5	0	143	5998	2	940	0	0	1
171340	13621.5	12372.6	5.5	0	150.7	6022	2	5410	0	0	1
171348	13731.8	12305.5	7.4	0	176.1	6026	3	2169	0	0	1
171386	13213	12682.1	8.1	0	149.1	6037	2	1651	0	0	1
171447	13372.3	11884.9	10.6	0	187.5	6052	2	1065	0	1	1
171566	13809.9	12431	7.2	0	155.7	6086	2	1869	0	2	1
171908	13707.3	12394.9	4.5	0	153.3	6181	2	2134	0	0	1
172251	13773.2	12449.1	2.8	0	150	6284	3	7633	0	0	1
172675	13539.6	12324.5	4.9	0	148.7	6406	3	3666	0	0	1
172948	13711.2	12274.3	4.4	0	149.8	6477	3	3524	0	0	1
173413	13475.8	12678.2	5.6	0	167.4	6607	2	2983	0	0	1
173421	13473.4	12684.2	3.9	0	160.6	6609	4	7122	0	0	1
173428	13747	12285.5	7.6	0	168.8	6613	3	1471	0	0	1
173630	13732.4	12298.2	6.3	0	137.1	6671	2	1571	0	0	1
173976	13177	12663.2	6.5	0	156	6773	2	2449	0	0	1
174008	13813.5	12258.9	3.8	0	145.4	6782	3	4842	0	0	1
174411	13690.8	12387.5	4.8	0	157.8	6900	2	2227	0	0	1
174772	13030	12124	5.1	0	149.2	7004	5	4977	0	0	1
174894	13512.2	12390.5	5.7	0	163.5	7042	2	1913	0	0	1
174913	13027	12107.4	6.3	0	137.1	7047	2	1453	0	0	1
174980	13630	12345	6.8	0	156.7	7070	2	2557	0	0	1
175179	13203.8	12088.3	8.1	0	158.3	7136	2	1540	0	0	1
175365	13637.2	12396.2	9	0	171.2	7193	2	1422	0	0	1
175557	13812.4	12515.3	6.3	0	153.5	7243	2	1438	0	0	1
175823	13725.5	12276.3	4.3	0	131.6	7317	2	1926	0	0	1
175908	13531.4	12315.5	4.6	0	157.5	7341	2	3122	0	0	1
176138	13374.2	12381.9	6.4	0	161.7	7404	2	1480	0	0	1
176381	13226.4	12505	12.8	0	113.8	7475	2	398	0	0	1
176413	13180.2	12656.7	7.7	0	149.4	7484	2	1359	0	0	1
176883	13524.9	12613.1	8.6	0	161.4	7624	2	948	0	0	1
177132	13456.6	12735.7	7.9	0	152.8	7708	2	1486	0	0	1
177699	13031.4	12126.6	7.5	0	130.2	7883	2	955	0	0	1
177891	13628	12357.6	5.1	0	153.1	7937	2	3172	0	0	1
178229	13772.5	12112.3	6	0	153.2	8038	4	2421	0	0	1
178498	13763.9	12433.6	7.3	0	142.4	8121	2	2272	0	0	1
179328	13041.8	12110.2	7.2	0	153.1	8377	2	1561	0	0	1
179403	13535.2	12353.5	8.4	0	157.8	8399	2	1175	0	0	1
179631	13938.9	12506.8	3.5	0	195.8	8462	2	8267	0	0	1
179780	13787.3	12450.3	6.3	0	149.5	8500	3	2674	0	0	1
181344	13538.1	12342.9	6	0	147	8954	2	1327	0	0	1
181352	13580.9	12315	6.2	0	136.2	8958	2	1092	0	0	1
181553	13189.4	12662.1	6.9	0	144	9020	2	1401	0	0	1
182091	13708.4	12397.2	3.6	0	161.9	9176	2	4912	0	0	1
182775	13583.1	12335.9	5	0	153.5	9357	2	2701	0	0	1
182867	13690.2	12016.5	5.2	0	150	9381	2	3873	0	0	1
183156	13793.2	12492.7	6.9	0	150	9462	2	1031	0	0	1
183619	13619.5	12358.2	5.6	0	153.7	9600	2	2130	0	0	1
184100	13771.9	12086.2	4.4	0	152.8	9748	2	4137	0	0	1
184120	13784.7	12096.2	5.3	0	152.2	9753	2	3175	0	0	1
184698	13489	12561.2	15.2	0	184.8	9927	2	773	0	0	1
184936	13029.3	12118.5	7	0	151.6	9997	2	1976	0	0	1
185530	13792.2	12478.2	5.8	0	144.2	10170	2	2518	0	0	1
185543	13593.7	12334.9	5.9	0	149.9	10173	3	2429	0	0	1
185640	13791.8	12107.6	7.7	0	143.8	10202	2	1011	0	0	1
185725	13248.2	12038.4	12.7	0	178.9	10228	2	885	0	0	1
186192	13767.6	12096	11.4	0	152.4	10379	2	637	0	0	1
186230	13201.1	12075.6	9.2	0	161.6	10388	2	1066	0	0	1
186251	13224.1	12074.9	10.8	0	154.5	10393	2	843	0	0	1
186606	13876.8	12285.1	4.1	0	147.6	10488	3	3895	0	0	1
186683	13733.1	12261.2	5.3	0	141	10513	2	1355	0	0	1
187524	13774.6	12445.5	6.6	0	157.2	10792	2	1629	0	0	1
187778	13831	12440.6	5.4	0	167.1	10875	2	3517	0	0	1
188221	13701.8	12404.1	3.6	0	157.5	11019	3	7858	0	0	1
188373	13715.4	11985.2	5.2	0	156.6	11067	3	4432	0	0	1
188718	13513	12320.1	9.3	0	157.1	11179	2	1142	0	0	1
188902	13764.5	12358.4	6.6	0	160.9	11231	2	1631	0	0	1
189033	13797.7	12399.4	7.5	0	146.6	11281	2	971	0	1	1
189571	13033.8	12110.2	6.4	0	167.9	11424	2	1857	0	0	1
189589	13037.8	12452.1	8.6	0	168.7	11427	2	1225	0	0	1
189642	13182.7	12520.2	8.1	0	169.6	11445	2	1379	0	0	1
189912	13704.9	12419	7.4	0	161.9	11527	2	1569	0	0	1
190530	13799.3	12428.3	5.2	0	152.2	11717	4	4013	0	0	1
190571	13330.6	12415.4	5.5	0	161.8	11732	2	1794	0	0	1
190764	13571.8	12313.3	7.1	0	149	11788	2	1172	0	0	1
191267	13791.1	12562.9	8.5	0	167	11932	2	1456	0	0	1
191301	13575.8	12333.7	5.7	0	153.8	11941	3	2340	0	0	1
191442	13467.2	12673.1	7	0	148.9	11981	2	1843	0	0	1
Orientation 	1
ROI width 	1005
ROI height 	1005
ROI x1 	12970
ROI x2 	13975
ROI y1 	11830
ROI y2 	12835
1
