Index	X	Y	Precision	SEM	PSF	First_Frame	N_detections	Photons	Intensity	Frames_missing	Channel
18590	12426.6	7201.2	19	0	178.2	1351	1	494	0	0	1
18631	12438.4	7181.6	28	0	178.9	1354	1	342	0	0	1
60796	12433	7163.4	21.3	0	186.9	4901	1	563	0	0	1
99444	12474.1	7174.6	20.8	0	179.4	7950	1	364	0	0	1
99482	12451	7156.1	18.4	0	185.2	7953	1	563	0	0	1
107190	12502.1	7064.5	25.4	0	176.9	8598	1	317	0	0	1
108532	12447.3	7059.6	21.9	0	173.9	8704	1	370	0	0	1
108626	12442.4	7112.4	18.9	0	183.7	8712	1	450	0	0	1
108637	12463.4	7145	18.2	0	161.6	8713	1	356	0	0	1
108654	12472.6	7119.2	21.6	0	184.7	8714	1	416	0	0	1
117753	12433.1	7142.5	17.9	0	180	9433	1	558	0	0	1
120971	12467.4	7092.5	15.3	0	193.1	9699	1	907	0	0	1
122572	12315.4	6458.2	34.4	0	157.7	9825	1	198	0	0	1
128357	12242	6471.8	36.4	0	103.3	10292	1	76	0	0	1
133625	12485.7	7188.6	19.4	0	161.1	10731	1	313	0	0	1
141256	12411.8	7133.5	18.8	0	191.6	11367	1	524	0	0	1
141300	12406.7	7143.5	22.6	0	180.8	11370	1	457	0	0	1
141309	12450.9	7142.3	20.3	0	175.2	11371	1	422	0	0	1
141327	12426.9	7148.7	18	0	183.5	11373	1	494	0	0	1
141366	12445.9	7161.3	18.1	0	186.6	11376	1	558	0	0	1
141373	12395.7	7144.6	20.3	0	197.3	11377	1	525	0	0	1
154465	12446.9	7195.1	5.2	0	187.8	1347	4	4334	0	0	1
178451	12449.3	7176.6	4.3	0	193.4	8106	5	6044	0	1	1
178994	12459.8	7182.4	8.3	0	188.6	8278	3	1878	0	0	1
180443	12473.7	7101.2	14.1	0	185.6	8705	2	709	0	1	1
183057	12416.1	7130.3	8.3	0	188.9	9434	3	1796	0	0	1
189314	12427.6	7144.9	10	0	187.8	11356	2	1035	0	0	1
189321	12410	7157.9	9.2	0	184.3	11358	2	1050	0	0	1
189333	12441.7	7164.4	4.1	0	189.2	11360	5	7649	0	2	1
189356	12422.7	7147.4	11.7	0	182	11368	2	991	0	0	1
189393	12434.5	7145.5	10.6	0	184.1	11378	2	1122	0	0	1
Orientation 	1
ROI width 	1005
ROI height 	1005
ROI x1 	11860
ROI x2 	12865
ROI y1 	6220
ROI y2 	7225
1
