Index	X	Y	Precision	SEM	PSF	First_Frame	N_detections	Photons	Intensity	Frames_missing	Channel
14002	14710.1	22003.3	21.5	0	156.6	977	1	330	0	0	1
41482	14456.4	21715.8	27.4	0	168.5	3211	1	272	0	0	1
96089	14499.3	21935.3	18.1	0	139	7672	1	247	0	0	1
96100	14496	21913.2	20.3	0	148.1	7673	1	283	0	0	1
135689	14497.7	21938.8	13.5	0	157.1	10906	1	530	0	0	1
141521	14869.6	22082.4	22.1	0	152.9	11390	1	229	0	0	1
146506	14627	22546	32	0	155.2	11807	1	206	0	0	1
148585	14816.1	21903.3	18.8	0	160.6	11977	1	386	0	0	1
187882	14494.9	21919.5	7.1	0	146.3	10907	2	865	0	0	1
Orientation 	1
ROI width 	1005
ROI height 	1005
ROI x1 	14050
ROI x2 	15055
ROI y1 	21640
ROI y2 	22645
1
