Index	X	Y	Precision	SEM	PSF	First_Frame	N_detections	Photons	Intensity	Frames_missing	Channel
191571	9534.5	8609.3	32.6	0	176.8	4	1	615	0	0	2
191655	9456.4	8542.4	29.6	0	86.5	10	1	172	0	0	2
191868	9467.5	8625.2	35.1	0	164	26	1	548	0	0	2
194539	9396.1	8464.8	19.8	0	130.9	272	1	269	0	0	2
194770	9486.5	8543.7	41.1	0	109.6	299	1	116	0	0	2
194926	9322.6	8502.9	27.8	0	104.6	316	1	124	0	0	2
195161	9448.7	8528.2	25	0	147.3	342	1	246	0	0	2
195196	9381	8470.6	28.1	0	100.1	346	1	109	0	0	2
196101	9665.3	8606.6	24.3	0	95.6	461	1	108	0	0	2
196387	9379.8	8573.6	41.3	0	152.5	497	1	169	0	0	2
196505	9369.4	8485	18	0	139.8	513	1	482	0	0	2
196571	9570.8	8595.2	39.1	0	140.6	521	1	140	0	0	2
196652	9372.5	8461.5	37	0	118.5	535	1	128	0	0	2
196902	9437.6	8557	29.5	0	86.7	573	1	71	0	0	2
197176	9458.3	8570.7	30.5	0	136.9	621	1	157	0	0	2
197212	9372.4	8511.3	28.4	0	91.8	629	1	97	0	0	2
197468	9349.4	8494	32	0	134.9	678	1	148	0	0	2
197506	9356.4	8441	19.6	0	111.1	686	1	173	0	0	2
197632	9581.7	8573	28.3	0	135.2	709	1	158	0	0	2
197697	9672.1	8581.2	27.3	0	117.7	723	1	142	0	0	2
197719	9359.4	8490.6	25.6	0	124.1	728	1	210	0	0	2
197790	9398.1	8467.4	37.3	0	107.9	739	1	93	0	0	2
197831	9399	8587.9	34.8	0	138.9	746	1	152	0	0	2
197854	9385.7	8517.2	24.8	0	82.6	751	1	81	0	0	2
197985	9360.1	8474.3	17.3	0	107.6	773	1	205	0	0	2
198079	9377.8	8519.1	28.8	0	109.3	789	1	117	0	0	2
198245	9374.5	8463	40.2	0	123.2	817	1	143	0	0	2
198285	9381.6	8487.3	39	0	146.1	824	1	174	0	0	2
198433	9303.9	8473.7	22.1	0	127.2	846	1	207	0	0	2
198531	9356.3	8473.5	41.4	0	123.5	862	1	132	0	0	2
198776	9274.9	8812.7	26	0	103.2	903	1	136	0	0	2
198812	9247.1	8825.9	23.7	0	115.1	909	1	151	0	0	2
199008	9260.2	8892.1	29	0	113.4	942	1	119	0	0	2
199142	9239.6	8852.9	24	0	123.2	965	1	189	0	0	2
199927	9250.5	8858.6	30.6	0	97.3	1122	1	88	0	0	2
203904	9457.7	8550.9	26.4	0	118.5	2373	1	109	0	0	2
204642	9489.7	8573.7	38	0	129.8	2643	1	119	0	0	2
204941	9432.7	8558.8	30.9	0	141.1	2756	1	151	0	0	2
205125	9418.4	8536.6	35.7	0	117.7	2823	1	97	0	0	2
205354	9469.3	8486.4	22.7	0	101.3	2927	1	130	0	0	2
207792	9757.9	8808.6	31.4	0	109.5	3942	1	96	0	0	2
209382	9333.9	8420.5	30.1	0	108.3	4646	1	89	0	0	2
209400	9371.9	8503.7	26.8	0	82.5	4655	1	61	0	0	2
209430	9354.3	8449.5	23.4	0	119.6	4670	1	136	0	0	2
209668	9127.3	8371.9	31	0	122.5	4772	1	119	0	0	2
210765	9664.2	8644.2	32.7	0	140.6	5272	1	138	0	0	2
213030	9466	8499.4	37.8	0	103.5	6271	1	82	0	0	2
213089	9350.3	8609.5	31.6	0	177.9	6299	1	260	0	0	2
213098	9247	8555.8	37.5	0	133.7	6304	1	131	0	0	2
213115	9298	8541	29.5	0	161.4	6313	1	225	0	0	2
213227	9514.6	8504.9	30	0	101.9	6356	1	104	0	0	2
213631	9302.5	8576.7	34.6	0	176.5	6507	1	242	0	0	2
216034	9376.4	8157.1	34.9	0	122.3	7614	1	119	0	0	2
216069	9298.2	8306.4	38	0	112.2	7624	1	84	0	0	2
218224	9488.3	8480.1	35.1	0	103.9	8657	1	78	0	0	2
218458	9294.8	8559.2	25.3	0	163.9	8782	1	248	0	0	2
219644	9367.3	8494.6	18.2	0	109.7	9401	1	172	0	0	2
224475	9499.4	8564.3	39.4	0	133	19	2	643	0	0	2
224566	9513.7	8564.6	12.7	0	135.3	30	18	6339	0	14	2
224799	9506.1	8596.4	12.7	0	124.4	63	2	914	0	0	2
225070	9462.2	8541	11.3	0	137.7	105	3	1651	0	10	2
225148	9517.1	8549.5	9.4	0	136.8	119	10	3587	0	15	2
225424	9513	8541.4	15.8	0	135.3	172	5	1159	0	1	2
225465	9484.7	8546.6	15.1	0	134.5	181	5	1301	0	1	2
225528	9469.2	8539	7.9	0	135.2	193	24	6551	0	14	2
225682	9478.6	8511.2	12.8	0	151.8	231	19	7087	0	11	2
225819	9478.3	8528.9	19.7	0	138.2	265	2	651	0	0	2
225891	9416.5	8540.4	34.5	0	98.1	285	2	198	0	1	2
225925	9678.1	8581.9	23.7	0	108	294	2	252	0	0	2
225969	9488.6	8571.6	27.3	0	127.8	306	4	793	0	0	2
226020	9419.4	8511.3	21.1	0	130.6	321	7	1292	0	3	2
226075	9495.1	8550.6	27.2	0	149.9	335	3	710	0	0	2
226135	9472.2	8555.2	20	0	150.3	353	2	511	0	0	2
226160	9399.5	8526.3	23.1	0	127.6	358	8	1518	0	3	2
226238	9387.7	8509.5	18.3	0	138.2	380	4	713	0	1	2
226456	9642.7	8603.8	16.2	0	140.5	453	2	521	0	0	2
226690	9483.1	8572.8	34.7	0	133.2	543	5	747	0	4	2
226753	9412.4	8539.5	17.5	0	138.1	565	4	813	0	0	2
226787	9469.8	8535.7	26.4	0	158	578	4	937	0	3	2
226824	9426.5	8538.4	17.6	0	140.1	591	8	1737	0	6	2
226865	9435.9	8563.1	30.6	0	144.2	611	2	314	0	0	2
226922	9345.3	8480.2	19.8	0	100	636	2	204	0	1	2
227204	9347	8535.9	18.6	0	140.6	764	2	329	0	0	2
227430	9357.8	8467.9	22.6	0	122.8	851	2	372	0	0	2
227451	9398.6	8494	26.4	0	134	857	2	371	0	0	2
227487	9351.7	8470.2	16.5	0	119.3	868	3	366	0	2	2
227589	9259.4	8827.2	13.5	0	128.5	897	2	431	0	0	2
227594	9336.9	8600.5	24.5	0	161.7	899	2	399	0	1	2
228160	9652.8	8580.1	19.9	0	136.6	1115	2	352	0	0	2
228170	9473.3	8512.8	19.1	0	126.4	1120	2	509	0	0	2
228205	9492.9	8509.2	7.3	0	123.8	1136	5	1315	0	0	2
230697	9378.6	8541.9	17.9	0	111.9	2761	3	322	0	1	2
230918	9483.6	8502.2	12.5	0	126	2936	7	897	0	7	2
230939	9488.2	8505	16.8	0	130.4	2954	2	336	0	0	2
233020	9354.2	8445.9	21.1	0	108.6	4660	3	253	0	2	2
233493	9487.6	8592.6	13.4	0	107.5	5078	3	254	0	0	2
233505	9489.5	8567.2	13.2	0	109.9	5087	3	370	0	2	2
233862	9027.4	8286	14.4	0	122.4	5404	5	708	0	0	2
234103	9501	8589.1	19.1	0	120	5574	6	922	0	6	2
235159	9489.1	8035.7	20.7	0	134	6193	2	312	0	0	2
235534	9522	8648	15.5	0	122.5	6453	3	569	0	0	2
237367	9375.8	8475.1	16.5	0	94.7	7653	2	160	0	2	2
237623	9242.5	8140.5	16	0	128.6	7820	3	480	0	3	2
240008	9392.7	8586.2	13.3	0	162.4	9632	3	1148	0	3	2
240023	9403.4	8611.6	21.2	0	169.6	9642	4	770	0	1	2
241845	9477.6	8523.6	6.8	0	118.7	11167	13	2249	0	3	2
Orientation 	1
ROI width 	1005
ROI height 	1005
ROI x1 	8950
ROI x2 	9955
ROI y1 	7990
ROI y2 	8995
2
