Index	X	Y	Precision	SEM	PSF	First_Frame	N_detections	Photons	Intensity	Frames_missing	Channel
605	18534.7	10674.1	16.1	0	165.1	31	1	943	0	0	1
1247	18339.9	10721	25.3	0	168.5	68	1	540	0	0	1
1449	18357.9	10695.8	22.4	0	121.4	80	1	291	0	0	1
1521	18177.8	10588.8	23.9	0	119.5	84	1	257	0	0	1
1577	18346.7	10609.6	27.1	0	147.1	87	1	297	0	0	1
1610	18351.3	10691.3	18.7	0	120	89	1	257	0	0	1
1879	18394.2	10706.7	24.6	0	169	107	1	471	0	0	1
1926	18439.6	10673.5	25.4	0	188.7	110	1	518	0	0	1
2531	18352.3	10711.9	21.7	0	124.7	147	1	291	0	0	1
2556	18705.9	10610.4	15.6	0	137.8	149	1	549	0	0	1
2740	18345.6	10698	34.2	0	138.1	159	1	236	0	0	1
3314	18309.8	10688.4	44.9	0	108	196	1	170	0	0	1
3780	18283.1	10677.8	32.9	0	158.5	226	1	346	0	0	1
3919	18627.6	11088.2	17.5	0	145.8	235	1	771	0	0	1
4181	17911	10700.4	9.3	0	147.4	252	1	1468	0	0	1
4494	18347.5	10616.1	29.9	0	193.9	272	1	529	0	0	1
4627	18629.5	10661.1	21.5	0	140.2	281	1	359	0	0	1
4689	18506.2	10640.2	26	0	159.2	285	1	341	0	0	1
4820	18341.9	10706.1	27.9	0	116.3	294	1	180	0	0	1
4879	18076.4	10735.9	34.2	0	118.8	299	1	240	0	0	1
4904	18303.5	10723.7	41.9	0	145.2	301	1	321	0	0	1
4929	18339.6	10694.9	25.6	0	131.3	303	1	300	0	0	1
4961	18574.3	10718.9	40.8	0	139.5	305	1	297	0	0	1
5160	18370.1	10748.6	35.3	0	150	319	1	263	0	0	1
5180	18367.1	10682.7	18.4	0	142.9	320	1	298	0	0	1
5743	18341.2	10700.8	14.3	0	135.9	363	1	571	0	0	1
5880	18273.5	10691.7	23.8	0	160.1	372	1	360	0	0	1
5920	18409.7	10720.6	23.1	0	130.4	375	1	252	0	0	1
5927	18654.6	11067.6	12.9	0	153.8	376	1	830	0	0	1
5967	18410.3	10667.9	25.9	0	173.6	379	1	385	0	0	1
5996	18404.1	10569.7	16.5	0	196.7	381	1	722	0	0	1
6077	18366.6	10704.2	19.6	0	164.8	387	1	413	0	0	1
6095	18372.3	10682.1	27.6	0	148.8	388	1	261	0	0	1
6143	18500.2	10712.8	20.7	0	159	392	1	591	0	0	1
6161	18421.5	10723.6	27.9	0	159.6	393	1	356	0	0	1
6174	18349.6	10723.4	21.2	0	143.3	394	1	324	0	0	1
6255	18386.7	11336	19.9	0	155.4	400	1	463	0	0	1
6436	18261.9	10539.2	25.3	0	133.1	413	1	275	0	0	1
6453	18345.9	10633.5	25.4	0	196.8	414	1	833	0	0	1
6559	18362.6	10702.7	22.2	0	156.9	421	1	437	0	0	1
6625	18374.4	10716.9	26.4	0	155.5	425	1	311	0	0	1
6627	18582.5	10670.5	10.9	0	161.6	426	1	1145	0	0	1
6783	18296.4	10688.5	29	0	189.5	436	1	506	0	0	1
6833	18386.4	10697.7	24.2	0	135.4	440	1	266	0	0	1
6924	18384.7	10693.1	25.8	0	153.8	445	1	321	0	0	1
6932	18333.2	10690.2	17.9	0	139.1	446	1	326	0	0	1
6981	18330.6	10651.2	23.8	0	127.9	448	1	188	0	0	1
7077	18344.3	10696.6	22.3	0	153.3	454	1	320	0	0	1
7308	18358.8	10705.3	20.9	0	159.4	471	1	456	0	0	1
7363	18189.3	10421.7	26.4	0	136.6	475	1	353	0	0	1
7386	18606	10678.8	7.8	0	161.9	477	1	2514	0	0	1
7420	18475.4	10690.9	17.3	0	162.4	479	1	567	0	0	1
7435	18497.5	10711.1	18.1	0	187.3	480	1	745	0	0	1
7459	18609.5	10699.8	27	0	145.3	481	1	263	0	0	1
7511	18619.2	10635.5	26.2	0	139.2	485	1	301	0	0	1
7530	18618	10655.6	20.7	0	169.4	486	1	417	0	0	1
7548	18509.2	10675.6	23.4	0	183.4	487	1	552	0	0	1
7564	18564.5	10661.9	28.2	0	157.8	488	1	412	0	0	1
7574	18592.5	10681.2	17.6	0	162.8	489	1	550	0	0	1
7612	18488.3	10681.3	23.2	0	178.7	491	1	431	0	0	1
7643	18644.6	10670.6	13.3	0	162.1	494	1	912	0	0	1
7740	18467.8	10728.2	31.8	0	182.3	500	1	430	0	0	1
7831	18590.7	10687.9	22.6	0	165	506	1	398	0	0	1
7948	18388.4	10692.2	27.6	0	136	514	1	253	0	0	1
7964	18351.4	10673.8	27.1	0	149.3	515	1	317	0	0	1
8390	18481.8	10694.8	20.8	0	189.1	547	1	581	0	0	1
8557	18433.1	10681.3	27.6	0	138.9	559	1	277	0	0	1
8609	18620.7	10677	9.6	0	150.1	563	1	1315	0	0	1
8716	18547.4	10672	22	0	179.5	569	1	515	0	0	1
8730	18670.7	10636.1	26.1	0	169.3	570	1	461	0	0	1
8763	17914	10585.5	12.2	0	159	573	1	759	0	0	1
8853	17885.7	10591.2	21.4	0	148.4	578	1	316	0	0	1
8889	18542.5	10691.3	15.3	0	179.8	581	1	653	0	0	1
8991	18552.6	10683.7	26.1	0	155.2	587	1	317	0	0	1
9055	18635.7	10652	16.8	0	139.7	593	1	431	0	0	1
9102	18419.1	10679.9	18.2	0	182.7	596	1	522	0	0	1
9172	18541.2	10667.9	19.7	0	184.1	601	1	622	0	0	1
9207	18560.9	10676.8	32.9	0	183.1	603	1	492	0	0	1
9229	18508.6	10707.1	26	0	183.8	604	1	559	0	0	1
9250	18269.7	10716.4	35.2	0	156.4	605	1	250	0	0	1
9274	18640.3	10646.6	26.4	0	149	607	1	275	0	0	1
9444	18572.2	10679.4	10.3	0	168.2	621	1	1056	0	0	1
9467	18475.4	10682.2	16.4	0	184.3	622	1	684	0	0	1
9479	18569.2	10701.1	24.3	0	133	623	1	288	0	0	1
9492	18505.5	10697.9	19.6	0	193.3	624	1	675	0	0	1
9514	18217.3	10437.3	35.6	0	106.1	625	1	143	0	0	1
9583	18356.7	10687.6	31.6	0	163.8	629	1	302	0	0	1
9632	18470.9	10698.3	14.8	0	184.4	633	1	689	0	0	1
9642	18614.2	10683.8	22	0	143.8	634	1	377	0	0	1
9659	18616.7	10653	21.6	0	140.8	635	1	344	0	0	1
9880	18604.1	10688.1	21.7	0	148.4	654	1	333	0	0	1
9914	18504.6	10742	23.7	0	196.2	657	1	800	0	0	1
9926	18603.3	10681.3	11.9	0	145.9	658	1	663	0	0	1
9944	18707.4	10673.3	30.6	0	124.2	659	1	229	0	0	1
10030	18498.1	10662.5	19.6	0	172.7	665	1	640	0	0	1
10116	18036.9	10722.6	30.5	0	110.5	671	1	142	0	0	1
10337	18701.5	10622.3	35.3	0	113.1	689	1	143	0	0	1
10374	18488	10673.3	18.8	0	181.6	692	1	485	0	0	1
10425	18293.8	10735.6	35.3	0	142.5	695	1	208	0	0	1
10492	18401.5	10673	21.3	0	155.3	700	1	349	0	0	1
10512	18346.7	10691.2	28	0	142.9	701	1	280	0	0	1
10545	18595.2	10672	7.8	0	145.8	704	1	1461	0	0	1
10621	18348.2	10721.1	25.7	0	136.4	709	1	305	0	0	1
10650	18356.1	10686.7	16.9	0	127.7	711	1	258	0	0	1
10724	18603.1	10660.3	8.5	0	144	717	1	1232	0	0	1
10787	18362.8	10691.7	27.6	0	130.5	722	1	180	0	0	1
10957	18376.1	10702.9	32.5	0	159.6	735	1	254	0	0	1
11152	18354.3	10670.2	23.8	0	150.3	749	1	275	0	0	1
11226	18367.9	10721.4	32.8	0	138.8	754	1	225	0	0	1
11282	18248.9	10656	17.6	0	132.6	757	1	307	0	0	1
11301	18297.7	10698.3	17.8	0	165.3	758	1	466	0	0	1
11352	18402.7	11016.4	36.8	0	115.2	761	1	164	0	0	1
11396	18353.2	10653.7	22	0	156.7	765	1	345	0	0	1
11489	17796.7	10791.3	10.5	0	197.4	774	1	1722	0	0	1
11546	18381.1	10729.5	19.8	0	159.9	777	1	410	0	0	1
11656	18540.3	10677.5	16.3	0	167.1	787	1	602	0	0	1
11693	18390.8	10709.8	21.4	0	121.5	789	1	166	0	0	1
11774	18374.3	10745.9	24.9	0	171.7	796	1	504	0	0	1
11899	18517.2	10672.5	23.7	0	165.9	806	1	473	0	0	1
11911	18489.3	10685.1	19.7	0	169.7	807	1	626	0	0	1
11923	18364.4	10693.8	20.6	0	138.8	808	1	404	0	0	1
12026	18534.8	10671.7	14.4	0	185.6	816	1	1063	0	0	1
12063	18587.6	10674.2	12	0	167	819	1	744	0	0	1
12077	18626.3	10656	13.1	0	142	820	1	590	0	0	1
12101	18473.5	10686.3	18.7	0	198.5	821	1	690	0	0	1
12111	18358.3	10691.5	22.1	0	138.2	822	1	327	0	0	1
12136	18357.4	10714.7	22.8	0	160.1	823	1	362	0	0	1
12221	18642.6	10689.8	27.2	0	130.3	829	1	193	0	0	1
12240	18352.9	10712.6	26.7	0	135.6	831	1	222	0	0	1
12302	18343.4	10700.1	22.3	0	154.9	836	1	314	0	0	1
12330	18369.1	10723.7	17.8	0	151.8	839	1	360	0	0	1
12346	18386.7	10690.3	19.8	0	164	840	1	440	0	0	1
12363	18426.4	10695.9	33.6	0	182.5	841	1	306	0	0	1
12419	18352.5	10696.3	24.1	0	156	845	1	314	0	0	1
12453	18305.1	10671.1	24.9	0	191.3	848	1	566	0	0	1
12508	18380.2	10673.7	20	0	160.1	852	1	362	0	0	1
12515	18318.2	10723.9	21.4	0	186.3	853	1	601	0	0	1
12660	18339.5	10754.4	18.7	0	174.2	864	1	561	0	0	1
12741	18102	10410.3	22.2	0	137.2	871	1	610	0	0	1
12781	18432.5	10664.9	19.2	0	183.8	873	1	1014	0	0	1
12817	18307.3	10774.1	23	0	188.2	875	1	561	0	0	1
12827	18307.8	10794.4	17.2	0	154.3	876	1	459	0	0	1
12898	18369.4	10748.8	21.2	0	183.8	881	1	522	0	0	1
13112	18379	10711.2	20	0	166.5	901	1	357	0	0	1
13127	18357.2	10711.1	20.1	0	146.6	902	1	277	0	0	1
13203	18307.8	10699	31.1	0	167.8	909	1	351	0	0	1
13231	18591.7	10589.1	16.9	0	183.6	913	1	769	0	0	1
13248	18617.4	10592	13.9	0	159	914	1	567	0	0	1
13262	18367.2	10703.3	18.2	0	151	915	1	380	0	0	1
13526	18392.3	10689.4	20.1	0	179	937	1	507	0	0	1
13711	18355.2	10711.2	36.5	0	142.1	952	1	241	0	0	1
14071	18360.8	10686.1	22.7	0	167.5	983	1	427	0	0	1
14536	18391.5	10707.8	19.6	0	162.4	1023	1	344	0	0	1
14545	18370.8	10681.8	22.8	0	146.8	1024	1	275	0	0	1
14618	18346.3	10708.5	25.1	0	126.7	1029	1	212	0	0	1
14888	18415.7	11321.6	14.7	0	187.4	1054	1	916	0	0	1
15686	18637.7	11124.4	22.4	0	134.8	1119	1	214	0	0	1
15729	17910.6	10572.5	16.5	0	165.1	1123	1	695	0	0	1
16184	18092.9	10426.5	14.4	0	166	1156	1	747	0	0	1
16643	17871.6	10697.7	14.3	0	174.5	1195	1	922	0	0	1
17138	17843	10748.5	29.1	0	111	1233	1	145	0	0	1
17284	17881.5	10673.9	17.8	0	164.4	1244	1	745	0	0	1
19187	18239.9	10414.7	34.1	0	105	1403	1	104	0	0	1
19972	17869.4	10609.2	15.4	0	188.5	1467	1	838	0	0	1
20220	18447.5	10450.4	15.8	0	163.4	1489	1	503	0	0	1
20851	17945.9	10718	17.2	0	177.5	1538	1	1116	0	0	1
20865	17911.8	10686.3	11.1	0	154.3	1539	1	909	0	0	1
21524	18101.6	10445	15.5	0	162.1	1595	1	709	0	0	1
21690	18349.5	11225.2	17.7	0	180.2	1608	1	599	0	0	1
21842	18156	10602.6	21.2	0	121.1	1620	1	156	0	0	1
21856	17888.4	10692.9	25.4	0	168.2	1621	1	341	0	0	1
22679	17843.6	10663.2	24.1	0	187.6	1691	1	409	0	0	1
22838	17894.3	10725.2	11.9	0	157.9	1706	1	740	0	0	1
22991	17851.5	10614.8	14.8	0	155.3	1720	1	527	0	0	1
23005	17821.6	10644.8	30.9	0	123.1	1721	1	151	0	0	1
23727	18054.8	10699.3	29.2	0	103.2	1781	1	109	0	0	1
24041	18451.2	10421.4	25.5	0	168.7	1807	1	516	0	0	1
24055	18418.9	10420.2	18.4	0	146.2	1808	1	315	0	0	1
25297	18043.7	10617.3	10.5	0	171.5	1912	1	873	0	0	1
25359	18017	10643.3	12.4	0	164.8	1918	1	806	0	0	1
25482	18559.2	10575.9	9.1	0	165.9	1929	1	1102	0	0	1
27223	17944	11176.4	12.8	0	173.6	2077	1	917	0	0	1
28624	18123.1	10578.9	33.6	0	162.1	2194	1	658	0	0	1
29924	18149.4	10784.5	8.4	0	162.4	2295	1	2274	0	0	1
29939	18145.5	10806.4	9.5	0	155.5	2296	1	1331	0	0	1
30064	18136.4	10834.1	16.2	0	199.4	2304	1	1383	0	0	1
30831	17899.3	10610.9	9.5	0	173.3	2358	1	1312	0	0	1
30848	17919.8	10620.5	12.4	0	174.5	2359	1	835	0	0	1
31617	18295.6	11332.4	18.8	0	159.8	2417	1	351	0	0	1
31638	18329.3	11317.4	24	0	168.3	2418	1	304	0	0	1
31654	18616.9	10600.2	15.1	0	180.1	2420	1	988	0	0	1
31663	18574.1	10596.7	6.1	0	152	2421	1	2030	0	0	1
32007	18615.8	10496.9	28.7	0	108.2	2446	1	123	0	0	1
32014	18598	10487.3	27.2	0	107.1	2447	1	134	0	0	1
32051	18268.6	10506.3	15	0	166.3	2450	1	715	0	0	1
32319	17894.7	10585.3	17.3	0	157.7	2471	1	371	0	0	1
32355	17964.5	11119.5	9.5	0	162.9	2474	1	978	0	0	1
32399	18055.6	10518	13.4	0	161.9	2477	1	822	0	0	1
33223	17935.4	11190.4	24.6	0	125.9	2538	1	190	0	0	1
33266	17791.4	10808.4	28.6	0	162	2542	1	387	0	0	1
34204	18297.1	11234.5	10.8	0	157.2	2615	1	763	0	0	1
34435	17818.4	10811.6	13.6	0	192.6	2632	1	1081	0	0	1
34728	18293.6	11197.2	20.6	0	137.4	2659	1	328	0	0	1
35196	18219.5	10437.1	40.1	0	111.1	2698	1	108	0	0	1
35409	18569.5	11079.7	26.5	0	156	2715	1	224	0	0	1
35426	18549.2	11095.5	22.8	0	199.8	2716	1	524	0	0	1
35634	18659.4	11066.1	10.3	0	175.7	2733	1	1982	0	0	1
35651	18627.2	11075.6	12	0	174.8	2734	1	842	0	0	1
35740	18364.9	11193.5	21.2	0	146.4	2741	1	237	0	0	1
37283	18609	11120.4	7.5	0	171.7	2865	1	1818	0	0	1
37454	17894.9	10609	26.1	0	147.4	2877	1	199	0	0	1
37632	17887.4	10618.4	21.3	0	172.6	2890	1	450	0	0	1
37877	17838.3	10782.9	19.5	0	184.8	2910	1	536	0	0	1
38008	18303.2	11229	10	0	157.1	2922	1	938	0	0	1
38160	18321.4	11248.5	26.3	0	131.5	2934	1	206	0	0	1
38490	18639.8	11118.2	13.6	0	159.3	2961	1	763	0	0	1
38805	18229.1	10387.2	13.5	0	169	2986	1	753	0	0	1
38818	18203.8	10448.8	22.1	0	152.3	2987	1	294	0	0	1
38843	18304.8	11204.8	10.2	0	142	2990	1	781	0	0	1
39010	18636	10595.6	11.4	0	147.3	3004	1	593	0	0	1
39550	18637.5	11058.4	28.8	0	143.3	3048	1	199	0	0	1
39583	17822.4	10797.2	18.1	0	183.5	3051	1	613	0	0	1
39712	18594.4	11146.5	33.1	0	107.6	3062	1	114	0	0	1
40126	18108	10434.6	8.7	0	148.9	3097	1	957	0	0	1
40208	18183.2	10378.9	28.4	0	113	3103	1	143	0	0	1
40392	18290.4	11214.8	9.1	0	146.1	3118	1	919	0	0	1
40519	18047.5	10483.2	28.8	0	156.4	3127	1	223	0	0	1
40662	18339.3	11231.5	20.5	0	155.4	3141	1	263	0	0	1
40940	18312.2	11220.5	13.7	0	136	3165	1	489	0	0	1
41112	18335.7	11203.9	16.7	0	142.2	3181	1	432	0	0	1
41196	18296.9	11208.8	11.2	0	161.7	3188	1	897	0	0	1
41210	18315.6	11223.2	17.3	0	145.9	3189	1	384	0	0	1
41732	18313.5	11222.2	26.3	0	151.1	3235	1	404	0	0	1
41880	18389.3	11230.6	14.3	0	175.1	3247	1	675	0	0	1
42046	18032.6	10767.6	25.8	0	142.7	3260	1	318	0	0	1
42942	18672	11111.4	25.2	0	196.5	3340	1	735	0	0	1
43250	18219.8	10390.3	26.3	0	109.9	3364	1	155	0	0	1
43491	17882.3	10684	18.1	0	158.6	3385	1	478	0	0	1
43659	17843.5	10623.4	29.4	0	169.8	3399	1	290	0	0	1
44130	18038.9	10506.5	30.1	0	119.1	3438	1	156	0	0	1
44440	18216.2	10364.6	26.5	0	108.3	3463	1	185	0	0	1
44507	18220.1	11183.2	15.5	0	193	3469	1	889	0	0	1
44533	18191.4	10412.6	27.2	0	114.3	3470	1	148	0	0	1
45346	18328.7	11263	13.5	0	170.8	3542	1	602	0	0	1
45442	18335.3	11290.4	7	0	171.6	3551	1	1759	0	0	1
45463	18351.9	11265.7	11.5	0	178.7	3552	1	889	0	0	1
45513	18339	11269.8	6.7	0	166.8	3556	1	1846	0	0	1
46793	18684.4	10604.7	21.6	0	140	3669	1	219	0	0	1
47168	18643.6	11093.6	9.7	0	151.2	3704	1	896	0	0	1
47236	18645.3	11100.9	15.2	0	141.1	3710	1	456	0	0	1
47549	18678.4	11050.2	12.7	0	153.3	3737	1	516	0	0	1
47617	18612.4	11053.4	20.4	0	166.3	3742	1	535	0	0	1
47626	18595.5	11036.2	32.6	0	163.8	3743	1	434	0	0	1
48449	18681.5	11113.2	24.3	0	142.9	3813	1	250	0	0	1
48697	17941.2	11079.1	22.4	0	146.1	3837	1	265	0	0	1
48839	18317.1	11301	15.4	0	168.1	3849	1	656	0	0	1
49721	18342.2	11267.4	13	0	165.4	3924	1	652	0	0	1
49731	18377.9	11260.2	17.2	0	182.8	3925	1	586	0	0	1
50339	18173.1	10798.8	18	0	156.3	3978	1	380	0	0	1
50625	18003.2	10613.6	20.3	0	189.9	4004	1	463	0	0	1
50642	18551.7	10604.7	18.9	0	143.7	4006	1	280	0	0	1
52609	17887.6	10580.7	17.5	0	160.6	4184	1	550	0	0	1
53662	17814.3	10648.1	33.9	0	178.1	4279	1	246	0	0	1
54911	18606.4	11118.3	16	0	184	4390	1	665	0	0	1
55058	18623.5	10584.5	7.2	0	154.2	4404	1	1264	0	0	1
55307	18102.6	10428.5	10	0	174.7	4423	1	1361	0	0	1
55362	18199.4	10369.4	26.6	0	105	4427	1	92	0	0	1
55422	17880.2	10607	23.2	0	100.4	4433	1	98	0	0	1
56277	18676.3	11111.5	12.2	0	175.5	4506	1	1315	0	0	1
56296	18700.8	11062.9	32.4	0	182.9	4507	1	477	0	0	1
56532	17877.5	10594.9	13.4	0	191.6	4529	1	1070	0	0	1
56555	17888.7	10550.8	28.5	0	179.5	4530	1	336	0	0	1
56945	18285.3	11210.6	11.7	0	126.5	4565	1	502	0	0	1
57629	18581.5	10740.8	29.6	0	115	4622	1	136	0	0	1
57999	18044	10577.7	24.5	0	109.1	4656	1	138	0	0	1
58183	18146.9	10629.9	12.1	0	159.2	4674	1	662	0	0	1
58289	17776.8	10819.4	22	0	154.4	4682	1	274	0	0	1
58636	18448.6	11325.1	32.7	0	153.6	4713	1	206	0	0	1
60036	18118.9	10443.1	11.8	0	160.6	4837	1	682	0	0	1
60056	18144	10448.8	30.2	0	177.5	4838	1	276	0	0	1
61087	17957.3	11082.6	10.9	0	168.7	4923	1	1108	0	0	1
61220	17951.8	10833.8	16	0	196.4	4930	1	796	0	0	1
61312	18410.6	11273	15	0	195.9	4936	1	892	0	0	1
61663	18016	10864.3	18.3	0	179.2	4959	1	579	0	0	1
62610	18267.9	10417.2	20.5	0	142.5	5019	1	232	0	0	1
62626	18240.1	10506.7	22	0	172.7	5020	1	432	0	0	1
62642	18259.5	10468.1	17.8	0	153.1	5021	1	376	0	0	1
63164	18273.7	10427.3	23.8	0	158.6	5056	1	301	0	0	1
63458	18385.8	11252.6	19	0	189.6	5077	1	672	0	0	1
63475	18328.5	11276.2	23.7	0	154.9	5078	1	252	0	0	1
63537	18373.4	11235.4	25.8	0	160.6	5081	1	256	0	0	1
63548	18347.5	11242.3	17.8	0	181.1	5082	1	510	0	0	1
63566	18326.8	11255.3	18.4	0	182.5	5083	1	442	0	0	1
63974	18472	10434.3	23.4	0	149	5113	1	391	0	0	1
64004	18440.7	10392.9	18.7	0	163.1	5115	1	363	0	0	1
65280	18039.6	10518.5	33.7	0	121.9	5206	1	196	0	0	1
65298	18031.1	10545.8	32.7	0	106.1	5207	1	122	0	0	1
65491	18575.6	11122.3	24.3	0	167.7	5222	1	318	0	0	1
65499	18615.6	11106.3	21.7	0	184.1	5223	1	474	0	0	1
65554	18518.6	11075.2	24	0	182.3	5227	1	429	0	0	1
65863	18009.6	10874.7	23.5	0	150.5	5247	1	315	0	0	1
66340	18280.1	10691.3	16.8	0	173.7	5279	1	529	0	0	1
66370	18262.8	10716.7	29.8	0	131.9	5281	1	311	0	0	1
66660	18215.7	10424.3	21.6	0	147.1	5301	1	288	0	0	1
66681	17913.3	10667	14.4	0	167.9	5303	1	644	0	0	1
67876	17872.5	10769	31.8	0	101.1	5385	1	91	0	0	1
68317	18054.7	10905.7	13.5	0	195.4	5420	1	1092	0	0	1
68709	18077	11117.4	33	0	157.4	5448	1	325	0	0	1
68781	17862.9	10678.6	32.5	0	193.3	5454	1	448	0	0	1
68871	17858.2	10697.3	39.6	0	184.5	5462	1	357	0	0	1
69050	18338.2	11269.5	11.5	0	159.2	5475	1	664	0	0	1
69071	18304.4	11297.4	30.2	0	144.9	5476	1	217	0	0	1
69091	18155.4	10846.1	21.2	0	158.5	5478	1	326	0	0	1
70412	18107.6	10620	27.9	0	136.4	5579	1	251	0	0	1
70762	18278	10468.9	21.3	0	139.7	5605	1	207	0	0	1
70989	18570.7	10584.4	9	0	148.2	5620	1	873	0	0	1
71018	18082.6	10424.1	13.3	0	163	5623	1	712	0	0	1
71143	18587.9	10612.3	16.4	0	151.1	5635	1	794	0	0	1
71364	18303.5	11212.1	12	0	141.5	5651	1	650	0	0	1
71534	18026.2	10840.8	17	0	162.1	5665	1	462	0	0	1
71603	18297	11244.4	13	0	167.5	5670	1	1132	0	0	1
71699	18614.5	11033.7	19.9	0	195.4	5678	1	771	0	0	1
71984	17890.7	10631.3	9.3	0	193.6	5699	1	2451	0	0	1
72619	18148	10415.4	33.1	0	138.6	5747	1	156	0	0	1
73043	18401.5	11309.2	11.1	0	153.5	5782	1	773	0	0	1
73320	18572.1	10583.8	11.3	0	150.2	5804	1	742	0	0	1
73336	18528.9	10549.6	10.9	0	163.7	5805	1	1109	0	0	1
73745	18609.4	10694.1	24.5	0	127	5835	1	164	0	0	1
75345	18165.8	10396.8	30.9	0	117.3	5965	1	130	0	0	1
75347	18196.2	10362.7	35.1	0	106	5966	1	98	0	0	1
75936	18357.7	11204.2	22	0	174.7	6008	1	401	0	0	1
75946	18335.1	11203.1	13.2	0	166.3	6009	1	762	0	0	1
75971	18305.5	11201.1	13.1	0	129.9	6010	1	505	0	0	1
76116	18065.3	10536.3	24.3	0	100	6020	1	129	0	0	1
77321	17824.1	10653.7	16.6	0	174.9	6114	1	554	0	0	1
77385	18677.5	10625.1	19.4	0	140.6	6120	1	435	0	0	1
77898	18318	11361.1	13	0	166.7	6162	1	827	0	0	1
78705	17818.2	10802.2	13.5	0	184.3	6227	1	945	0	0	1
80227	18314.7	11198.4	26.1	0	144.8	6347	1	209	0	0	1
80743	18557.9	11214.5	29.7	0	159.9	6389	1	227	0	0	1
80744	18606.2	11185.2	17.3	0	104	6390	1	250	0	0	1
81156	18029.2	10463.7	30.1	0	146.8	6423	1	197	0	0	1
82919	18290.5	10731.2	22	0	167.9	6564	1	315	0	0	1
83023	17803.7	10803	10.9	0	164.5	6574	1	895	0	0	1
83773	18188.8	10412.6	25.7	0	162	6633	1	318	0	0	1
84338	18632	10683.7	25.6	0	143.9	6682	1	334	0	0	1
84438	17919.3	11198	48.1	0	104.9	6692	1	105	0	0	1
84564	18179.3	10400	25.1	0	123.3	6704	1	195	0	0	1
84934	17995.9	10893.2	16.2	0	175.1	6736	1	892	0	0	1
85023	18220.9	10432.4	23.1	0	110.6	6743	1	151	0	0	1
85069	18358.2	10700	20.4	0	149.2	6747	1	314	0	0	1
85229	18300.1	11200.3	11	0	159.7	6761	1	867	0	0	1
85798	17998.4	10858.8	11.4	0	193.5	6809	1	1177	0	0	1
86277	18272.6	10482.3	23.7	0	134.9	6851	1	221	0	0	1
86866	18210.6	10431.9	30.7	0	177.1	6900	1	306	0	0	1
86872	18130.3	10453.9	16	0	145.6	6901	1	511	0	0	1
87462	18539.1	11173.6	40.2	0	110.4	6952	1	112	0	0	1
88302	17834.1	10844.5	24.6	0	175.9	7019	1	346	0	0	1
89187	18036.5	10867.7	41.4	0	177.5	7087	1	241	0	0	1
89216	17992.4	11097.5	20.5	0	183.9	7089	1	523	0	0	1
89320	17889	10712.3	11.8	0	165.6	7099	1	828	0	0	1
90559	17851.5	10584.3	49.1	0	106.9	7200	1	134	0	0	1
90569	17843.8	10611.5	18.7	0	176.9	7201	1	734	0	0	1
90700	18003.2	10689.4	30.6	0	104.4	7211	1	95	0	0	1
90719	18032.8	10734.9	26.5	0	115.5	7212	1	140	0	0	1
90735	18327.6	11325.3	27.7	0	187.1	7213	1	389	0	0	1
91517	17989.8	10496	24.4	0	171.1	7279	1	593	0	0	1
91703	18234.9	10442.2	33.9	0	136.1	7295	1	159	0	0	1
91898	18001.4	10514.2	16	0	124	7311	1	445	0	0	1
92289	18620.6	10671	13.9	0	146.1	7348	1	529	0	0	1
92323	18679.4	10717.2	25	0	176	7351	1	431	0	0	1
92394	18283.2	10483.4	16	0	164.6	7357	1	458	0	0	1
92423	18281	10491.4	20.7	0	174.4	7360	1	476	0	0	1
92498	18261.1	10510.3	14.5	0	142.5	7366	1	382	0	0	1
92522	18275.9	10461.1	17.5	0	156.9	7368	1	420	0	0	1
92574	17864.9	10790.9	26.9	0	195.9	7372	1	474	0	0	1
92638	17900.1	10697.3	30.5	0	147.6	7378	1	389	0	0	1
93003	17829.3	10731.6	22.8	0	195	7407	1	517	0	0	1
93943	18670.3	11120.3	9.4	0	168.5	7488	1	990	0	0	1
93986	18128.5	10826.3	22.8	0	128.2	7492	1	210	0	0	1
94355	18561.4	10583	12.4	0	150	7523	1	636	0	0	1
94758	18295.5	11208.3	21.5	0	141	7560	1	334	0	0	1
95252	18245.7	11181.4	10.6	0	164.3	7600	1	815	0	0	1
95460	17970.4	10598.3	37.9	0	137.4	7620	1	211	0	0	1
95470	18002.7	10595.3	28	0	161.4	7621	1	242	0	0	1
95506	18033.1	10876.8	13.7	0	154.8	7625	1	569	0	0	1
95532	18125.7	10607	24.3	0	140.3	7627	1	232	0	0	1
96059	17888.9	10679.3	19.2	0	180.8	7669	1	419	0	0	1
96596	18661.2	10651.7	23.6	0	164	7715	1	379	0	0	1
97235	18309.1	11223.4	12.2	0	163.8	7770	1	554	0	0	1
97264	18049.8	10913.7	34.6	0	160.2	7772	1	226	0	0	1
97272	18045.4	10861.8	12	0	177.6	7773	1	831	0	0	1
97618	18566	10619.1	10.4	0	146.5	7803	1	742	0	0	1
98029	18369.1	11232.9	27.4	0	184.1	7837	1	329	0	0	1
98063	18627.8	11097.6	23.5	0	156.5	7841	1	246	0	0	1
99750	17797.1	10722.6	22.9	0	139.7	7976	1	244	0	0	1
99860	18360.3	11228.1	27.8	0	159	7984	1	234	0	0	1
100586	18247.8	10487.7	10.2	0	156.9	8047	1	911	0	0	1
100886	18709.5	11072	17.8	0	156.1	8070	1	524	0	0	1
101205	18691.8	10654	19.6	0	151.5	8095	1	474	0	0	1
101216	18661.2	10654.6	21.9	0	140.4	8096	1	212	0	0	1
101278	18640.9	10684.1	11.7	0	161.3	8101	1	695	0	0	1
101519	18598.9	10656.1	20	0	129.2	8121	1	197	0	0	1
101536	18640.1	10647.7	13.9	0	143.5	8122	1	435	0	0	1
101553	18595.5	10625.8	11.2	0	141.5	8123	1	650	0	0	1
101570	18544.2	10621.9	10.2	0	150.5	8124	1	700	0	0	1
101711	18024.4	10424.7	12.1	0	184.3	8137	1	1144	0	0	1
101947	18261.7	10444.3	18.3	0	148.9	8157	1	407	0	0	1
102397	17851.9	11099.3	31.9	0	151.2	8193	1	158	0	0	1
103092	18316.6	11222.8	14.6	0	158.2	8253	1	537	0	0	1
103513	17866.9	11134.9	17	0	177.9	8288	1	538	0	0	1
103523	17887.6	11165.3	12.3	0	168.4	8289	1	785	0	0	1
103880	18105.5	10637.7	32.3	0	123.6	8321	1	139	0	0	1
104832	17951.4	11091.9	20.1	0	160.6	8408	1	406	0	0	1
104950	17867.3	10653	18.2	0	163.7	8420	1	367	0	0	1
105346	17934.9	11179.5	13.8	0	168.6	8451	1	710	0	0	1
105741	18089.8	10433	14.4	0	151.7	8484	1	476	0	0	1
105760	18105.2	10460	9.9	0	179.6	8485	1	1209	0	0	1
105844	18036.3	10578.1	24.1	0	103.3	8492	1	152	0	0	1
106380	18063.3	10709.5	25.8	0	133.5	8535	1	212	0	0	1
106779	18543.7	10538.2	20.2	0	196.1	8568	1	852	0	0	1
107074	17804.6	10694.5	26.7	0	159.6	8590	1	233	0	0	1
107359	17808	10769.4	17	0	174	8612	1	588	0	0	1
107411	17845.4	10781.8	19.1	0	192.2	8616	1	559	0	0	1
107445	17836.7	10760.9	12	0	194.1	8618	1	1431	0	0	1
107452	17819.5	10782.9	15.9	0	186.5	8619	1	794	0	0	1
107514	18318	11222.9	25.1	0	170.2	8623	1	387	0	0	1
107536	18351.7	11237.3	19.3	0	193.6	8624	1	554	0	0	1
107554	18336.7	11263.4	14.1	0	175.6	8625	1	648	0	0	1
107623	18253	10439	17.9	0	171.2	8630	1	451	0	0	1
108032	17806.1	10846.6	32.4	0	142.4	8664	1	217	0	0	1
108050	18375.6	11184.7	20.6	0	173.1	8665	1	387	0	0	1
108060	18363.6	11227.2	16.5	0	169.9	8666	1	439	0	0	1
108143	18321	11239.6	12	0	175.5	8674	1	863	0	0	1
108165	18350.7	11210.4	17.3	0	191.1	8675	1	801	0	0	1
108267	18607.3	11206.2	21	0	137.4	8682	1	342	0	0	1
108476	18098	10756.4	26.1	0	145.3	8700	1	194	0	0	1
108480	18434.4	11317.9	33.3	0	156.2	8701	1	267	0	0	1
108508	18391.3	11318.1	20.7	0	157.9	8702	1	400	0	0	1
108939	18456.7	10417.3	16.5	0	162.1	8738	1	484	0	0	1
108970	17837.5	10793	9.4	0	198.6	8741	1	2287	0	0	1
108984	17819.6	10771.6	26.2	0	190.8	8742	1	416	0	0	1
109468	17781.5	10785.1	32.5	0	114.6	8782	1	115	0	0	1
109487	18237.8	10381.6	25	0	138.1	8784	1	251	0	0	1
109527	18219.1	10395.7	17.2	0	149.6	8787	1	400	0	0	1
109767	18306.8	10487.3	19.5	0	161.3	8806	1	430	0	0	1
109848	18241.5	10486.1	21.1	0	168.7	8813	1	332	0	0	1
109860	18217.7	10471	29.3	0	124.4	8814	1	262	0	0	1
109976	17869.2	10565.3	15.6	0	165.7	8822	1	529	0	0	1
109978	17931.3	10589.2	29.6	0	173.6	8823	1	276	0	0	1
110066	18525.4	10784.6	38.5	0	112.3	8829	1	105	0	0	1
110316	17956.6	11188.1	16.3	0	165.2	8847	1	478	0	0	1
111494	17914.9	10692.4	19.6	0	158.8	8939	1	347	0	0	1
111532	17965.1	10680	15.2	0	198.7	8943	1	1203	0	0	1
111585	18061.8	10491.2	9.7	0	196.2	8946	1	2797	0	0	1
111586	18062.1	10450.3	10.7	0	198.2	8947	1	2468	0	0	1
111756	17776.4	10789.3	21.3	0	190.9	8960	1	546	0	0	1
111981	18677	11103.6	30.9	0	144.6	8973	1	229	0	0	1
112003	17792.1	10723.5	12.3	0	149.2	8974	1	619	0	0	1
113680	18019.7	10855.8	23.6	0	194.2	9109	1	483	0	0	1
113985	17900.5	10722.5	12.7	0	172.1	9133	1	927	0	0	1
114163	18536	10595.1	11.8	0	161.2	9148	1	1334	0	0	1
114871	18184.1	10413.1	29.4	0	108.9	9209	1	107	0	0	1
115035	18131.2	10450.6	18.4	0	147.4	9222	1	302	0	0	1
115226	18591.5	10646.8	26.1	0	113.5	9236	1	125	0	0	1
115314	18611.5	11182.8	24.7	0	114.5	9243	1	157	0	0	1
115710	18038.4	10875.5	15.7	0	160	9272	1	910	0	0	1
115862	18697.7	11096.3	15.8	0	184.1	9282	1	902	0	0	1
115877	18696.9	10999.9	20.3	0	188	9283	1	639	0	0	1
116632	18016.3	10698.1	36.8	0	138	9339	1	171	0	0	1
116664	18563.5	10613.6	13.4	0	133.7	9341	1	467	0	0	1
116727	17905.7	10695.9	18.9	0	156.6	9347	1	399	0	0	1
116789	18289.1	10978.4	16.1	0	170.3	9353	1	473	0	0	1
116994	17829.3	10806.9	14.6	0	189.9	9369	1	1005	0	0	1
117075	17872.2	10779.2	29.4	0	112.6	9377	1	168	0	0	1
117111	18628.3	11067.5	24.9	0	150.8	9380	1	306	0	0	1
117122	18659.8	11093.4	12.9	0	139.6	9381	1	578	0	0	1
117965	18307.2	10431.4	31.7	0	163.1	9448	1	340	0	0	1
117994	18290	10496.1	19.2	0	167.9	9450	1	331	0	0	1
118000	18642.9	10624	23.2	0	156.8	9451	1	266	0	0	1
118047	18682.6	10645.6	20.2	0	141.7	9454	1	267	0	0	1
118317	18127.6	10801.1	17.8	0	176	9479	1	549	0	0	1
118814	17837.7	10661.7	24.9	0	196.6	9516	1	525	0	0	1
118931	17965	11186.2	12	0	163.9	9525	1	738	0	0	1
119343	18298.8	11223	18.2	0	166	9560	1	530	0	0	1
120304	17915.7	10629.6	26.1	0	152.5	9639	1	264	0	0	1
121505	18423.2	11310.1	7.4	0	171	9740	1	2063	0	0	1
121974	18352.8	11259.4	14.5	0	190.8	9777	1	1066	0	0	1
124199	18476.8	10459.2	19	0	171	9963	1	400	0	0	1
124344	18042.3	10687.7	25.9	0	111.1	9973	1	110	0	0	1
124632	18281.3	11330.3	24.5	0	160.2	9996	1	277	0	0	1
124724	17926.7	11153.3	15	0	190	10003	1	1684	0	0	1
124744	17950.8	11163.6	14	0	168.1	10005	1	887	0	0	1
125376	18631	10609.7	19.5	0	190.1	10055	1	555	0	0	1
125394	18603.5	10603.6	8.6	0	178	10056	1	1475	0	0	1
125655	17965.1	11116.3	14.3	0	160.7	10077	1	604	0	0	1
126107	17859.4	10718.8	19.2	0	152.9	10111	1	414	0	0	1
126153	18277.3	10990.8	30.5	0	134.2	10115	1	153	0	0	1
126253	18117.9	10408.9	23.9	0	160.6	10123	1	210	0	0	1
126369	18023.6	10704.6	37.3	0	121.1	10132	1	152	0	0	1
126712	18327.7	11224.5	32.8	0	160.2	10159	1	314	0	0	1
127163	18576.3	10587.3	14	0	152.8	10196	1	605	0	0	1
127337	18333.4	11326.9	19.5	0	168.3	10209	1	439	0	0	1
127390	17809.3	10776.6	13.1	0	175.4	10215	1	808	0	0	1
128075	18043.5	10800.8	27.6	0	176.4	10272	1	296	0	0	1
128116	18669	11099.8	12.7	0	148.9	10275	1	734	0	0	1
129140	18683.9	11117.4	10.5	0	167.4	10359	1	1205	0	0	1
129251	17882.8	10585.4	26.5	0	155.2	10368	1	222	0	0	1
129292	18020.2	10876.7	10.1	0	180.8	10371	1	1466	0	0	1
129409	17891.2	10623.1	14.8	0	186.6	10380	1	729	0	0	1
129574	18103.8	10429.4	11.2	0	138.3	10392	1	665	0	0	1
130356	18001	11222.6	24.1	0	164.3	10455	1	286	0	0	1
130372	17976.2	11208.3	15.7	0	178.1	10456	1	516	0	0	1
130549	18101.3	10676.2	35.3	0	117	10471	1	106	0	0	1
131445	18009	10871.8	36.3	0	182.7	10547	1	275	0	0	1
131744	18672.8	10648.2	29.9	0	140.6	10574	1	123	0	0	1
132065	18656.4	10689.5	20.8	0	199.5	10602	1	443	0	0	1
132361	18382.4	11248.3	14.6	0	189.5	10626	1	1611	0	0	1
132384	18648.5	11143.5	11.3	0	177.3	10628	1	1034	0	0	1
132824	18575.2	10573.7	9	0	152.4	10664	1	1011	0	0	1
133016	18061.1	10851.7	18.6	0	161.4	10680	1	575	0	0	1
133177	18183	10432.2	14.9	0	182.3	10694	1	689	0	0	1
133190	18231.7	10446	13.2	0	170.1	10695	1	664	0	0	1
133206	18252.5	10482.9	16.2	0	153.7	10696	1	412	0	0	1
133538	18189.2	10975.7	23.7	0	196.4	10724	1	401	0	0	1
133946	18480.7	10416.9	26.3	0	177.1	10759	1	407	0	0	1
134656	18443.4	10438	25	0	184.4	10815	1	403	0	0	1
135548	18062.4	10815.8	21	0	153.6	10894	1	300	0	0	1
135574	18042.3	10854.3	13.2	0	146.5	10895	1	576	0	0	1
135765	18187.2	11175.6	23.6	0	184.2	10911	1	366	0	0	1
136128	18353.5	10713.9	11.2	0	140.6	10937	1	599	0	0	1
136439	18295.8	11213.3	13	0	154.5	10962	1	592	0	0	1
136652	18640.5	10614.4	14.3	0	169.9	10981	1	515	0	0	1
136890	18080.4	10528.8	40.3	0	182.4	10999	1	280	0	0	1
137002	17892.5	10681.2	14.4	0	152	11009	1	499	0	0	1
137071	18402.5	11239.6	25	0	180.7	11014	1	366	0	0	1
137084	18362.1	11218.6	24.5	0	160.8	11015	1	249	0	0	1
137092	18320.1	11243	24.8	0	177.1	11016	1	292	0	0	1
138535	18036.5	10890.1	20.2	0	176	11140	1	448	0	0	1
138569	17956.4	11171.8	17.4	0	176.5	11143	1	470	0	0	1
138729	18653.8	11116.6	14	0	136.9	11157	1	444	0	0	1
139113	18067.5	10685	34	0	109	11190	1	104	0	0	1
139127	18040.1	10711.9	24.9	0	106.2	11191	1	117	0	0	1
139175	18297.9	11212.9	18.8	0	127.2	11195	1	309	0	0	1
139239	18167.2	10613	14.5	0	135.7	11201	1	471	0	0	1
139415	17931	10606.4	11.9	0	174	11217	1	881	0	0	1
139813	17952.3	11193.7	13.8	0	166.2	11252	1	527	0	0	1
140014	18114.5	10434.5	27.8	0	127.2	11266	1	145	0	0	1
140128	18447.7	11292.1	17.6	0	188.5	11275	1	937	0	0	1
140487	18372	11305.1	9.4	0	149.4	11302	1	813	0	0	1
140806	17991	11092.3	12.3	0	170.2	11329	1	728	0	0	1
140865	18290.8	11236.3	26.3	0	140.1	11335	1	158	0	0	1
141204	17991.9	10787.7	14.3	0	185.5	11363	1	801	0	0	1
141225	17815.6	10761.6	19.9	0	183.1	11364	1	514	0	0	1
141333	18583.2	10686.1	28	0	166.3	11373	1	284	0	0	1
141579	17906.8	10659	19	0	149.2	11395	1	290	0	0	1
141592	17889.9	10630.2	19.5	0	162.1	11396	1	359	0	0	1
142147	17992.7	10482.4	27.1	0	188.2	11444	1	270	0	0	1
142578	18255.8	10492.8	25	0	159.8	11478	1	267	0	0	1
142593	18227.2	10456.1	30.8	0	172.8	11479	1	307	0	0	1
142603	18283.3	10503.9	19.9	0	171.1	11480	1	335	0	0	1
142784	18055.5	10436.2	29.4	0	139.7	11495	1	209	0	0	1
142836	18079.9	10880.4	22.6	0	180.2	11499	1	444	0	0	1
143753	18272.4	11051.4	18.6	0	181.9	11573	1	465	0	0	1
143769	18301.3	11002.4	20.1	0	168.7	11574	1	508	0	0	1
144669	18661.7	11103.4	18.6	0	141.6	11647	1	246	0	0	1
145505	18228.5	11015.2	13.1	0	174.7	11717	1	816	0	0	1
145508	18205.4	11009.7	9.8	0	182.2	11718	1	1320	0	0	1
145523	18607.9	10592	10.7	0	168.3	11719	1	741	0	0	1
145528	18633.4	10588	9.3	0	167.2	11720	1	1054	0	0	1
145534	18632.2	10546.6	24.6	0	185.2	11721	1	290	0	0	1
145620	18039.7	10869.3	17.9	0	146.4	11729	1	381	0	0	1
146126	18066.9	10433	14	0	178.5	11774	1	855	0	0	1
146488	18046.5	10846	10.4	0	156.2	11806	1	876	0	0	1
146503	18015.5	10839.1	10.5	0	153.6	11807	1	781	0	0	1
146648	18583.2	10588.9	28	0	138.9	11818	1	214	0	0	1
148181	18029.7	10833.2	12.1	0	153.9	11942	1	599	0	0	1
148202	18048.2	10861.4	10.2	0	133.4	11943	1	665	0	0	1
148542	18052.1	10827.9	27.3	0	142.3	11973	1	156	0	0	1
148799	17852.3	10788.1	28.4	0	156.2	11996	1	222	0	0	1
149042	18602	10653	11.3	0	183.1	33	2	2395	0	0	1
149506	18620.4	10669.8	7.3	0	155	126	2	1877	0	0	1
150177	18596.8	10660.3	6.9	0	144.5	282	2	3106	0	0	1
150459	18331.4	10734.7	13.1	0	146.1	348	2	1140	0	0	1
150551	18368	10710.3	13.8	0	133	371	2	492	0	1	1
150824	18361.6	10698.4	8.6	0	153	429	3	1002	0	2	1
150953	18259.2	10695.1	9.8	0	175.8	457	2	2225	0	1	1
151097	18586.5	10669.4	6.5	0	158.3	493	3	2895	0	1	1
151268	18723.1	10688.2	7.2	0	196.2	535	2	2427	0	0	1
151328	18557.8	10682	8.2	0	166.4	548	3	1877	0	0	1
151608	18630.9	10676.8	7.3	0	141.6	619	2	1417	0	0	1
151680	18151.3	10544.9	6.5	0	169.4	637	4	7360	0	0	1
151808	18596.8	10665	13	0	157.5	668	2	752	0	0	1
151906	18511.9	10681.3	9.9	0	188.1	690	2	1328	0	0	1
151916	18346.2	10714.1	12.1	0	170.7	693	2	817	0	2	1
152355	18371.4	10694.6	11.4	0	155.2	795	2	682	0	1	1
152368	18360	10722.6	10.7	0	150.8	798	2	780	0	0	1
152444	18656.1	10669.1	8.2	0	154.8	817	2	1301	0	0	1
152577	18355.2	10716	9.3	0	149.3	849	2	845	0	0	1
152638	18356.2	10698.5	8.4	0	148.3	865	3	1126	0	0	1
152810	18360.8	10707	11.8	0	154.8	907	2	691	0	0	1
153252	18364.7	10711.3	13.2	0	151.3	1022	2	616	0	2	1
153307	17954.3	11180.2	6.8	0	174.4	1033	2	2819	0	0	1
153414	18384	11310.7	7.3	0	148.9	1055	2	1860	0	0	1
153744	18097.2	10455.8	5.7	0	145.7	1157	2	1510	0	0	1
154148	18300.6	11232.8	6.2	0	163.9	1261	2	2294	0	0	1
154398	18184	10370.9	11.1	0	110.7	1327	2	538	0	0	1
154887	18179.1	10416.2	13.9	0	114.4	1454	2	315	0	0	1
155001	18456.4	10430.7	5	0	159.4	1486	4	3167	0	2	1
155072	18218.4	10403.6	6.3	0	154.3	1504	3	1850	0	0	1
155200	17889.1	10677.3	7.7	0	159.3	1540	2	1546	0	0	1
155457	18360.2	11243.3	10.4	0	178.5	1609	2	1025	0	0	1
155734	17882.6	10687.7	8.4	0	174.6	1687	2	1494	0	0	1
156269	18192.8	10383.1	6.5	0	153.5	1831	4	2711	0	1	1
156567	18014.8	10618.9	5.8	0	172.6	1913	5	3736	0	2	1
156583	18013.6	10592.7	8.9	0	187.1	1917	2	1718	0	2	1
156625	18557.8	10591.9	6.1	0	145.2	1927	2	3653	0	0	1
157268	18431.8	10391.5	4.5	0	183	2091	2	2892	0	0	1
157712	17798	10792.1	4.8	0	195.9	2227	2	4880	0	2	1
157903	17811.1	10770.7	5.2	0	192.8	2289	2	4317	0	0	1
158175	18104.9	10435.5	5.3	0	143.1	2354	3	2259	0	0	1
158456	18554.9	10591.3	4.9	0	150	2422	2	3255	0	0	1
158472	18292.7	10456.9	13	0	153.1	2427	2	627	0	0	1
159225	18599.4	10681.9	7.4	0	146.8	2622	2	1086	0	0	1
159296	18608.4	10674	6.1	0	144.9	2638	2	1709	0	0	1
159684	18329.9	11196.8	7.1	0	168.4	2739	2	2485	0	0	1
160156	18647.7	11108.2	5.7	0	152.1	2864	1	1170	0	8	1
160565	18211	10389.4	4.6	0	155.8	2981	5	3215	0	0	1
160734	18308.5	11238.2	10.2	0	145.7	3025	2	678	0	0	1
161041	18300.7	11192	5.8	0	157.9	3107	2	1683	0	0	1
161584	18036.4	10841.9	7.4	0	188.3	3261	2	2045	0	0	1
162039	17875.6	10688.5	8.2	0	172	3378	3	2257	0	0	1
163124	18657.8	11086.4	4.8	0	153.1	3706	4	4781	0	0	1
163255	18670.9	11072.2	6.8	0	153.9	3744	6	3071	0	2	1
163273	18660.5	11104.4	2.9	0	155.3	3750	5	10830	0	1	1
163516	18458.7	10437	10.3	0	173.7	3821	2	729	0	0	1
163559	17971.6	11084.5	6.1	0	155.6	3835	2	1570	0	0	1
163857	18320.3	11238.3	7.2	0	165.8	3914	2	1616	0	1	1
163862	18346.7	11244	6.2	0	180	3915	4	2882	0	1	1
164160	17978	10630.2	9.5	0	179.6	4000	2	1578	0	2	1
164165	17942.4	10618.1	10.1	0	188	4001	2	1818	0	0	1
164791	18165.2	10820.1	10.1	0	154.4	4192	2	710	0	0	1
164980	18647.3	11117.1	8.9	0	155.8	4249	3	1743	0	0	1
165022	17887.5	10623.8	11.2	0	177	4262	2	1022	0	1	1
165059	17893.5	10617.9	9.6	0	185.4	4271	2	1313	0	0	1
165096	17892.4	10626.6	9.3	0	188.5	4280	2	2915	0	0	1
165732	18147.5	10383.3	6.4	0	142.7	4467	5	1668	0	2	1
165852	18100.3	10448.1	8.6	0	147.4	4498	2	993	0	0	1
165897	18032.6	10882.4	7.5	0	181	4513	2	1583	0	0	1
166463	17805.6	10800.9	8.1	0	191.9	4683	2	2479	0	0	1
166663	17973.3	11077.5	7.5	0	175.6	4740	2	1274	0	0	1
167497	18295	11202.2	7.6	0	156	4985	2	1188	0	0	1
167772	18250.6	10464.3	10.2	0	161.9	5057	2	948	0	0	1
167995	18443.4	10428.8	6.5	0	159.1	5111	3	2483	0	1	1
169045	17890.4	10571.4	6.9	0	183.5	5394	2	1926	0	0	1
169616	17897.9	10703.6	6.1	0	169	5553	3	2584	0	0	1
169668	18285.5	11205.2	7.4	0	143.4	5566	2	1090	0	0	1
170033	18291.4	11219.1	8.5	0	147.6	5669	2	785	0	1	1
170892	18105	10446.4	5.1	0	157.1	5900	2	3445	0	0	1
170902	18098.9	10420.5	3.9	0	146.5	5902	4	5650	0	1	1
171302	18309.9	11222.7	6.5	0	138	6011	2	964	0	0	1
171702	18095.4	10420.7	7.4	0	152.8	6122	2	2193	0	0	1
171855	18276.2	10432.7	9.8	0	163.7	6166	2	1006	0	0	1
173003	18143.3	10614.9	4.7	0	160.5	6493	4	3767	0	0	1
173650	18574.6	10593.9	6.9	0	150.1	6679	3	1440	0	0	1
173921	18304.2	11225.5	7.8	0	139.4	6759	3	1465	0	1	1
174958	18675.6	11103.3	2.1	0	153.2	7063	8	19267	0	1	1
175283	18607.4	10674.7	8.3	0	137.4	7166	2	1127	0	0	1
175442	18335.6	11295.1	9.4	0	179.4	7214	2	1217	0	0	1
175936	18634.4	10692.8	9.6	0	152.7	7349	2	889	0	0	1
175973	18265	10472.7	9.1	0	154.9	7358	2	735	0	0	1
175986	18280.8	10466.3	8.3	0	154.4	7361	3	1146	0	0	1
175999	18251.2	10452	8.8	0	157.1	7365	2	836	0	1	1
176852	18151.7	10626.7	7.4	0	170.7	7617	3	2479	0	0	1
177406	17960.5	11087.4	6.9	0	163.3	7791	2	1744	0	0	1
177672	18600.2	10668.8	8.9	0	137.5	7876	2	854	0	0	1
177950	18240.5	10438.7	11.5	0	179.6	7952	2	1046	0	0	1
177994	18347.2	11228.6	12	0	157.5	7962	2	567	0	0	1
178256	18267.6	10470.5	10.2	0	164.3	8048	2	1161	0	0	1
178324	18666.9	11091.1	8.5	0	140.8	8068	2	907	0	0	1
178420	18645.2	10641.3	7.3	0	144	8097	2	844	0	0	1
180338	18339.7	11245.3	8	0	177	8667	2	2154	0	2	1
180347	18340.4	11241.2	7	0	176.4	8671	3	1836	0	3	1
181229	18338	11272.6	11.4	0	186.7	8925	2	844	0	0	1
181285	17907.4	10719	6.2	0	156	8940	3	2290	0	0	1
181447	18013.6	10621.6	14.2	0	148.6	8985	2	428	0	0	1
181961	18559.9	10599.8	4.2	0	149.5	9143	5	6879	0	0	1
183320	17884.9	10713.5	7.9	0	149.7	9512	3	1611	0	0	1
184051	18423.1	11316.4	5.5	0	171.3	9735	2	4351	0	0	1
184289	17810.8	10772.7	6.1	0	184	9802	2	3021	0	0	1
184811	18449.8	10423.4	4.7	0	162	9956	2	3252	0	1	1
184823	18461.4	10409.3	6.3	0	165.2	9959	3	2925	0	1	1
184933	18319.2	11304.1	7.3	0	170.9	9997	2	2494	0	0	1
185164	18575	10599.2	5.7	0	148.9	10057	2	3120	0	0	1
185350	18108.1	10429.9	6.2	0	148.9	10121	2	1365	0	0	1
185651	18338.7	11345	8.3	0	178.1	10208	3	1896	0	2	1
185655	18317.9	11351	6.7	0	165.9	10210	2	1421	0	2	1
186381	17892.6	10609.7	14.3	0	141.7	10429	2	462	0	0	1
186600	18304.4	11319	9.5	0	179.7	10486	4	1547	0	2	1
188106	18641.4	10569.5	8.6	0	157.3	10979	2	788	0	0	1
190048	18271.6	11001.6	6.9	0	171.7	11569	4	1968	0	0	1
190251	18656.5	11083.4	4.2	0	150.5	11627	4	4476	0	0	1
190734	18641.4	11140.9	7.2	0	154.4	11780	2	1277	0	0	1
191340	18041.3	10850.5	5.8	0	141.7	11948	3	1902	0	0	1
191351	18058.4	10868.4	6.5	0	141.8	11951	3	2000	0	0	1
191472	17886	10590.4	5.4	0	149.1	11989	2	1615	0	0	1
Orientation 	1
ROI width 	1005
ROI height 	1005
ROI x1 	17770
ROI x2 	18775
ROI y1 	10360
ROI y2 	11365
1
