Index	X	Y	Precision	SEM	PSF	First_Frame	N_detections	Photons	Intensity	Frames_missing	Channel
1323	17379.8	14567.5	11	0	147	73	1	1013	0	0	1
1339	17365.7	14596.6	10	0	169.5	74	1	2043	0	0	1
1992	17573.1	14476.1	14.9	0	151.9	114	1	825	0	0	1
2017	17564.6	14560.6	20.1	0	145	115	1	602	0	0	1
2028	17551.6	14437.7	10.2	0	132.6	116	1	1297	0	0	1
3208	17703.9	14562.4	15.5	0	155.1	189	1	768	0	0	1
4041	17367.4	14633.7	13.9	0	175.3	242	1	1321	0	0	1
4053	17357.5	14558.6	10.7	0	155.5	243	1	889	0	0	1
5442	17810.4	14981.8	28.9	0	141.8	338	1	275	0	0	1
5807	17493.5	14665.5	17.8	0	195	367	1	621	0	0	1
6080	17668.1	14579.2	25.2	0	150.9	387	1	302	0	0	1
6379	17541.2	14584.1	15.6	0	166	410	1	1104	0	0	1
8366	17415.6	14914.1	17.4	0	180.4	546	1	1336	0	0	1
8802	17420.1	14823.2	21.2	0	154.3	575	1	378	0	0	1
8817	17558.6	14551.2	20.9	0	164.6	576	1	453	0	0	1
8946	17548.8	14589.5	24.8	0	178.9	585	1	607	0	0	1
8980	17853.4	14565.4	13	0	144.7	587	1	544	0	0	1
11092	17540.3	14684.9	13.9	0	153.7	745	1	824	0	0	1
11109	17491.8	14688	23.4	0	194.2	746	1	594	0	0	1
11193	17902.5	14655.4	17.3	0	147.6	752	1	463	0	0	1
11379	17627.6	14548.7	14.2	0	138.9	764	1	507	0	0	1
11391	17608	14570.3	16	0	158.3	765	1	506	0	0	1
12133	17496.6	14652.4	20.9	0	164.2	823	1	346	0	0	1
12889	17821.2	14978.8	10.4	0	170.9	881	1	1252	0	0	1
15927	17646.8	14583.1	17.1	0	175.7	1137	1	877	0	0	1
16829	17509.3	14728.4	13.4	0	162	1209	1	675	0	0	1
16994	17830.3	14303.5	15.7	0	151.8	1222	1	496	0	0	1
17829	17720.5	15016.9	13.8	0	194.3	1286	1	1006	0	0	1
17841	17797.2	14976.8	10.7	0	170.6	1287	1	1190	0	0	1
18104	17603.4	14581.9	19	0	169.1	1308	1	669	0	0	1
18391	17417.4	14877.6	14.4	0	176.7	1332	1	720	0	0	1
18496	17779.2	14948.8	17.5	0	189.7	1342	1	834	0	0	1
18543	17653.2	14861.6	26.9	0	198.1	1346	1	455	0	0	1
18643	17711.2	14911.4	23.2	0	187.5	1355	1	457	0	0	1
18723	17512.7	14902.9	29	0	187.9	1361	1	502	0	0	1
18730	17405.8	14875.6	13.8	0	161.5	1362	1	788	0	0	1
18971	17493.7	14623.5	17.2	0	174.2	1384	1	493	0	0	1
19168	17872	15069.4	22.4	0	167.2	1402	1	411	0	0	1
19193	17837.6	15065.4	23.9	0	180.7	1404	1	612	0	0	1
19225	17626.9	15028.8	27.5	0	191.4	1406	1	590	0	0	1
19331	17497.9	14638.8	15.5	0	156	1415	1	786	0	0	1
19377	17468.6	14667.2	14.8	0	164	1418	1	709	0	0	1
19920	17514.9	14733.3	13.7	0	152.8	1463	1	625	0	0	1
20231	17387.5	14867.9	17.6	0	136.4	1490	1	351	0	0	1
20710	17516.4	14703.5	13.1	0	144.9	1527	1	653	0	0	1
20722	17448.1	14796.8	12.9	0	180.3	1528	1	1148	0	0	1
20786	17433.8	14822.7	24.6	0	198.1	1532	1	417	0	0	1
21163	17855.4	14337.3	13.6	0	141.4	1564	1	863	0	0	1
21245	17545	14684.3	9.4	0	157.7	1571	1	1101	0	0	1
21259	17491.1	14740.9	15.2	0	192.6	1572	1	1384	0	0	1
21410	17542.6	14458.4	11.2	0	153.4	1585	1	991	0	0	1
21505	17535.5	14487.3	29	0	130.6	1592	1	171	0	0	1
22268	18289	14537.3	19.6	0	165	1656	1	387	0	0	1
22276	18265.5	14567.9	19	0	130.4	1657	1	377	0	0	1
22814	17425.2	14915.6	11.4	0	169.1	1704	1	827	0	0	1
23451	17403.8	14652.8	22.8	0	195.3	1760	1	510	0	0	1
23809	18182.4	14984.8	17	0	148.3	1787	1	363	0	0	1
23962	18199.8	14991.1	24	0	139.4	1799	1	221	0	0	1
24365	17816.3	14969.8	14.1	0	158	1832	1	599	0	0	1
24418	17418.9	14635.4	16.4	0	164.4	1837	1	570	0	0	1
24621	17847.4	14580.3	6.4	0	133	1854	1	1307	0	0	1
25489	18307.9	14517.2	6.3	0	166.2	1930	1	2057	0	0	1
25527	18292.3	14497.6	12.8	0	168.9	1933	1	1142	0	0	1
25635	18313.3	14551.7	7.7	0	167.6	1941	1	1882	0	0	1
25695	18319.1	14555.7	15.6	0	162.5	1946	1	1078	0	0	1
25855	17858.2	14985.1	15.1	0	156.4	1959	1	563	0	0	1
26056	17842.1	14569.8	17.1	0	145.8	1975	1	338	0	0	1
26072	17568.8	14449.4	16	0	166.4	1977	1	569	0	0	1
26341	17853.7	14555.4	12.7	0	153.7	2001	1	646	0	0	1
26510	17711.1	14584.1	20	0	186.7	2014	1	447	0	0	1
26959	17490.7	14658	15.4	0	167.2	2054	1	579	0	0	1
27353	18101.8	15046	16.9	0	167.5	2086	1	723	0	0	1
27451	17847.5	14550.1	15.1	0	134.1	2095	1	552	0	0	1
27721	17533.1	14682.2	27.2	0	182.1	2116	1	422	0	0	1
27750	17426	14640.5	29.9	0	195.4	2119	1	455	0	0	1
28100	17843.9	15150.5	36	0	134.2	2147	1	170	0	0	1
28557	17633.4	14772	9.4	0	154.6	2189	1	863	0	0	1
28576	17578.9	14750.6	18.5	0	184.4	2190	1	469	0	0	1
28601	17453.7	14584.8	11.2	0	177.2	2192	1	1003	0	0	1
28733	17561.2	14517.1	20	0	167.2	2203	1	583	0	0	1
29345	18162.9	14988.5	28	0	164	2253	1	284	0	0	1
29481	18179.6	14972.5	12.5	0	167.9	2266	1	865	0	0	1
30285	17762.8	14843.4	35.7	0	177.1	2319	1	409	0	0	1
30302	17823.6	14878.6	28.1	0	199.9	2320	1	530	0	0	1
30314	17829.1	14823.7	31.2	0	183	2321	1	416	0	0	1
30540	17802.8	14861.8	19.8	0	196.7	2336	1	649	0	0	1
31458	17460.4	14751.4	19.7	0	186.5	2406	1	561	0	0	1
31471	17548.9	14662.7	16.1	0	143.1	2407	1	374	0	0	1
31491	17525.3	14693	15.7	0	144.6	2408	1	415	0	0	1
31516	17525.3	14669.5	16.6	0	134.8	2410	1	344	0	0	1
31850	17602.2	14613.3	15.3	0	173.6	2435	1	686	0	0	1
31911	17651.6	14580.3	12.5	0	158	2440	1	747	0	0	1
31940	17534	14450.4	17.2	0	156.7	2442	1	517	0	0	1
31967	17539.6	14414.3	26.3	0	101.5	2443	1	102	0	0	1
32101	17913	14621.2	30	0	162.4	2453	1	292	0	0	1
32558	17521.3	14659.8	30.4	0	171.7	2488	1	376	0	0	1
32884	17357.7	14684.6	32.2	0	128.3	2512	1	161	0	0	1
32895	17386.3	14565.2	17.8	0	143.6	2513	1	469	0	0	1
32917	17393.5	14586.6	13.9	0	194.8	2514	1	847	0	0	1
33056	17775.1	14984.7	22.2	0	190.2	2525	1	801	0	0	1
33073	17814	14977.7	17.8	0	190.3	2526	1	624	0	0	1
33653	17814.4	14950.2	10	0	167.2	2573	1	1190	0	0	1
34034	17563	14526.3	10.6	0	161	2601	1	992	0	0	1
34224	17978.2	14632.3	28.5	0	130	2616	1	229	0	0	1
35022	17498.3	14656.5	30.1	0	162.4	2684	1	283	0	0	1
35245	17500	14630.1	8.3	0	156.2	2703	1	1544	0	0	1
35271	17429.4	14663.1	18.6	0	196.3	2705	1	672	0	0	1
35280	17492.4	14684	10.2	0	166.9	2706	1	1015	0	0	1
35787	17932.8	14564	24.3	0	158.8	2745	1	312	0	0	1
35973	17584.9	14625.9	32.1	0	156.7	2760	1	222	0	0	1
36018	17641.1	14561.7	12	0	155.9	2765	1	781	0	0	1
36040	17637.8	14586.1	15.4	0	161	2766	1	554	0	0	1
36122	17502.4	14639.2	21.6	0	173.3	2773	1	454	0	0	1
36923	17379.5	14774.4	20.4	0	174.2	2836	1	457	0	0	1
37115	17376	14569.3	13.3	0	164.1	2852	1	975	0	0	1
37276	17496	14487.7	16.7	0	161	2864	1	534	0	0	1
38130	17718.8	14316.2	11.7	0	178.1	2932	1	1040	0	0	1
38615	17494.3	14639.8	28.6	0	185.9	2970	1	392	0	0	1
38630	17508.8	14613.9	21.3	0	163.1	2971	1	318	0	0	1
38841	17445.8	14649.9	25.6	0	159.8	2989	1	312	0	0	1
39230	17398.8	14825.2	32.3	0	130.9	3023	1	159	0	0	1
39286	17450.8	14594.2	27.8	0	183.8	3027	1	418	0	0	1
39455	17481.1	14630.5	31.8	0	175.5	3040	1	310	0	0	1
39500	17548.6	14567.1	12.4	0	157.8	3045	1	739	0	0	1
39636	17479	14610.1	37	0	176.5	3055	1	313	0	0	1
41016	17515.5	14628	24.9	0	175.3	3172	1	292	0	0	1
41066	17447.6	14717.3	26.4	0	194.1	3177	1	597	0	0	1
41157	17419.7	14677.9	31.2	0	193.3	3184	1	381	0	0	1
41162	17486.8	14658.5	13.7	0	170.7	3185	1	650	0	0	1
41169	17465.4	14656.1	15.2	0	173.9	3186	1	723	0	0	1
41522	17388.5	14619.8	16.8	0	188.6	3216	1	752	0	0	1
41657	17395.1	14864	29.3	0	170	3228	1	328	0	0	1
41836	17370.2	14598.4	20.7	0	154.4	3243	1	290	0	0	1
42064	17584.6	14768.7	18.5	0	198.2	3262	1	1052	0	0	1
42074	17639.1	14741.1	13.7	0	163.8	3263	1	988	0	0	1
42986	17892.7	14618.8	26.7	0	117.8	3343	1	141	0	0	1
43078	17909.7	14667.2	23.3	0	153.5	3351	1	379	0	0	1
43224	17486.2	14671.1	17.2	0	174.8	3362	1	539	0	0	1
43243	17486.4	14642.8	19.6	0	169.5	3363	1	441	0	0	1
46913	17612.2	14608.3	21.6	0	172.7	3681	1	584	0	0	1
47015	18302.9	14535.9	14.1	0	171	3689	1	622	0	0	1
48346	17357.8	14744.8	23.8	0	187.3	3805	1	413	0	0	1
48620	18144.7	15049.5	9.2	0	148.9	3829	1	1090	0	0	1
49629	17619.4	14542.2	6.8	0	147.9	3916	1	1478	0	0	1
49646	18075.7	15059	20.2	0	157.2	3917	1	457	0	0	1
49720	17867	14307.2	15.1	0	167.2	3924	1	837	0	0	1
50045	18053.6	14565.7	27.2	0	130.8	3954	1	154	0	0	1
50077	18017.6	14514.1	12.5	0	163.4	3957	1	834	0	0	1
50322	17536.3	14570.2	12.5	0	162.7	3977	1	914	0	0	1
51129	17634.6	14772.9	12.2	0	149.2	4049	1	757	0	0	1
51268	18159.1	14983.7	12.2	0	149.5	4060	1	833	0	0	1
51431	17815.6	14337.9	8.6	0	143.2	4075	1	1028	0	0	1
52397	17815.4	14333.8	6.6	0	140.7	4164	1	1443	0	0	1
53954	17972.3	15061.3	21.8	0	192.3	4304	1	516	0	0	1
53974	17951	15088.9	14.7	0	199.7	4307	1	930	0	0	1
53994	17962.4	15135.4	29.9	0	187.4	4308	1	467	0	0	1
54012	17969.3	15067.1	16	0	178.4	4310	1	710	0	0	1
54022	17942.8	15084.7	14.5	0	176.5	4311	1	736	0	0	1
54119	17968.5	15110.9	22.5	0	181.2	4320	1	384	0	0	1
54129	17931.1	15103.5	22.8	0	191.6	4321	1	537	0	0	1
54138	17961.9	15067.7	17.8	0	176.1	4322	1	460	0	0	1
54252	17431.7	14592.8	28.8	0	146.7	4333	1	181	0	0	1
54680	18181.5	15042.1	19.6	0	191.7	4370	1	798	0	0	1
55208	17642.3	14750.9	12	0	139	4415	1	440	0	0	1
55782	18248.9	14592.5	16.3	0	177.7	4465	1	500	0	0	1
55789	18250	14557.6	14.9	0	179.7	4466	1	562	0	0	1
56664	17902.9	14665.4	12.6	0	143.2	4540	1	450	0	0	1
56674	17887.5	14643.6	13.5	0	131	4541	1	373	0	0	1
57845	17412.7	14586.9	12.1	0	145	4641	1	526	0	0	1
58374	17835.5	14975.7	16.9	0	155.1	4691	1	445	0	0	1
58653	17870.8	14568.9	8	0	140.2	4715	1	1412	0	0	1
58701	17591.1	14590	10.8	0	153.6	4720	1	736	0	0	1
58720	17545.1	14655	24.4	0	173.9	4721	1	342	0	0	1
59462	17957.1	14667.4	16.7	0	155.9	4785	1	499	0	0	1
59816	17783.3	15140	24.4	0	185	4818	1	330	0	0	1
59971	18117.1	15065.7	14	0	150.9	4832	1	620	0	0	1
60066	17925	14675.5	18	0	156.2	4839	1	411	0	0	1
60824	17832.3	14595.3	16.5	0	180	4904	1	615	0	0	1
60837	17788.7	14578	11.6	0	160.8	4905	1	707	0	0	1
60848	17715.8	14561.7	10.6	0	173.9	4906	1	930	0	0	1
60863	17583	14551	13.2	0	145.4	4907	1	413	0	0	1
61049	17824.4	14320.5	19.3	0	149.7	4920	1	337	0	0	1
61098	17834.9	14339.1	18.4	0	154.2	4923	1	355	0	0	1
61200	17637.3	14573.4	17.6	0	157.2	4929	1	419	0	0	1
61243	17825	14986.6	19.5	0	178.6	4931	1	510	0	0	1
61578	17805.9	14322	16.9	0	152.3	4953	1	411	0	0	1
62296	18286.3	14549.5	14.9	0	160.8	4999	1	491	0	0	1
62361	17626.1	14517.8	10.7	0	147.1	5003	1	978	0	0	1
62377	17619.9	14541.3	6.9	0	147.9	5004	1	1325	0	0	1
62833	17883.6	14554.1	24.3	0	160.4	5033	1	295	0	0	1
63029	17929.4	14662.5	16.5	0	155.9	5048	1	509	0	0	1
63311	17827.4	14335.8	11.8	0	152.2	5067	1	717	0	0	1
63532	17672.8	14517.7	25.4	0	129.8	5081	1	178	0	0	1
63784	17797.8	14948.7	9.3	0	158.3	5099	1	1366	0	0	1
64021	17917.1	15018.1	15.9	0	151.8	5116	1	522	0	0	1
64115	17389.1	14624.9	20.2	0	172.3	5122	1	348	0	0	1
64640	17602.8	14506.2	12.1	0	149.4	5161	1	641	0	0	1
64692	17646.8	14562.7	12.3	0	141.1	5164	1	621	0	0	1
65522	17520.1	14430.6	20.4	0	143.8	5225	1	360	0	0	1
66056	17550.6	14591	21.1	0	191.6	5260	1	586	0	0	1
66860	17539.5	14622.9	18.5	0	164.6	5315	1	549	0	0	1
66869	17556	14652.1	11.7	0	154.4	5316	1	853	0	0	1
67502	17743.2	14873.4	23.4	0	187.5	5360	1	383	0	0	1
68706	17540.5	14483.7	16.3	0	130.8	5448	1	351	0	0	1
68861	17399.9	14516.5	13.3	0	172	5462	1	609	0	0	1
70294	17603.4	14608.5	25.9	0	178.7	5570	1	299	0	0	1
71038	17816.1	14997.6	17.8	0	149.4	5625	1	364	0	0	1
72416	17875.4	14922.4	19.7	0	167.2	5732	1	395	0	0	1
73365	17636.2	14593.3	18.5	0	146	5807	1	297	0	0	1
74469	17764.8	14359.8	28.6	0	132.1	5893	1	155	0	0	1
74827	17548.2	14421.9	21.7	0	148	5923	1	287	0	0	1
75039	17810.2	14340.1	18.8	0	164.1	5940	1	336	0	0	1
75066	17836.2	14330.6	22.9	0	144	5941	1	258	0	0	1
75109	17800.6	14345.4	20.8	0	130.4	5944	1	219	0	0	1
75284	17534.5	14446.7	17.7	0	173.9	5960	1	447	0	0	1
75313	17536.4	14637.3	13	0	169.7	5962	1	738	0	0	1
75865	17834.7	14992.1	27.1	0	137.8	6004	1	185	0	0	1
76705	17838.6	14988.8	15.1	0	178.6	6067	1	865	0	0	1
79624	17587.2	14600.8	15.6	0	149.2	6300	1	508	0	0	1
79645	17560.4	14595.7	34.1	0	157.3	6301	1	192	0	0	1
79917	17534.9	14690	14.3	0	157.7	6322	1	555	0	0	1
80085	17481.4	14710.9	25.5	0	157.8	6336	1	255	0	0	1
81342	18135	15036.7	7.4	0	144	6439	1	1264	0	0	1
82139	17597.9	14563.9	14.3	0	153.1	6503	1	492	0	0	1
83229	17637.1	14540.3	24.8	0	130.5	6590	1	159	0	0	1
83246	18122.5	15061.1	20.4	0	193	6591	1	645	0	0	1
83430	17820	14968.6	15.7	0	169.5	6604	1	488	0	0	1
84556	17806.6	14991.5	27.9	0	193.4	6703	1	318	0	0	1
84567	17833.5	15019.3	26.5	0	176.8	6704	1	287	0	0	1
84629	18157.9	14976.7	14.2	0	150	6710	1	597	0	0	1
84641	18091.2	14962.7	22.1	0	185.6	6711	1	449	0	0	1
85140	17812.4	14985.9	24.1	0	174.1	6752	1	371	0	0	1
85606	17597.6	14576.3	29.1	0	181.1	6792	1	508	0	0	1
85914	17914.8	14684.8	27	0	163.3	6818	1	247	0	0	1
85935	17918.4	14638.7	27	0	158.5	6819	1	295	0	0	1
86570	17512.3	14694	14.8	0	148.5	6877	1	434	0	0	1
86589	17530.9	14705.9	13.4	0	146.8	6878	1	443	0	0	1
86598	17768.6	14569.9	21.7	0	198.9	6879	1	673	0	0	1
87134	18007.7	14977.6	8.6	0	187.8	6925	1	1408	0	0	1
87182	18021.2	14994.4	13.2	0	183.8	6928	1	1003	0	0	1
87498	18157.8	15009	11.3	0	159.9	6957	1	927	0	0	1
87578	17543.7	14525.1	27.5	0	161.8	6963	1	248	0	0	1
88092	17668.3	14827.7	10.1	0	189.4	7002	1	1185	0	0	1
89311	18047.9	14977.6	11.4	0	179.1	7098	1	1028	0	0	1
89323	18027.8	15003.8	14.7	0	171.2	7099	1	737	0	0	1
89347	18043	14957.6	22.8	0	185.8	7100	1	439	0	0	1
89389	17459	14384.1	11.8	0	155	7103	1	759	0	0	1
89681	17494.6	14608.3	10.2	0	149.3	7126	1	635	0	0	1
89855	17994.8	14677.4	12.2	0	176.2	7142	1	646	0	0	1
89876	18005	14713.3	32.6	0	155.3	7143	1	196	0	0	1
90548	17414.9	14582.7	10.6	0	147	7199	1	691	0	0	1
91624	18045.4	15080.2	22.8	0	161.5	7289	1	446	0	0	1
92658	17555.6	14437.9	10.6	0	150.7	7380	1	677	0	0	1
93219	17563.4	14627.5	9.8	0	198	7423	1	1776	0	0	1
93246	17597.9	14659.7	11	0	193.1	7426	1	1120	0	0	1
93253	17564.4	14625.2	13	0	185.2	7427	1	909	0	0	1
93381	17824.8	14966	17.9	0	153	7439	1	330	0	0	1
93399	17796.1	14999.2	19.3	0	172.2	7440	1	410	0	0	1
93408	17796.9	14977.9	9.8	0	153.2	7441	1	831	0	0	1
93549	17564.7	14549.2	14.3	0	143.5	7453	1	398	0	0	1
93604	17510.5	14610.2	12.8	0	166.5	7457	1	674	0	0	1
93922	18130.9	15026.1	16.1	0	166	7487	1	487	0	0	1
94022	17531.1	14461.1	24.6	0	131.8	7495	1	296	0	0	1
94864	17514.3	14323.2	23	0	174.3	7570	1	341	0	0	1
95404	17812.2	14790.5	26	0	196.2	7616	1	585	0	0	1
96611	17777.1	14604.9	27.1	0	170	7717	1	299	0	0	1
96851	17870.2	14978	12.8	0	150.8	7739	1	556	0	0	1
96916	17879.5	15088.7	18.4	0	179.6	7744	1	384	0	0	1
96928	17901.8	15086.6	15.8	0	199.7	7746	1	937	0	0	1
97035	17829.3	15067	22.8	0	177.5	7755	1	331	0	0	1
97080	17879.7	15104.3	30.6	0	181.6	7758	1	279	0	0	1
97123	17869.9	15095.7	22.4	0	179.1	7762	1	352	0	0	1
97459	17816.4	14311.5	33.7	0	181.4	7789	1	252	0	0	1
97596	17628.6	14597.8	22	0	149.6	7801	1	268	0	0	1
98066	17637.8	14750.9	19	0	143.7	7841	1	296	0	0	1
98075	17660	14717.6	18.3	0	148.9	7842	1	340	0	0	1
98915	17833.4	14549.9	29.3	0	151.6	7911	1	199	0	0	1
98924	17844.9	14569.9	9.8	0	137.4	7912	1	702	0	0	1
100033	17786.9	14340	22.6	0	134.3	8000	1	218	0	0	1
100353	17559.2	14528.6	17.8	0	159.2	8027	1	368	0	0	1
100521	18107.3	15058.7	7.7	0	152	8042	1	1312	0	0	1
100801	17944.4	15066.7	22.8	0	151.9	8064	1	353	0	0	1
100864	17885.3	15035.3	17	0	153.4	8068	1	469	0	0	1
103447	17708.5	14524.2	16.7	0	145.8	8283	1	452	0	0	1
103910	17806.1	14574.6	20.8	0	135.3	8323	1	242	0	0	1
105305	17867	15010.2	21.7	0	146.3	8447	1	228	0	0	1
105554	17447.3	14598.3	31.9	0	145.6	8469	1	236	0	0	1
105582	17438.6	14641.3	36.9	0	181.6	8472	1	277	0	0	1
105879	17537.4	14642.4	10.4	0	149.2	8496	1	896	0	0	1
106078	17518	14612.5	14.9	0	148.4	8512	1	451	0	0	1
106522	18145	15026	10.7	0	143.3	8546	1	660	0	0	1
106720	17837.3	14347.3	12.3	0	146.2	8563	1	700	0	0	1
106730	17825.8	14328.3	10.8	0	138.6	8564	1	508	0	0	1
106744	17582.4	14539.3	15.4	0	164.9	8566	1	524	0	0	1
107551	17871.7	14576.6	13.6	0	151.4	8625	1	534	0	0	1
107563	17841.9	14570.2	14.6	0	137.2	8626	1	403	0	0	1
107823	17884.6	14970.9	16.5	0	147.9	8646	1	503	0	0	1
107961	17567.1	14711	16.8	0	161.8	8658	1	365	0	0	1
107981	17529.3	14717	24.5	0	190.9	8659	1	354	0	0	1
107987	17558.9	14685.8	26.1	0	137.5	8660	1	173	0	0	1
108327	18265.6	14582.5	30.6	0	182.7	8687	1	287	0	0	1
108555	17425.1	14591.4	12.6	0	167.7	8707	1	784	0	0	1
109005	17634.8	14543.6	15.7	0	196.9	8743	1	828	0	0	1
109016	17596.7	14532.9	33.1	0	183.5	8744	1	451	0	0	1
109100	18310.8	14547.8	27.2	0	148.8	8751	1	198	0	0	1
109170	17787.7	15057.8	32.6	0	183	8756	1	303	0	0	1
109214	17731.1	14527.8	15.1	0	169.4	8761	1	498	0	0	1
109453	18149.6	15010.1	19.9	0	153	8781	1	282	0	0	1
109773	17537.8	14721.4	18.7	0	158.6	8806	1	296	0	0	1
109782	17541.3	14693.3	21.7	0	149.4	8807	1	271	0	0	1
110586	17447.9	14583.6	22.5	0	154	8870	1	304	0	0	1
111552	17556.4	14461.6	9.5	0	156.5	8944	1	938	0	0	1
112209	17834.7	15042.1	15	0	178.8	8990	1	1210	0	0	1
113069	17792.1	14320.3	21.5	0	133.7	9063	1	282	0	0	1
113924	17600.8	14552.5	17.9	0	156.7	9129	1	448	0	0	1
114122	17885.2	15078.2	20.2	0	195.4	9145	1	420	0	0	1
114848	17836.5	15103.5	25.6	0	154.6	9207	1	280	0	0	1
114900	17854.6	15065.8	23.4	0	168.3	9212	1	237	0	0	1
115170	17504.6	14701.5	16.6	0	156.9	9232	1	391	0	0	1
115347	17417.8	14794.1	24.5	0	158.9	9245	1	243	0	0	1
115352	17526.9	14724.8	22.2	0	176	9246	1	356	0	0	1
115767	17820.8	14330.9	8.3	0	131.2	9275	1	825	0	0	1
115808	17843.2	14316.7	35	0	137.1	9278	1	132	0	0	1
116344	18288.3	14537.3	14.3	0	164.3	9318	1	491	0	0	1
116408	18274.6	14541.4	18.4	0	161.3	9322	1	444	0	0	1
116426	18282.3	14561.4	18.6	0	172.3	9323	1	566	0	0	1
116520	18160	15010.4	8.8	0	151.9	9330	1	1126	0	0	1
116589	18315.9	14513.4	19	0	144.4	9335	1	345	0	0	1
116604	18292.3	14542.6	16.5	0	163.6	9336	1	536	0	0	1
116728	17858.2	14551.6	13.6	0	146.5	9347	1	547	0	0	1
116823	17559.7	14529.2	12.9	0	135.2	9356	1	432	0	0	1
116985	17575.9	14524	17.3	0	133.9	9369	1	328	0	0	1
117305	17632.3	14596.1	30.9	0	154.6	9396	1	327	0	0	1
117473	17654.2	14520.5	20.6	0	143.6	9410	1	242	0	0	1
117841	17528.5	14602.8	24.5	0	135.8	9440	1	164	0	0	1
117857	17491.4	14652.6	37.1	0	166	9441	1	199	0	0	1
118008	17598	14548.9	16.3	0	146.8	9451	1	389	0	0	1
118336	18126.5	15044.6	15.6	0	151.3	9480	1	397	0	0	1
118507	17519.5	14682.3	32.6	0	132.5	9494	1	124	0	0	1
119384	17927.3	15031.5	32.6	0	141	9564	1	217	0	0	1
119807	18119.5	15012	16.9	0	159.9	9600	1	415	0	0	1
121027	17854.1	15024.2	13.3	0	164.2	9704	1	630	0	0	1
121036	17873.2	15037.8	16.7	0	168.9	9705	1	619	0	0	1
121476	17745.9	14613.9	29.9	0	183.6	9738	1	305	0	0	1
121654	18111.7	15028.9	15.2	0	149	9752	1	366	0	0	1
121661	18135.2	15048.9	26.2	0	143.7	9753	1	197	0	0	1
121715	17582.1	14563.5	23.2	0	138.1	9758	1	230	0	0	1
122452	18146	15029	10.8	0	135.9	9816	1	579	0	0	1
122468	18152.1	15055.3	24.7	0	191.4	9817	1	554	0	0	1
123155	17589.1	14683.4	38	0	169.2	9878	1	273	0	0	1
123189	17998.9	14667.8	29	0	190.1	9880	1	333	0	0	1
124114	17541.6	14634.5	9.2	0	173.7	9957	1	1094	0	0	1
124805	17431.7	14532.6	19.1	0	187.4	10011	1	520	0	0	1
124839	17855.7	14534.8	11.5	0	146.9	10013	1	672	0	0	1
124866	17839.3	14570.1	18.4	0	153.6	10015	1	368	0	0	1
124938	17483.2	14680.5	20	0	160.7	10021	1	381	0	0	1
124961	17533.2	14656.8	10.4	0	162.1	10023	1	1782	0	0	1
125539	17850.4	14555	22.2	0	163.6	10066	1	308	0	0	1
126163	17598.7	14554.7	21	0	128.6	10116	1	237	0	0	1
127256	17554.5	14545.6	13.7	0	135.2	10204	1	415	0	0	1
127286	17566.4	14517.8	20.2	0	132.1	10205	1	258	0	0	1
128065	17567.9	14637.2	17.8	0	187.2	10271	1	494	0	0	1
128105	17590.4	14613.1	22.8	0	175.4	10274	1	409	0	0	1
128648	17627.2	14531.2	10.8	0	165.6	10318	1	913	0	0	1
128839	17501.7	14541.7	31.8	0	118.4	10334	1	101	0	0	1
129276	17823.1	15013	25.2	0	175.9	10370	1	390	0	0	1
129288	17863.3	15000.3	28.7	0	158.9	10371	1	190	0	0	1
129348	18007.8	14555.1	25.2	0	192.6	10376	1	439	0	0	1
129495	17608.1	15074.4	28.6	0	186.1	10386	1	283	0	0	1
129820	17590.3	14704.1	15.3	0	170.5	10410	1	975	0	0	1
129828	17859.5	14970.4	22.3	0	149.9	10411	1	282	0	0	1
129986	17419.5	14589.1	11.3	0	158.5	10423	1	741	0	0	1
130437	18142.4	15070.5	26	0	155.5	10462	1	219	0	0	1
130515	17587.4	14552	34	0	154	10467	1	174	0	0	1
130519	17549	14551.7	29.1	0	145.1	10468	1	177	0	0	1
131044	17543.9	14446.7	12.8	0	150.2	10512	1	509	0	0	1
131503	17608.5	14555.5	27	0	128.5	10552	1	211	0	0	1
131640	17434.3	14403.8	18.2	0	193	10564	1	643	0	0	1
132352	17589.4	14531.9	13	0	163.7	10625	1	722	0	0	1
132520	17551.7	14530.3	19.8	0	148.7	10639	1	350	0	0	1
132738	17534.5	14532.6	23.1	0	157.6	10658	1	242	0	0	1
132898	17813.2	14328.3	8.1	0	144.4	10671	1	1048	0	0	1
133366	17567.2	14678.2	28.5	0	143.9	10711	1	191	0	0	1
133379	17533.5	14694.8	18.3	0	169.7	10712	1	425	0	0	1
133439	17372	14559.9	15.3	0	174.7	10717	1	532	0	0	1
133778	17654.9	14572.6	24.3	0	121.7	10746	1	136	0	0	1
133784	17631.8	14567.1	17.8	0	141	10747	1	301	0	0	1
134666	17855.2	14338.4	21.8	0	158.2	10816	1	386	0	0	1
136340	17423.1	14610.8	32	0	141.2	10953	1	174	0	0	1
136810	17646.5	14572	11.8	0	146.5	10993	1	575	0	0	1
138553	17527.5	14562.9	24.7	0	171.4	11142	1	339	0	0	1
138675	18049.3	14546.4	28.7	0	128.7	11152	1	142	0	0	1
138849	17632.7	14590.6	18.3	0	176.4	11168	1	527	0	0	1
139083	17594.4	14631.1	21.7	0	164.4	11188	1	358	0	0	1
139219	17563.5	14585.3	27.6	0	119.9	11199	1	119	0	0	1
139225	17567.1	14536.2	15.9	0	148.2	11200	1	356	0	0	1
140688	17654.6	14561.6	18.6	0	177.1	11318	1	540	0	0	1
140702	17562.7	14603	25.7	0	157.9	11320	1	255	0	0	1
140870	17529.6	14637	29.9	0	159.1	11335	1	214	0	0	1
140879	17576.2	14595.1	15.7	0	175.2	11336	1	609	0	0	1
141010	17716.3	14525	22.7	0	151.3	11347	1	269	0	0	1
141049	17723.2	14498.3	20	0	148.2	11349	1	262	0	0	1
141349	17699.3	15031.5	36	0	172.9	11375	1	205	0	0	1
142667	17509.8	14623	12.2	0	163.2	11485	1	712	0	0	1
143791	17820.1	14344.2	11.9	0	137.2	11576	1	781	0	0	1
144342	17568	14592.8	12.6	0	137.3	11621	1	514	0	0	1
144552	18191.7	14981.2	10	0	139.3	11638	1	706	0	0	1
144576	18168	14971.6	15.7	0	136.4	11639	1	317	0	0	1
144581	17886.4	14990.9	27.8	0	185.5	11640	1	359	0	0	1
144624	17911.9	14988.2	15.7	0	199.3	11643	1	878	0	0	1
144955	17916.9	14864.2	18.2	0	185.6	11672	1	754	0	0	1
144969	17895.3	14865.9	14.6	0	171	11673	1	637	0	0	1
146507	18202.5	15004.7	29.2	0	150.9	11807	1	204	0	0	1
146524	18198.8	14956.9	19.1	0	156	11808	1	318	0	0	1
146554	18180	14971.1	12.2	0	154.9	11810	1	606	0	0	1
148194	17651.8	14541.4	15.1	0	149.1	11942	1	484	0	0	1
148228	18014	14994	20.1	0	197.8	11946	1	585	0	0	1
148252	18049.1	15019.6	25.4	0	193.5	11948	1	416	0	0	1
148306	18016.3	14976.7	19.5	0	183.3	11952	1	509	0	0	1
148325	17999	14993.4	18.8	0	192.2	11953	1	531	0	0	1
148354	18005	14962.5	17.3	0	197.1	11956	1	492	0	0	1
150056	17593.4	14535.3	4.6	0	143.2	251	3	6337	0	0	1
150191	17628.3	14581.6	6.9	0	169	285	2	2338	0	0	1
150731	17564.7	14544.7	4.1	0	145.4	408	2	3471	0	0	1
151974	17614.7	14544.6	7.9	0	144.2	704	2	1029	0	0	1
152142	17521.6	14700.4	6	0	178.1	741	4	4268	0	0	1
153790	17852.4	14595.8	7.6	0	157.7	1167	2	1781	0	0	1
154308	17629	14579.2	6.8	0	156.9	1306	2	1471	0	0	1
155030	17847.1	14564.6	7	0	148.1	1493	2	1530	0	0	1
155071	17957.2	14591.5	9.3	0	171.7	1504	2	1261	0	0	1
155081	17926.9	14627.2	11.1	0	185	1506	2	1075	0	0	1
155295	17840.8	14323.9	2.6	0	144.5	1565	3	5335	0	1	1
155601	17599.2	14552.5	7.4	0	162.6	1649	5	10185	0	0	1
156560	18284.7	14536.9	4.8	0	157.4	1912	3	2484	0	0	1
156580	18298.2	14529.5	4.9	0	156.6	1916	3	3389	0	11	1
156636	18292.9	14539.4	3.2	0	163	1931	6	7709	0	2	1
156682	18291	14540.8	3.7	0	157.8	1942	4	5498	0	0	1
157443	17914.4	15032.4	10.9	0	188.5	2148	2	1073	0	0	1
157611	17434.9	14632.1	10.3	0	187.1	2195	2	1049	0	0	1
157649	17499.7	14653.5	10.3	0	171.1	2206	2	891	0	0	1
158061	17823.3	14860.5	7.5	0	189.9	2326	3	2408	0	1	1
158085	17834.4	14849.8	8.7	0	198.7	2333	2	1858	0	1	1
158395	17513.2	14710.4	8.2	0	155.9	2409	2	993	0	1	1
158413	17495.6	14689.4	12.4	0	156.4	2412	2	737	0	0	1
158521	17624.1	14584.8	8.3	0	147.9	2439	2	1099	0	1	1
158556	18184.7	14980.2	4.7	0	172.2	2446	3	13950	0	0	1
159901	17484.6	14627.3	5.7	0	167.6	2795	2	1777	0	0	1
160091	17375.8	14602.5	9.4	0	177	2848	2	1725	0	2	1
160396	17728.7	14355.3	10.5	0	180.7	2931	2	1403	0	1	1
161284	17476.7	14653.3	8.6	0	165.1	3174	4	2775	0	2	1
162715	17553.5	14466.1	9	0	142.8	3592	2	1143	0	0	1
162991	17559.9	14546.6	7.5	0	149.2	3668	2	1151	0	0	1
163078	18282.6	14549.2	5.3	0	163.9	3690	4	3823	0	1	1
163793	17814.4	14978	5.9	0	157.9	3896	4	3097	0	0	1
164012	18026.8	14491.6	6.9	0	158.9	3955	2	1985	0	0	1
164338	17820.8	14323.4	2.6	0	146.4	4046	2	5380	0	0	1
164526	18150	15038.5	3.3	0	144	4102	4	7349	0	0	1
164834	17843.8	14579.6	6.2	0	143	4203	3	1784	0	0	1
165130	17953	15066.2	6.9	0	192.1	4291	4	2701	0	2	1
165196	17959	15055.3	10.7	0	187.6	4314	2	1021	0	0	1
165676	17857.6	14574.5	5.2	0	149.2	4449	2	3378	0	0	1
165804	18180.6	14987.8	7.2	0	156.6	4485	2	3555	0	0	1
166170	17745.8	14606.5	11.7	0	170.1	4600	2	856	0	0	1
166330	17916	14669	7	0	157.3	4648	2	1251	0	0	1
166335	17863.2	14591.5	9.6	0	148.7	4650	2	793	0	0	1
166568	17857.3	14585.6	5.1	0	149.6	4714	3	2804	0	1	1
166785	17824.1	14982.4	6.3	0	153.4	4778	2	1536	0	0	1
166793	17931.4	14660.6	3.4	0	152.2	4782	3	4162	0	0	1
166917	17802.4	15155.8	10.1	0	169.8	4816	3	1033	0	1	1
166967	18119.6	15049.2	6.2	0	144.5	4830	2	1277	0	0	1
167276	17824.9	14343.9	11.9	0	150.7	4921	2	761	0	0	1
167318	17848.2	14993	9.2	0	173	4932	2	1318	0	0	1
168028	17411.7	14615.3	6.6	0	161.1	5120	2	1308	0	0	1
168457	17824.5	14971.2	4.3	0	152.8	5236	3	4584	0	0	1
169503	17814	14335.3	4.6	0	139.5	5520	3	2953	0	0	1
169548	17819.6	14345.3	8.6	0	141.8	5534	2	937	0	0	1
170187	17457.4	14372.3	4.8	0	151.4	5710	3	2220	0	0	1
170715	18152.1	15040.8	5.2	0	138.9	5850	3	3124	0	0	1
171053	17807	14311.6	10.6	0	147.3	5942	2	611	0	0	1
171131	17552	14623.3	6.8	0	185.4	5964	3	2160	0	0	1
172086	17932.1	14664.7	10.1	0	150.8	6233	2	724	0	0	1
172421	17517.7	14690.1	2.9	0	147	6328	7	8822	0	1	1
172796	18176.5	15046.1	9.2	0	177.2	6437	2	1418	0	0	1
173049	17804.5	14317.3	5.1	0	139.3	6506	2	1772	0	0	1
173367	18181.9	14970.8	5	0	163.3	6592	3	2879	0	0	1
173891	17836.8	15009.9	8.8	0	150.8	6750	2	653	0	0	1
174247	17521.7	14700.8	8.5	0	144.5	6850	2	821	0	0	1
174326	18150.5	15033.6	6.5	0	153.3	6873	2	1169	0	0	1
174469	17835.5	14552.6	6.9	0	148	6917	3	2350	0	0	1
174505	18024.7	14963.3	6.6	0	186.6	6924	3	2685	0	1	1
175087	17461.2	14360.8	7.4	0	155.4	7104	2	1200	0	0	1
175317	17549.1	14435.8	6.5	0	145.3	7176	2	1664	0	0	1
175478	17651.1	14753.5	8.1	0	160.8	7224	2	1452	0	0	1
175692	17548	14433.6	10.3	0	160.4	7282	2	791	0	0	1
175718	18068	15070.1	6.2	0	150.5	7290	2	1548	0	0	1
175734	17556.1	14672.2	3.9	0	161	7295	4	4042	0	0	1
175843	17818.1	14322.5	5	0	140.9	7322	2	3008	0	1	1
176672	17546.3	14303.6	7.7	0	184.2	7571	3	1638	0	1	1
176701	17501.2	14313	9.9	0	191.3	7578	2	1217	0	0	1
177602	17632.9	14532.7	10.4	0	147.9	7853	2	608	0	0	1
177688	17362.6	14575.3	9.5	0	168.5	7880	2	1059	0	0	1
178109	17829.4	14322.6	3.5	0	140.3	7998	2	2555	0	0	1
178309	17924.9	15024.7	5.5	0	154.4	8065	3	2142	0	0	1
178591	17802.5	14967.1	9.6	0	154.9	8153	2	910	0	0	1
179527	17820.9	14332.3	3.1	0	135.8	8430	4	3699	0	0	1
179587	17868.9	14978.8	9.7	0	156	8448	2	807	0	0	1
179665	17495.8	14618.9	9.9	0	161.1	8470	2	981	0	0	1
179838	17822.3	14331.5	4.4	0	130.1	8515	3	2192	0	0	1
179978	17619.4	14545	4	0	147.4	8559	2	2557	0	0	1
180254	17877.2	14953	5.2	0	155.9	8642	4	2301	0	0	1
180282	17634	14582.3	8.5	0	138.1	8649	2	819	0	0	1
181616	17825.1	14330.1	3.2	0	139.7	9041	2	3277	0	0	1
181674	17813.5	14338	8.5	0	134.2	9061	2	821	0	0	1
182484	17831.7	14372.7	5.1	0	157.1	9276	2	1855	0	0	1
182681	18140.6	15053.8	9.7	0	150.2	9329	2	1131	0	1	1
183213	18150.2	15040.7	3.4	0	144.4	9477	3	3931	0	0	1
183249	17519.5	14711.7	11.2	0	160.3	9491	2	684	0	0	1
184066	17430.3	14566.8	8.8	0	185.5	9740	2	1689	0	0	1
184252	17938.5	14653.5	8.9	0	155.4	9791	2	785	0	0	1
184391	17579.7	14538.9	6.8	0	154.8	9840	2	1175	0	0	1
185036	17510.7	14632.3	6.2	0	154.7	10022	2	2952	0	1	1
185166	17549.1	14525.9	5.7	0	149.6	10059	2	2205	0	0	1
185673	17822.2	14328.4	5.8	0	139.1	10215	3	1776	0	0	1
185873	17570.3	14625.5	8.7	0	181.4	10272	2	1748	0	0	1
185905	17555.5	14446.9	5.4	0	152.3	10281	2	1685	0	0	1
185923	18113.8	15059.4	3.6	0	152.4	10289	5	5813	0	0	1
185997	17595.5	14531.8	6.6	0	154.1	10317	3	2034	0	1	1
186190	18140.6	15050.5	5.7	0	148.9	10378	2	1796	0	0	1
186284	17839.3	14570.2	3.6	0	148.7	10402	2	3249	0	0	1
186308	17555.4	14676.5	5.5	0	162.4	10408	2	2143	0	0	1
186427	17642.3	14583	9.2	0	135.2	10440	2	530	0	0	1
186487	17467.9	14578.6	8	0	175.4	10455	2	1815	0	0	1
186942	17629.3	14573.1	6.8	0	145.8	10596	3	1644	0	0	1
186970	17840	14570.3	8.2	0	163.6	10606	2	1164	0	0	1
188518	17488.8	14623.9	9.8	0	149.8	11111	2	659	0	1	1
189133	17428.1	14592.4	6	0	153	11308	2	1487	0	0	1
189945	17913.6	15026.1	10.2	0	169	11538	2	763	0	0	1
190381	17879.1	14840.4	8	0	139.1	11667	2	1377	0	0	1
190387	17876.4	14827.2	7.1	0	149.4	11669	3	2029	0	0	1
190431	17814.9	14327.6	5.1	0	145.8	11684	3	2724	0	0	1
191193	18209.3	14976.7	7	0	150.6	11913	2	1149	0	0	1
191393	17482.8	14803.5	9.9	0	151.7	11966	2	1021	0	0	1
191469	17820.3	14329	4.7	0	145.2	11988	2	1569	0	0	1
Orientation 	1
ROI width 	1005
ROI height 	1005
ROI x1 	17350
ROI x2 	18355
ROI y1 	14170
ROI y2 	15175
1
